# NaN NaN NaN ;Mean Elev.(m), Avg Gradient(m/km), RMS Gradient(m/km) - SRTM1     
#   43.098  -2.118  15.407 ;Mean Elev.(m), Avg Gradient(m/km), RMS Gradient(m/km) - ASTER GDEM
#    4.209  -1.791   4.832 ;Mean Elev.(m), Avg Gradient(m/km), RMS Gradient(m/km) - GMTED2010 
   1    14.537 54666.43642369 32.51  65.210900  63.424034 24.094 -100.00 -100.00 -100.00
   1    14.425 54666.43642428 29.77  65.216162  63.422874 14.311 -100.00 -100.00 -100.00
   1    14.525 54666.43642487 29.10  65.221424  63.421714 14.310 -100.00 -100.00 -100.00
   1    14.399 54666.43642546 37.07  65.226685  63.420554   -100 -100.00 -100.00 -100.00
   2    14.389 54676.35206823 27.92  65.211658  63.424687 11.320 -100.00 -100.00 -100.00
   2    13.820 54676.35206882 28.28  65.216921  63.423527 14.340 -100.00 -100.00 -100.00
   2    13.723 54676.35206941 28.45  65.222182  63.422367 14.804 -100.00 -100.00 -100.00
   2    13.515 54676.35207000 34.99  65.227444  63.421207   -100 -100.00 -100.00 -100.00
   3   -27.574 54686.26771192 14.42  65.217617  63.425275  2.667 -100.00 -100.00 -100.00
   3   -67.604 54686.26771251 12.25  65.222879  63.424115 10.667 -100.00 -100.00 -100.00
   3   -98.342 54686.26771310  6.04  65.228141  63.422955  2.313 -100.00 -100.00 -100.00
   3   -95.892 54686.26771369  6.60  65.233402  63.421794  2.418 -100.00 -100.00 -100.00
   4    14.869 54696.18335379 27.58  65.221538  63.426082  9.336 -100.00 -100.00 -100.00
   4    12.938 54696.18335438 29.16  65.226800  63.424921 14.577 -100.00 -100.00 -100.00
   4    12.906 54696.18335497 32.85  65.232061  63.423761 24.231 -100.00 -100.00 -100.00
   4    12.946 54696.18335556 36.99  65.237322  63.422600   -100 -100.00 -100.00 -100.00
   5   -92.013 54706.09899346  5.31  65.220890  63.425941  2.022 -100.00 -100.00 -100.00
   5   -89.417 54706.09899405  6.32  65.226152  63.424781  3.321 -100.00 -100.00 -100.00
   5   -86.721 54706.09899464  6.30  65.231414  63.423621  2.493 -100.00 -100.00 -100.00
   5   -83.975 54706.09899523  6.46  65.236675  63.422460  2.322 -100.00 -100.00 -100.00
   6    14.471 54716.01464500 29.11  65.210564  63.424996 10.850 -100.00 -100.00 -100.00
   6    13.627 54716.01464559 28.44  65.215826  63.423836 12.406 -100.00 -100.00 -100.00
   6    13.913 54716.01464618 26.10  65.221088  63.422676  8.515 -100.00 -100.00 -100.00
   6    13.335 54716.01464677 30.05  65.226349  63.421516 16.863 -100.00 -100.00 -100.00
   7   -61.470 54725.93029497 11.46  65.208337  63.422189  5.497 -100.00 -100.00 -100.00
   7   -60.343 54725.93029556  8.85  65.213598  63.421029  3.883 -100.00 -100.00 -100.00
   7   -59.295 54725.93029615  7.93  65.218860  63.419869  2.580 -100.00 -100.00 -100.00
   7   -58.216 54725.93029674  8.05  65.224120  63.418709  2.813 -100.00 -100.00 -100.00
   8    10.504 54735.84594284 47.94  65.205991  63.421264   -100 -100.00 -100.00 -100.00
   8    10.433 54735.84594343 50.25  65.211252  63.420104   -100 -100.00 -100.00 -100.00
   8    10.104 54735.84594402 44.13  65.216513  63.418944   -100 -100.00 -100.00 -100.00
   8    12.709 54735.84594461 41.11  65.221773  63.417783   -100 -100.00 -100.00 -100.00
   9     9.990 54745.76159022 41.58  65.209211  63.421581 14.428 -100.00 -100.00 -100.00
   9    12.647 54745.76159081 33.48  65.214472  63.420421   -100 -100.00 -100.00 -100.00
   9    13.601 54745.76159140 31.04  65.219733  63.419260 24.819 -100.00 -100.00 -100.00
   9    12.972 54745.76159200 39.73  65.224993  63.418100   -100 -100.00 -100.00 -100.00
  10    14.652 54755.67723659 28.37  65.207919  63.423420 16.489 -100.00 -100.00 -100.00
  10    14.369 54755.67723718 25.95  65.213180  63.422260  9.841 -100.00 -100.00 -100.00
  10    13.299 54755.67723777 29.66  65.218442  63.421099 26.097 -100.00 -100.00 -100.00
  10    13.005 54755.67723836 30.25  65.223703  63.419939 25.398 -100.00 -100.00 -100.00
  11    14.270 54765.59288186 30.06  65.208461  63.423407 22.606 -100.00 -100.00 -100.00
  11    14.221 54765.59288245 27.01  65.213723  63.422247 15.424 -100.00 -100.00 -100.00
  11    13.722 54765.59288304 26.30  65.218985  63.421086 14.246 -100.00 -100.00 -100.00
  11    12.949 54765.59288363 30.97  65.224246  63.419926 29.953 -100.00 -100.00 -100.00
  12    14.255 54775.50852435 27.22  65.208824  63.421482  9.199 -100.00 -100.00 -100.00
  12    13.811 54775.50852494 27.65  65.214086  63.420322 10.717 -100.00 -100.00 -100.00
  12    12.765 54775.50852553 35.00  65.219347  63.419162 27.477 -100.00 -100.00 -100.00
  12    12.916 54775.50852612 34.69  65.224608  63.418001 18.870 -100.00 -100.00 -100.00
  13    11.835 54785.42416409 38.51  65.206488  63.420157   -100 -100.00 -100.00 -100.00
  13    11.577 54785.42416468 39.73  65.211750  63.418997   -100 -100.00 -100.00 -100.00
  13    11.738 54785.42416527 42.75  65.217012  63.417836   -100 -100.00 -100.00 -100.00
  14    13.733 54795.33980208 28.96  65.202955  63.421233 17.387 -100.00 -100.00 -100.00
  14    13.353 54795.33980267 31.00  65.208218  63.420073 23.741 -100.00 -100.00 -100.00
  14    13.427 54795.33980326 27.75  65.213480  63.418913 14.694 -100.00 -100.00 -100.00
  14    13.181 54795.33980385 26.88  65.218741  63.417753 11.108 -100.00 -100.00 -100.00
  17    14.309 54825.08672434 18.43  65.215949  63.424634  7.896 -100.00 -100.00 -100.00
  17    14.191 54825.08672493 16.23  65.221211  63.423474  4.501 -100.00 -100.00 -100.00
  17    13.776 54825.08672552 16.37  65.226473  63.422314  4.564 -100.00 -100.00 -100.00
  17    13.447 54825.08672611 17.65  65.231734  63.421153  6.782 -100.00 -100.00 -100.00
  18    14.358 54835.00236353 16.13  65.209877  63.424332  4.025 -100.00 -100.00 -100.00
  18    14.144 54835.00236412 16.30  65.215139  63.423172  5.037 -100.00 -100.00 -100.00
  18    13.962 54835.00236471 17.24  65.220401  63.422012  5.854 -100.00 -100.00 -100.00
  18    13.498 54835.00236530 18.64  65.225662  63.420851  7.616 -100.00 -100.00 -100.00
  19    14.318 54844.91801333 15.40  65.208778  63.423556  3.595 -100.00 -100.00 -100.00
  19    14.192 54844.91801393 15.13  65.214040  63.422396  3.514 -100.00 -100.00 -100.00
  19    13.789 54844.91801452 15.20  65.219301  63.421236  4.040 -100.00 -100.00 -100.00
  19    13.571 54844.91801511 15.82  65.224562  63.420075  4.640 -100.00 -100.00 -100.00
  20    14.046 54854.83366257 15.20  65.211453  63.423348  3.694 -100.00 -100.00 -100.00
  20    13.800 54854.83366316 15.79  65.216714  63.422188  4.729 -100.00 -100.00 -100.00
  20    13.632 54854.83366375 15.48  65.221975  63.421028  4.542 -100.00 -100.00 -100.00
  20    13.129 54854.83366434 17.72  65.227236  63.419867  7.473 -100.00 -100.00 -100.00
  21    14.266 54864.74931123 14.56  65.211611  63.424846  2.901 -100.00 -100.00 -100.00
  21    14.085 54864.74931182 14.78  65.216872  63.423685  3.557 -100.00 -100.00 -100.00
  21    13.775 54864.74931241 15.62  65.222134  63.422525  3.935 -100.00 -100.00 -100.00
  21    13.722 54864.74931300 15.45  65.227394  63.421364  4.423 -100.00 -100.00 -100.00
  22    14.223 54874.66495983 14.62  65.213633  63.424992  3.184 -100.00 -100.00 -100.00
  22    13.953 54874.66496042 14.89  65.218895  63.423832  3.365 -100.00 -100.00 -100.00
  22    13.547 54874.66496101 15.95  65.224156  63.422671  4.945 -100.00 -100.00 -100.00
  22    13.227 54874.66496160 17.04  65.229417  63.421510  6.515 -100.00 -100.00 -100.00
  23    14.175 54884.58060555 14.60  65.212329  63.424385  4.461 -100.00 -100.00 -100.00
  23    13.868 54884.58060614 14.19  65.217591  63.423225  3.591 -100.00 -100.00 -100.00
  23    13.633 54884.58060674 14.82  65.222853  63.422064  4.585 -100.00 -100.00 -100.00
  23    13.467 54884.58060733 14.62  65.228113  63.420903  3.932 -100.00 -100.00 -100.00
  24    14.051 54894.49624795 13.93  65.210287  63.422230  3.050 -100.00 -100.00 -100.00
  24    13.558 54894.49624854 14.30  65.215549  63.421070  3.348 -100.00 -100.00 -100.00
  24    13.225 54894.49624913 15.24  65.220810  63.419909  5.551 -100.00 -100.00 -100.00
  24    12.930 54894.49624972 14.64  65.226071  63.418749  3.772 -100.00 -100.00 -100.00
  25    14.201 54904.41188728 13.74  65.204589  63.421072  3.523 -100.00 -100.00 -100.00
  25    13.618 54904.41188787 14.37  65.209851  63.419912  4.522 -100.00 -100.00 -100.00
  25    13.640 54904.41188846 14.19  65.215112  63.418752  4.108 -100.00 -100.00 -100.00
  25    12.978 54904.41188905 14.25  65.220373  63.417592  3.895 -100.00 -100.00 -100.00
  26    13.954 54914.32752620 14.09  65.206669  63.420316  4.293 -100.00 -100.00 -100.00
  26    13.543 54914.32752679 14.33  65.211931  63.419155  4.495 -100.00 -100.00 -100.00
  26    12.851 54914.32752738 15.07  65.217192  63.417995  5.114 -100.00 -100.00 -100.00
  27    14.693 54924.24316404  8.70  65.205150  63.422250  3.855 -100.00 -100.00 -100.00
  27    14.897 54924.24316463  8.31  65.210412  63.421090  2.840 -100.00 -100.00 -100.00
  27    14.874 54924.24316522  8.26  65.215673  63.419930  2.806 -100.00 -100.00 -100.00
  27    14.955 54924.24316581  7.95  65.220934  63.418769  2.562 -100.00 -100.00 -100.00
  28    14.545 54934.15880209 10.28  65.212621  63.422672  2.857 -100.00 -100.00 -100.00
  28    14.714 54934.15880268 10.29  65.217883  63.421512  2.973 -100.00 -100.00 -100.00
  28    14.746 54934.15880327 10.40  65.223143  63.420352  2.853 -100.00 -100.00 -100.00
  29    14.549 54944.07443738 12.58  65.211873  63.423752  3.617 -100.00 -100.00 -100.00
  29    14.350 54944.07443797 13.06  65.217134  63.422592  4.006 -100.00 -100.00 -100.00
  29    14.595 54944.07443857 13.15  65.222396  63.421432  4.426 -100.00 -100.00 -100.00
  29    14.462 54944.07443916 13.06  65.227656  63.420272  4.148 -100.00 -100.00 -100.00
  30    11.988 54953.99007084 19.19  65.212859  63.422776 10.556 -100.00 -100.00 -100.00
  30    11.959 54953.99007143 20.03  65.218121  63.421616 11.549 -100.00 -100.00 -100.00
  30    11.795 54953.99007202 16.73  65.223381  63.420456  6.122 -100.00 -100.00 -100.00
  31    14.605 54963.90571554 37.51  65.206076  63.422079 30.650 -100.00 -100.00 -100.00
  31    14.324 54963.90571613 36.81  65.211337  63.420919 32.288 -100.00 -100.00 -100.00
  31    14.298 54963.90571672 37.40  65.216598  63.419759   -100 -100.00 -100.00 -100.00
  31    14.343 54963.90571731 37.06  65.221859  63.418600   -100 -100.00 -100.00 -100.00
  32    14.361 54973.82136419 30.82  65.208292  63.420968 16.225 -100.00 -100.00 -100.00
  32    14.744 54973.82136478 28.98  65.213553  63.419808 10.176 -100.00 -100.00 -100.00
  32    14.994 54973.82136537 30.64  65.218813  63.418648 14.540 -100.00 -100.00 -100.00
  33    14.154 54983.73701168 34.36  65.208407  63.422517   -100 -100.00 -100.00 -100.00
  33    14.459 54983.73701227 30.66  65.213668  63.421357 23.482 -100.00 -100.00 -100.00
  33    14.571 54983.73701287 29.35  65.218929  63.420197 16.718 -100.00 -100.00 -100.00
  33    14.574 54983.73701346 33.74  65.224189  63.419037 31.781 -100.00 -100.00 -100.00
  34   -36.733 54993.65265918  9.11  65.210806  63.424163  3.434 -100.00 -100.00 -100.00
  34   -35.143 54993.65265977 12.75  65.216067  63.423003  2.138 -100.00 -100.00 -100.00
  34   -34.068 54993.65266036 13.01  65.221329  63.421843  2.201 -100.00 -100.00 -100.00
  34   -33.011 54993.65266095 12.44  65.226589  63.420683  1.969 -100.00 -100.00 -100.00
  35    14.446 55003.56830593 28.31  65.215476  63.423976 11.487 -100.00 -100.00 -100.00
  35    14.617 55003.56830652 28.14  65.220737  63.422816  9.432 -100.00 -100.00 -100.00
  35    14.835 55003.56830711 29.64  65.225999  63.421656 10.787 -100.00 -100.00 -100.00
  35    15.106 55003.56830770 37.98  65.231259  63.420495 25.604 -100.00 -100.00 -100.00
  36    14.163 55013.48395017 28.84  65.214330  63.423684 20.571 -100.00 -100.00 -100.00
  36    14.625 55013.48395076 26.64  65.219592  63.422524 11.194 -100.00 -100.00 -100.00
  36    14.718 55013.48395135 29.81  65.224853  63.421363 18.657 -100.00 -100.00 -100.00
  36    14.752 55013.48395194 36.06  65.230113  63.420203   -100 -100.00 -100.00 -100.00
  37    14.415 55023.39959269 29.42  65.209848  63.423863 19.359 -100.00 -100.00 -100.00
  37    14.418 55023.39959328 26.46  65.215110  63.422703 11.350 -100.00 -100.00 -100.00
  37    14.175 55023.39959387 29.04  65.220371  63.421543 18.351 -100.00 -100.00 -100.00
  37    14.455 55023.39959446 30.64  65.225632  63.420382 22.211 -100.00 -100.00 -100.00
  38    13.903 55033.31523519 29.48  65.211960  63.423878 18.888 -100.00 -100.00 -100.00
  38    13.798 55033.31523578 28.19  65.217222  63.422718 15.364 -100.00 -100.00 -100.00
  38    14.019 55033.31523637 29.68  65.222483  63.421557 21.913 -100.00 -100.00 -100.00
  38    14.027 55033.31523696 35.17  65.227744  63.420397   -100 -100.00 -100.00 -100.00
  39    14.681 55043.23087711 25.08  65.215645  63.424440 11.481 -100.00 -100.00 -100.00
  39    14.693 55043.23087770 24.09  65.220906  63.423280 10.825 -100.00 -100.00 -100.00
  39    13.243 55043.23087829 31.17  65.226168  63.422120   -100 -100.00 -100.00 -100.00
  39    13.949 55043.23087888 29.72  65.231429  63.420959 24.371 -100.00 -100.00 -100.00
  40    12.715 55053.14651728 43.08  65.217460  63.425170   -100 -100.00 -100.00 -100.00
  40    12.580 55053.14651787 44.07  65.222722  63.424009   -100 -100.00 -100.00 -100.00
  40    12.591 55053.14651846 38.94  65.227983  63.422849 26.673 -100.00 -100.00 -100.00
  40    13.192 55053.14651905 43.48  65.233244  63.421688   -100 -100.00 -100.00 -100.00
  41    12.439 55063.06215500 42.95  65.215787  63.424845 21.348 -100.00 -100.00 -100.00
  41    12.069 55063.06215559 48.20  65.221049  63.423685   -100 -100.00 -100.00 -100.00
  41    11.725 55063.06215618 53.22  65.226311  63.422525 15.889 -100.00 -100.00 -100.00
  41    11.538 55063.06215677 55.28  65.231572  63.421364 20.764 -100.00 -100.00 -100.00
  42    13.770 55072.97779971 28.17  65.212878  63.422951 14.856 -100.00 -100.00 -100.00
  42    13.197 55072.97780030 31.61  65.218140  63.421791 22.221 -100.00 -100.00 -100.00
  42    13.205 55072.97780089 33.53  65.223401  63.420631 31.673 -100.00 -100.00 -100.00
  43    11.546 55082.89344746 42.14  65.206074  63.421851 29.630 -100.00 -100.00 -100.00
  43    11.088 55082.89344805 40.69  65.211335  63.420691   -100 -100.00 -100.00 -100.00
  43    10.899 55082.89344864 33.83  65.216596  63.419531   -100 -100.00 -100.00 -100.00
  43    14.092 55082.89344923 29.13  65.221857  63.418371 23.365 -100.00 -100.00 -100.00
  44    14.422 55092.80909395 24.89  65.204252  63.421525 16.658 -100.00 -100.00 -100.00
  44    13.985 55092.80909454 25.44  65.209514  63.420365 19.736 -100.00 -100.00 -100.00
  44    13.185 55092.80909513 27.72  65.214775  63.419205 27.942 -100.00 -100.00 -100.00
  44    13.997 55092.80909572 26.30  65.220035  63.418045 19.536 -100.00 -100.00 -100.00
  45    14.348 55102.72474054 23.40  65.206973  63.421701 11.847 -100.00 -100.00 -100.00
  45    13.538 55102.72474113 24.10  65.212235  63.420541 16.605 -100.00 -100.00 -100.00
  45    13.901 55102.72474172 22.25  65.217496  63.419381 12.172 -100.00 -100.00 -100.00
  45    14.140 55102.72474231 24.52  65.222756  63.418220 16.215 -100.00 -100.00 -100.00
  46    10.116 55112.64038662 34.31  65.208290  63.422563   -100 -100.00 -100.00 -100.00
  46    10.197 55112.64038721 33.84  65.213552  63.421403   -100 -100.00 -100.00 -100.00
  46    13.294 55112.64038780 29.03  65.218813  63.420243 31.043 -100.00 -100.00 -100.00
  46    13.272 55112.64038840 28.93  65.224074  63.419082 30.562 -100.00 -100.00 -100.00
  47    10.169 55122.55603037 37.06  65.208854  63.422526 27.041 -100.00 -100.00 -100.00
  47    10.084 55122.55603096 35.56  65.214116  63.421366 28.002 -100.00 -100.00 -100.00
  47    12.981 55122.55603155 33.96  65.219377  63.420206 21.891 -100.00 -100.00 -100.00
  47    12.694 55122.55603214 40.04  65.224638  63.419045   -100 -100.00 -100.00 -100.00
  48    10.087 55132.47167092 35.12  65.205796  63.422196 27.581 -100.00 -100.00 -100.00
  48    10.770 55132.47167151 36.88  65.211058  63.421036 19.758 -100.00 -100.00 -100.00
  48    11.301 55132.47167210 39.82  65.216320  63.419876 16.446 -100.00 -100.00 -100.00
  48    10.976 55132.47167269 45.32  65.221581  63.418715 20.434 -100.00 -100.00 -100.00
  49    10.046 55142.38731003 41.23  65.207454  63.420587   -100 -100.00 -100.00 -100.00
  49     9.866 55142.38731062 42.97  65.212716  63.419427   -100 -100.00 -100.00 -100.00
  49    10.197 55142.38731121 46.38  65.217977  63.418266   -100 -100.00 -100.00 -100.00
  50     9.480 55152.30294794 34.46  65.204342  63.421550 26.244 -100.00 -100.00 -100.00
  50     9.608 55152.30294853 35.78  65.209604  63.420390 27.547 -100.00 -100.00 -100.00
  50     9.493 55152.30294912 38.08  65.214866  63.419230   -100 -100.00 -100.00 -100.00
  50     9.770 55152.30294971 39.29  65.220127  63.418069   -100 -100.00 -100.00 -100.00
  51     9.692 55162.21858657 32.44  65.206150  63.423073 20.110 -100.00 -100.00 -100.00
  51     9.919 55162.21858716 32.69  65.211412  63.421913 21.143 -100.00 -100.00 -100.00
  51     9.809 55162.21858775 35.59  65.216674  63.420753 32.370 -100.00 -100.00 -100.00
  51     9.932 55162.21858834 33.71  65.221935  63.419592 24.734 -100.00 -100.00 -100.00
  52    11.706 55172.13422503 26.06  65.210048  63.424663 11.349 -100.00 -100.00 -100.00
  52    12.412 55172.13422562 25.47  65.215310  63.423503  9.950 -100.00 -100.00 -100.00
  52    12.624 55172.13422621 26.29  65.220572  63.422343 12.201 -100.00 -100.00 -100.00
  52    12.314 55172.13422680 27.67  65.225834  63.421182 13.613 -100.00 -100.00 -100.00
  53    13.614 55182.04986227 22.77  65.216367  63.424912  8.132 -100.00 -100.00 -100.00
  53    12.507 55182.04986286 23.04  65.221630  63.423752  9.660 -100.00 -100.00 -100.00
  53    13.026 55182.04986345 21.78  65.226891  63.422591  7.310 -100.00 -100.00 -100.00
  53    12.740 55182.04986404 22.60  65.232153  63.421431  7.392 -100.00 -100.00 -100.00
  54    13.704 55191.96551242 17.79  65.213641  63.424753  4.525 -100.00 -100.00 -100.00
  54    13.620 55191.96551301 17.57  65.218903  63.423593  4.513 -100.00 -100.00 -100.00
  54    13.427 55191.96551360 17.63  65.224165  63.422433  4.632 -100.00 -100.00 -100.00
  54    13.151 55191.96551420 18.05  65.229426  63.421273  5.075 -100.00 -100.00 -100.00
  55    13.594 55201.88116279 17.28  65.214950  63.423680  5.880 -100.00 -100.00 -100.00
  55    13.267 55201.88116338 18.55  65.220212  63.422520  6.887 -100.00 -100.00 -100.00
  55    13.107 55201.88116397 19.48  65.225473  63.421359  8.259 -100.00 -100.00 -100.00
  56    13.570 55211.79681198 17.92  65.212554  63.424089  5.825 -100.00 -100.00 -100.00
  56    13.501 55211.79681257 17.77  65.217815  63.422929  5.277 -100.00 -100.00 -100.00
  56    13.389 55211.79681316 17.71  65.223076  63.421768  4.736 -100.00 -100.00 -100.00
  56    12.917 55211.79681375 18.74  65.228337  63.420607  5.743 -100.00 -100.00 -100.00
  57    13.694 55221.71246091 16.20  65.212538  63.424357  5.941 -100.00 -100.00 -100.00
  57    13.406 55221.71246151 15.53  65.217800  63.423197  4.518 -100.00 -100.00 -100.00
  57    13.284 55221.71246210 16.91  65.223061  63.422036  6.546 -100.00 -100.00 -100.00
  57    13.277 55221.71246269 15.42  65.228322  63.420876  4.586 -100.00 -100.00 -100.00
  58    13.749 55231.62810837 16.07  65.209361  63.424341  4.636 -100.00 -100.00 -100.00
  58    13.598 55231.62810896 15.40  65.214623  63.423181  3.925 -100.00 -100.00 -100.00
  58    13.229 55231.62810955 15.73  65.219885  63.422021  4.107 -100.00 -100.00 -100.00
  58    13.131 55231.62811014 15.87  65.225146  63.420860  4.549 -100.00 -100.00 -100.00
  59    13.868 55241.54375286 16.35  65.207705  63.423355  3.950 -100.00 -100.00 -100.00
  59    13.639 55241.54375345 16.84  65.212967  63.422195  3.700 -100.00 -100.00 -100.00
  59    13.419 55241.54375404 16.88  65.218228  63.421035  4.389 -100.00 -100.00 -100.00
  59    13.100 55241.54375463 16.89  65.223489  63.419875  4.513 -100.00 -100.00 -100.00
  60    13.525 55251.45939390 16.22  65.205847  63.421968  3.363 -100.00 -100.00 -100.00
  60    13.174 55251.45939449 16.87  65.211108  63.420808  4.476 -100.00 -100.00 -100.00
  60    13.068 55251.45939508 16.71  65.216370  63.419648  4.441 -100.00 -100.00 -100.00
  60    12.697 55251.45939567 16.95  65.221631  63.418487  4.138 -100.00 -100.00 -100.00
  61    13.752 55261.37503280 15.70  65.205072  63.421057  4.003 -100.00 -100.00 -100.00
  61    13.261 55261.37503339 16.35  65.210334  63.419897  5.147 -100.00 -100.00 -100.00
  61    13.286 55261.37503398 16.32  65.215595  63.418737  4.669 -100.00 -100.00 -100.00
  61    13.137 55261.37503457 16.19  65.220856  63.417576  4.791 -100.00 -100.00 -100.00
  62    13.720 55271.29067115 16.31  65.208321  63.420911  4.108 -100.00 -100.00 -100.00
  62    13.537 55271.29067174 16.16  65.213582  63.419751  4.400 -100.00 -100.00 -100.00
  62    13.296 55271.29067233 16.54  65.218843  63.418590  4.719 -100.00 -100.00 -100.00
  63    13.996 55281.20630878 15.58  65.206126  63.422629  4.199 -100.00 -100.00 -100.00
  63    13.502 55281.20630937 16.02  65.211388  63.421469  4.766 -100.00 -100.00 -100.00
  63    13.445 55281.20630996 16.26  65.216649  63.420308  4.275 -100.00 -100.00 -100.00
  63    13.003 55281.20631055 16.26  65.221910  63.419148  4.542 -100.00 -100.00 -100.00
  64    13.234 55291.12194591 15.07  65.209736  63.422820  4.993 -100.00 -100.00 -100.00
  64    13.928 55291.12194650 14.59  65.214998  63.421660  4.716 -100.00 -100.00 -100.00
  64    13.057 55291.12194709 15.61  65.220259  63.420500  5.797 -100.00 -100.00 -100.00
  64    12.236 55291.12194768 17.09  65.225520  63.419340  7.339 -100.00 -100.00 -100.00
  65    12.968 55301.03758066 15.38  65.212078  63.422645  7.027 -100.00 -100.00 -100.00
  65    12.299 55301.03758125 16.38  65.217339  63.421486  7.550 -100.00 -100.00 -100.00
  65    12.251 55301.03758184 16.54  65.222600  63.420326  7.656 -100.00 -100.00 -100.00
  66     9.737 55310.95322706 39.78  65.206298  63.422636   -100 -100.00 -100.00 -100.00
  66     9.659 55310.95322765 40.31  65.211559  63.421477   -100 -100.00 -100.00 -100.00
  66     9.724 55310.95322824 35.65  65.216820  63.420317   -100 -100.00 -100.00 -100.00
  66     9.630 55310.95322883 34.53  65.222080  63.419157 30.824 -100.00 -100.00 -100.00
  67    11.825 55320.86887287 46.29  65.207779  63.421512   -100 -100.00 -100.00 -100.00
  67    11.811 55320.86887346 43.89  65.213040  63.420352  6.335 -100.00 -100.00 -100.00
  67    11.754 55320.86887405 39.90  65.218300  63.419192   -100 -100.00 -100.00 -100.00
  67    11.770 55320.86887464 40.97  65.223560  63.418032   -100 -100.00 -100.00 -100.00
  68    13.503 55330.78451694 47.51  65.205265  63.422379 11.313 -100.00 -100.00 -100.00
  68    13.432 55330.78451753 45.50  65.210526  63.421219  3.400 -100.00 -100.00 -100.00
  68    13.354 55330.78451812 49.70  65.215787  63.420059   -100 -100.00 -100.00 -100.00
  68    13.427 55330.78451871 50.51  65.221047  63.418899 15.354 -100.00 -100.00 -100.00
  69    13.743 55340.70016151 31.91  65.209043  63.422837 17.475 -100.00 -100.00 -100.00
  69    13.878 55340.70016210 27.13  65.214304  63.421677  7.712 -100.00 -100.00 -100.00
  69    14.125 55340.70016269 30.79  65.219565  63.420517 15.650 -100.00 -100.00 -100.00
  69    14.316 55340.70016328 36.58  65.224825  63.419357 32.229 -100.00 -100.00 -100.00
  70    13.861 55350.61580548 31.75  65.209364  63.424019   -100 -100.00 -100.00 -100.00
  70    13.972 55350.61580607 29.10  65.214625  63.422859 21.727 -100.00 -100.00 -100.00
  70    14.334 55350.61580666 27.38  65.219886  63.421699 14.558 -100.00 -100.00 -100.00
  70    14.352 55350.61580725 27.93  65.225147  63.420539 16.304 -100.00 -100.00 -100.00
  71    14.061 55360.53144786 29.42  65.214126  63.423751 22.561 -100.00 -100.00 -100.00
  71    14.346 55360.53144845 28.88  65.219387  63.422591 20.627 -100.00 -100.00 -100.00
  71    14.545 55360.53144904 27.54  65.224648  63.421431 15.456 -100.00 -100.00 -100.00
  71    14.545 55360.53144963 35.36  65.229909  63.420270   -100 -100.00 -100.00 -100.00
  72    13.929 55370.44708736 28.76  65.211773  63.424545 24.615 -100.00 -100.00 -100.00
  72    14.431 55370.44708795 26.62  65.217035  63.423385 15.426 -100.00 -100.00 -100.00
  72    14.499 55370.44708854 24.23  65.222296  63.422225  9.098 -100.00 -100.00 -100.00
  72    14.287 55370.44708913 31.19  65.227557  63.421064 27.518 -100.00 -100.00 -100.00
  73    14.597 55380.36272596 31.89  65.214355  63.424514 16.422 -100.00 -100.00 -100.00
  73    14.552 55380.36272655 27.75  65.219617  63.423354  7.904 -100.00 -100.00 -100.00
  73    14.363 55380.36272714 29.91  65.224878  63.422194 13.537 -100.00 -100.00 -100.00
  73    14.599 55380.36272773 36.07  65.230139  63.421033 30.176 -100.00 -100.00 -100.00
  74    14.505 55390.27836347 28.47  65.213484  63.425621 21.192 -100.00 -100.00 -100.00
  74    14.726 55390.27836406 24.36  65.218746  63.424460  9.058 -100.00 -100.00 -100.00
  74    14.486 55390.27836465 24.02  65.224007  63.423300  9.115 -100.00 -100.00 -100.00
  74    14.424 55390.27836524 29.35  65.229269  63.422140 20.336 -100.00 -100.00 -100.00
  75    14.489 55400.19400028 33.45  65.215774  63.425754 15.380 -100.00 -100.00 -100.00
  75    14.337 55400.19400087 33.28  65.221036  63.424594 15.352 -100.00 -100.00 -100.00
  75    14.455 55400.19400146 35.04  65.226297  63.423433 23.280 -100.00 -100.00 -100.00
  75    14.407 55400.19400205 38.17  65.231558  63.422273   -100 -100.00 -100.00 -100.00
  76    14.221 55410.10964793 39.91  65.212517  63.425200 25.903 -100.00 -100.00 -100.00
  76    14.273 55410.10964852 38.38  65.217779  63.424041 19.742 -100.00 -100.00 -100.00
  76    14.232 55410.10964911 38.96  65.223040  63.422881 21.159 -100.00 -100.00 -100.00
  76    14.192 55410.10964970 39.59  65.228301  63.421720 25.561 -100.00 -100.00 -100.00
  77    14.115 55420.02529848 40.22  65.211908  63.422698   -100 -100.00 -100.00 -100.00
  77    13.968 55420.02529907 39.50  65.217169  63.421538   -100 -100.00 -100.00 -100.00
  77    13.872 55420.02529966 42.00  65.222430  63.420378   -100 -100.00 -100.00 -100.00
  77    13.947 55420.02530025 44.09  65.227690  63.419218   -100 -100.00 -100.00 -100.00
  78    13.482 55429.94094499 41.05  65.204459  63.422205 24.435 -100.00 -100.00 -100.00
  78    12.933 55429.94094558 43.04  65.209721  63.421045   -100 -100.00 -100.00 -100.00
  78    12.791 55429.94094617 38.40  65.214982  63.419885   -100 -100.00 -100.00 -100.00
  78    13.266 55429.94094676 31.68  65.220242  63.418725 29.681 -100.00 -100.00 -100.00
  79    11.488 55439.85658953 37.91  65.203724  63.421977   -100 -100.00 -100.00 -100.00
  79    12.321 55439.85659012 33.80  65.208985  63.420817 25.549 -100.00 -100.00 -100.00
  79    12.777 55439.85659071 33.55  65.214246  63.419657 24.774 -100.00 -100.00 -100.00
  79    13.243 55439.85659130 32.37  65.219506  63.418497 19.224 -100.00 -100.00 -100.00
  80    14.273 55449.77223269 25.28  65.205364  63.422576 13.398 -100.00 -100.00 -100.00
  80    13.329 55449.77223328 26.20  65.210625  63.421416 15.578 -100.00 -100.00 -100.00
  80    13.023 55449.77223387 29.23  65.215886  63.420256 26.478 -100.00 -100.00 -100.00
  80    13.059 55449.77223446 33.03  65.221147  63.419096   -100 -100.00 -100.00 -100.00
  81    10.319 55459.68787550 40.20  65.207963  63.422862 23.700 -100.00 -100.00 -100.00
  81    11.585 55459.68787609 44.28  65.213224  63.421702 19.654 -100.00 -100.00 -100.00
  81    10.489 55459.68787668 53.75  65.218485  63.420542   -100 -100.00 -100.00 -100.00
  81    10.394 55459.68787727 55.08  65.223746  63.419382 28.269 -100.00 -100.00 -100.00
  82    12.442 55469.60351742 33.19  65.209970  63.422254   -100 -100.00 -100.00 -100.00
  82    12.866 55469.60351801 30.64  65.215231  63.421094 23.463 -100.00 -100.00 -100.00
  82    13.193 55469.60351860 33.05  65.220493  63.419933   -100 -100.00 -100.00 -100.00
  82    13.381 55469.60351920 36.58  65.225754  63.418773   -100 -100.00 -100.00 -100.00
  83    10.548 55479.51915567 45.28  65.206697  63.422185   -100 -100.00 -100.00 -100.00
  83    10.334 55479.51915626 37.68  65.211959  63.421025   -100 -100.00 -100.00 -100.00
  83    10.121 55479.51915685 33.76  65.217221  63.419865   -100 -100.00 -100.00 -100.00
  83     9.907 55479.51915744 40.24  65.222482  63.418705  1.472 -100.00 -100.00 -100.00
  84     9.973 55489.43479157 41.48  65.207308  63.421732 18.719 -100.00 -100.00 -100.00
  84     9.996 55489.43479216 35.62  65.212570  63.420572   -100 -100.00 -100.00 -100.00
  84    13.051 55489.43479275 29.89  65.217832  63.419412 24.966 -100.00 -100.00 -100.00
  84    13.141 55489.43479334 37.50  65.223093  63.418252   -100 -100.00 -100.00 -100.00
  85    10.206 55499.35042552 40.24  65.211021  63.421796   -100 -100.00 -100.00 -100.00
  85    10.426 55499.35042611 47.03  65.216283  63.420636   -100 -100.00 -100.00 -100.00
  85    10.001 55499.35042670 56.61  65.221545  63.419476   -100 -100.00 -100.00 -100.00
  86    10.190 55509.26606589 35.48  65.212881  63.422868 27.454 -100.00 -100.00 -100.00
  86     9.906 55509.26606648 38.28  65.218143  63.421708   -100 -100.00 -100.00 -100.00
  86     9.828 55509.26606707 40.29  65.223405  63.420548   -100 -100.00 -100.00 -100.00
  87    10.105 55519.18171551 40.32  65.209340  63.424354   -100 -100.00 -100.00 -100.00
  87    10.208 55519.18171610 42.15  65.214603  63.423194   -100 -100.00 -100.00 -100.00
  87     9.971 55519.18171669 44.16  65.219865  63.422034   -100 -100.00 -100.00 -100.00
  87     9.899 55519.18171728 48.59  65.225126  63.420874 12.551 -100.00 -100.00 -100.00
  88     9.944 55529.09736492 33.54  65.211743  63.424177   -100 -100.00 -100.00 -100.00
  88    10.074 55529.09736551 31.60  65.217005  63.423017 24.890 -100.00 -100.00 -100.00
  88     9.921 55529.09736610 34.23  65.222267  63.421856   -100 -100.00 -100.00 -100.00
  88    12.585 55529.09736669 34.04  65.227528  63.420696   -100 -100.00 -100.00 -100.00
  89    10.069 55539.01301229 32.44  65.211689  63.423952   -100 -100.00 -100.00 -100.00
  89    10.269 55539.01301288 31.52  65.216951  63.422792 25.151 -100.00 -100.00 -100.00
  89    10.089 55539.01301347 32.19  65.222212  63.421632 30.011 -100.00 -100.00 -100.00
  89    10.012 55539.01301406 31.74  65.227473  63.420471 27.761 -100.00 -100.00 -100.00
  90    10.163 55548.92865716 29.30  65.209665  63.424258 18.109 -100.00 -100.00 -100.00
  90    10.006 55548.92865776 32.45  65.214927  63.423098 29.683 -100.00 -100.00 -100.00
  90    10.195 55548.92865835 31.05  65.220189  63.421938 23.936 -100.00 -100.00 -100.00
  90    12.448 55548.92865894 29.42  65.225450  63.420778 18.884 -100.00 -100.00 -100.00
  91     9.895 55558.84430077 28.11  65.212690  63.423949 18.529 -100.00 -100.00 -100.00
  91    10.008 55558.84430136 28.25  65.217951  63.422789 18.484 -100.00 -100.00 -100.00
  91    10.110 55558.84430196 29.36  65.223212  63.421628 21.007 -100.00 -100.00 -100.00
  91    12.694 55558.84430255 27.42  65.228473  63.420468 14.987 -100.00 -100.00 -100.00
  92    11.955 55568.75994300 26.32  65.211985  63.425027 15.721 -100.00 -100.00 -100.00
  92     9.739 55568.75994359 26.98  65.217247  63.423867 17.304 -100.00 -100.00 -100.00
  92     9.862 55568.75994418 27.53  65.222509  63.422707 18.395 -100.00 -100.00 -100.00
  92    12.617 55568.75994477 25.50  65.227770  63.421546 14.496 -100.00 -100.00 -100.00
  93    12.053 55578.67558464 23.52  65.213496  63.424875 10.251 -100.00 -100.00 -100.00
  93     9.498 55578.67558523 26.25  65.218758  63.423715 17.349 -100.00 -100.00 -100.00
  93    12.134 55578.67558583 26.05  65.224019  63.422555 17.071 -100.00 -100.00 -100.00
  93    12.657 55578.67558642 23.08  65.229280  63.421394  9.294 -100.00 -100.00 -100.00
  94    12.502 55588.59122390 20.80  65.213792  63.423473  7.633 -100.00 -100.00 -100.00
  94    12.471 55588.59122449 20.95  65.219054  63.422313  8.238 -100.00 -100.00 -100.00
  94    12.693 55588.59122508 21.39  65.224315  63.421153  7.834 -100.00 -100.00 -100.00
  94    12.783 55588.59122567 21.44  65.229576  63.419992  7.726 -100.00 -100.00 -100.00
  95    12.708 55598.50685935 20.11  65.206730  63.423025  6.933 -100.00 -100.00 -100.00
  95    12.197 55598.50685994 21.70  65.211993  63.421865  9.728 -100.00 -100.00 -100.00
  95    12.219 55598.50686053 21.52  65.217255  63.420705  9.566 -100.00 -100.00 -100.00
  95    12.814 55598.50686112 21.15  65.222516  63.419545  8.418 -100.00 -100.00 -100.00
  96    12.503 55608.42249312 20.13  65.207916  63.421780  7.316 -100.00 -100.00 -100.00
  96    12.087 55608.42249371 20.40  65.213178  63.420621  7.000 -100.00 -100.00 -100.00
  96    12.886 55608.42249430 20.41  65.218440  63.419461  7.682 -100.00 -100.00 -100.00
  96    12.645 55608.42249489 20.73  65.223701  63.418300  7.787 -100.00 -100.00 -100.00
  97    12.949 55618.33812516 19.62  65.211267  63.422089  6.239 -100.00 -100.00 -100.00
  97    12.542 55618.33812575 20.44  65.216529  63.420930  8.300 -100.00 -100.00 -100.00
  97    12.699 55618.33812634 20.42  65.221791  63.419770  8.587 -100.00 -100.00 -100.00
  98    12.021 55628.25377184 17.48  65.209662  63.424089  5.980 -100.00 -100.00 -100.00
  98    13.234 55628.25377243 17.65  65.214924  63.422929  6.494 -100.00 -100.00 -100.00
  98    12.571 55628.25377302 18.38  65.220186  63.421769  7.943 -100.00 -100.00 -100.00
  98    12.632 55628.25377361 18.76  65.225448  63.420609  7.551 -100.00 -100.00 -100.00
  99    12.767 55638.16942363 16.43  65.213758  63.423711  5.613 -100.00 -100.00 -100.00
  99    13.116 55638.16942422 16.41  65.219020  63.422551  5.602 -100.00 -100.00 -100.00
  99    12.728 55638.16942481 17.54  65.224282  63.421391  6.634 -100.00 -100.00 -100.00
  99    12.643 55638.16942540 16.75  65.229543  63.420231  5.563 -100.00 -100.00 -100.00
 100    13.508 55648.08507284 14.71  65.212166  63.422885  4.792 -100.00 -100.00 -100.00
 100    13.219 55648.08507343 15.17  65.217427  63.421725  5.204 -100.00 -100.00 -100.00
 100    12.931 55648.08507402 15.01  65.222688  63.420564  5.811 -100.00 -100.00 -100.00
 100    12.386 55648.08507461 15.00  65.227949  63.419404  5.700 -100.00 -100.00 -100.00
 101     9.178 55658.00071885 30.88  65.207673  63.421532   -100 -100.00 -100.00 -100.00
 101     9.288 55658.00071944 31.40  65.212934  63.420373   -100 -100.00 -100.00 -100.00
 101     9.150 55658.00072003 32.42  65.218195  63.419213   -100 -100.00 -100.00 -100.00
 101     9.415 55658.00072062 34.42  65.223455  63.418052   -100 -100.00 -100.00 -100.00
 102    13.984 55667.91636070 35.67  65.203679  63.421236   -100 -100.00 -100.00 -100.00
 102    13.584 55667.91636129 34.42  65.208940  63.420077 31.728 -100.00 -100.00 -100.00
 102    14.161 55667.91636188 33.02  65.214201  63.418917 25.471 -100.00 -100.00 -100.00
 102    14.729 55667.91636247 32.87  65.219461  63.417757 23.123 -100.00 -100.00 -100.00
 103    12.025 55677.83200030 35.78  65.205623  63.421951   -100 -100.00 -100.00 -100.00
 103    11.867 55677.83200089 36.16  65.210884  63.420792   -100 -100.00 -100.00 -100.00
 103    11.911 55677.83200148 39.42  65.216145  63.419632   -100 -100.00 -100.00 -100.00
 103    12.539 55677.83200207 40.10  65.221405  63.418472 27.515 -100.00 -100.00 -100.00
 104    13.713 55687.74763813 41.30  65.210794  63.423479   -100 -100.00 -100.00 -100.00
 104    13.717 55687.74763872 36.38  65.216055  63.422319 21.524 -100.00 -100.00 -100.00
 104    13.791 55687.74763931 36.79  65.221316  63.421159 20.233 -100.00 -100.00 -100.00
 104    14.109 55687.74763990 42.62  65.226577  63.419999   -100 -100.00 -100.00 -100.00
 105    14.840 55697.66327477 28.55  65.216538  63.424462 13.439 -100.00 -100.00 -100.00
 105    13.801 55697.66327536 30.97  65.221800  63.423302 21.785 -100.00 -100.00 -100.00
 105    14.074 55697.66327595 33.15  65.227061  63.422141 28.810 -100.00 -100.00 -100.00
 105    14.503 55697.66327654 36.68  65.232322  63.420981 27.855 -100.00 -100.00 -100.00
 106    14.141 55707.57890952 48.78  65.212813  63.426073 23.949 -100.00 -100.00 -100.00
 106    14.564 55707.57891011 46.81  65.218075  63.424913   -100 -100.00 -100.00 -100.00
 106    14.410 55707.57891070 49.51  65.223337  63.423753   -100 -100.00 -100.00 -100.00
 106    14.410 55707.57891129 45.31  65.228598  63.422593   -100 -100.00 -100.00 -100.00
 106    14.379 55707.57891188 51.21  65.233859  63.421433 10.810 -100.00 -100.00 -100.00
 107    14.413 55717.49456107 47.52  65.215183  63.424184   -100 -100.00 -100.00 -100.00
 107    14.328 55717.49456166 47.53  65.220445  63.423024   -100 -100.00 -100.00 -100.00
 107    14.404 55717.49456225 45.25  65.225707  63.421864   -100 -100.00 -100.00 -100.00
 107    14.161 55717.49456284 48.93  65.230968  63.420703 15.184 -100.00 -100.00 -100.00
 108    14.185 55727.41020940 32.25  65.213389  63.423766 25.371 -100.00 -100.00 -100.00
 108    14.300 55727.41020999 29.22  65.218651  63.422606 16.892 -100.00 -100.00 -100.00
 108    14.246 55727.41021058 28.40  65.223913  63.421445 14.106 -100.00 -100.00 -100.00
 108    14.580 55727.41021117 38.65  65.229174  63.420285   -100 -100.00 -100.00 -100.00
 109    14.148 55737.32585614 28.80  65.212516  63.424401 17.035 -100.00 -100.00 -100.00
 109    14.486 55737.32585673 26.46  65.217778  63.423241 12.491 -100.00 -100.00 -100.00
 109    14.109 55737.32585732 31.38  65.223040  63.422080 26.641 -100.00 -100.00 -100.00
 109    14.013 55737.32585791 34.87  65.228301  63.420920   -100 -100.00 -100.00 -100.00
 110    13.757 55747.24150213 43.54  65.216286  63.424444   -100 -100.00 -100.00 -100.00
 110    13.772 55747.24150272 44.59  65.221548  63.423284   -100 -100.00 -100.00 -100.00
 110    13.475 55747.24150331 43.05  65.226809  63.422124   -100 -100.00 -100.00 -100.00
 110    13.541 55747.24150390 45.95  65.232070  63.420963  2.569 -100.00 -100.00 -100.00
 111    12.726 55757.15714519 37.66  65.211512  63.425371   -100 -100.00 -100.00 -100.00
 111    12.606 55757.15714578 37.35  65.216774  63.424211   -100 -100.00 -100.00 -100.00
 111    12.722 55757.15714637 33.99  65.222035  63.423051   -100 -100.00 -100.00 -100.00
 111    12.911 55757.15714696 34.08  65.227296  63.421890   -100 -100.00 -100.00 -100.00
 111    13.062 55757.15714755 38.56  65.232557  63.420730   -100 -100.00 -100.00 -100.00
 112    11.744 55767.07278624 36.56  65.210880  63.423873   -100 -100.00 -100.00 -100.00
 112    12.577 55767.07278683 29.11  65.216142  63.422713 26.110 -100.00 -100.00 -100.00
 112    13.069 55767.07278742 27.27  65.221403  63.421553 21.516 -100.00 -100.00 -100.00
 112    13.208 55767.07278801 33.55  65.226664  63.420393   -100 -100.00 -100.00 -100.00
 113    11.295 55776.98842418 36.41  65.208791  63.421988   -100 -100.00 -100.00 -100.00
 113    12.609 55776.98842477 29.62  65.214053  63.420828 25.924 -100.00 -100.00 -100.00
 113    12.824 55776.98842536 32.29  65.219313  63.419668   -100 -100.00 -100.00 -100.00
 113    13.205 55776.98842595 38.15  65.224574  63.418508   -100 -100.00 -100.00 -100.00
 114    11.350 55786.90405953 45.53  65.208866  63.420782 29.250 -100.00 -100.00 -100.00
 114    11.144 55786.90406012 50.34  65.214128  63.419623   -100 -100.00 -100.00 -100.00
 114    10.981 55786.90406071 48.64  65.219388  63.418463   -100 -100.00 -100.00 -100.00
 115    14.162 55796.81969280 23.07  65.208166  63.422424 11.738 -100.00 -100.00 -100.00
 115    13.004 55796.81969339 25.73  65.213428  63.421264 18.885 -100.00 -100.00 -100.00
 115    12.735 55796.81969398 31.74  65.218689  63.420104   -100 -100.00 -100.00 -100.00
 115    13.275 55796.81969457 30.59  65.223949  63.418944 30.177 -100.00 -100.00 -100.00
 116    10.594 55806.73533471 33.71  65.211321  63.423856 28.839 -100.00 -100.00 -100.00
 116    12.443 55806.73533530 33.44  65.216583  63.422697   -100 -100.00 -100.00 -100.00
 116    12.972 55806.73533589 30.50  65.221844  63.421537 31.831 -100.00 -100.00 -100.00
 116    13.004 55806.73533648 33.73  65.227105  63.420376   -100 -100.00 -100.00 -100.00
 117    10.506 55816.65098349 36.60  65.210955  63.425028 29.652 -100.00 -100.00 -100.00
 117    10.900 55816.65098408 37.44  65.216218  63.423868 24.487 -100.00 -100.00 -100.00
 117    10.284 55816.65098467 36.36  65.221480  63.422708   -100 -100.00 -100.00 -100.00
 117    12.647 55816.65098526 34.67  65.226741  63.421548 30.861 -100.00 -100.00 -100.00
 118    13.644 55826.56662965 25.93  65.214088  63.423274 21.458 -100.00 -100.00 -100.00
 118    14.151 55826.56663024 20.50  65.219350  63.422114 10.283 -100.00 -100.00 -100.00
 118    14.052 55826.56663083 18.22  65.224612  63.420953  6.957 -100.00 -100.00 -100.00
 119    10.297 55836.48227051 39.35  65.208233  63.422622 27.977 -100.00 -100.00 -100.00
 119    10.934 55836.48227110 45.90  65.213496  63.421462   -100 -100.00 -100.00 -100.00
 119    10.669 55836.48227169 46.95  65.218758  63.420302 12.067 -100.00 -100.00 -100.00
 119    12.916 55836.48227228 35.22  65.224020  63.419142   -100 -100.00 -100.00 -100.00
 120    13.267 55846.39790862 28.46  65.207220  63.421564 30.118 -100.00 -100.00 -100.00
 120    12.864 55846.39790921 27.24  65.212483  63.420405 23.666 -100.00 -100.00 -100.00
 120    13.154 55846.39790980 24.34  65.217745  63.419245 16.033 -100.00 -100.00 -100.00
 120    13.321 55846.39791039 21.85  65.223006  63.418084 12.484 -100.00 -100.00 -100.00
 121     9.957 55856.31354441 35.74  65.210053  63.422524   -100 -100.00 -100.00 -100.00
 121    10.039 55856.31354500 31.33  65.215316  63.421364   -100 -100.00 -100.00 -100.00
 121    10.105 55856.31354559 26.41  65.220578  63.420204 22.798 -100.00 -100.00 -100.00
 121    12.761 55856.31354618 21.62  65.225839  63.419044 12.274 -100.00 -100.00 -100.00
 122    13.944 55866.22918711 23.33  65.212036  63.424572  8.420 -100.00 -100.00 -100.00
 122    13.698 55866.22918770 25.28  65.217299  63.423412 14.051 -100.00 -100.00 -100.00
 122    13.373 55866.22918829 24.86  65.222561  63.422252 11.265 -100.00 -100.00 -100.00
 122    12.963 55866.22918888 26.21  65.227823  63.421091 16.589 -100.00 -100.00 -100.00
 123     9.556 55876.14483993 36.77  65.215164  63.425375   -100 -100.00 -100.00 -100.00
 123     9.907 55876.14484052 38.07  65.220426  63.424215   -100 -100.00 -100.00 -100.00
 123     9.758 55876.14484112 39.59  65.225688  63.423055   -100 -100.00 -100.00 -100.00
 123     9.587 55876.14484171 39.19  65.230949  63.421894   -100 -100.00 -100.00 -100.00
 133    12.187 55975.30127168 19.74  65.204979  63.421956  7.499 -100.00 -100.00 -100.00
 133    11.630 55975.30127227 19.44  65.210241  63.420796  6.272 -100.00 -100.00 -100.00
 133    11.578 55975.30127286 20.09  65.215503  63.419636  7.520 -100.00 -100.00 -100.00
 133    11.633 55975.30127345 19.36  65.220764  63.418476  6.082 -100.00 -100.00 -100.00
 134    12.119 55985.21690827 18.71  65.209179  63.423952  5.829 -100.00 -100.00 -100.00
 134    12.233 55985.21690886 18.72  65.214441  63.422792  5.813 -100.00 -100.00 -100.00
 134    12.195 55985.21690945 18.32  65.219703  63.421632  5.205 -100.00 -100.00 -100.00
 134     9.018 55985.21691004 20.29  65.224964  63.420471  6.833 -100.00 -100.00 -100.00
 135    11.934 55995.13254294 18.26  65.212211  63.425539  5.635 -100.00 -100.00 -100.00
 135    12.282 55995.13254353 18.99  65.217473  63.424379  7.233 -100.00 -100.00 -100.00
 135    11.729 55995.13254412 18.82  65.222735  63.423219  6.478 -100.00 -100.00 -100.00
 135    12.028 55995.13254471 18.56  65.227996  63.422059  5.668 -100.00 -100.00 -100.00
 135    11.920 55995.13254530 19.14  65.233257  63.420899  6.643 -100.00 -100.00 -100.00
 136    11.637 56005.04819547 20.34  65.213669  63.423686  8.058 -100.00 -100.00 -100.00
 136    11.928 56005.04819606 19.01  65.218930  63.422526  5.573 -100.00 -100.00 -100.00
 136    11.669 56005.04819665 20.04  65.224192  63.421366  7.963 -100.00 -100.00 -100.00
 136     9.498 56005.04819724 19.83  65.229452  63.420206  6.520 -100.00 -100.00 -100.00
 137    12.438 56014.96384352 18.79  65.208984  63.421847  5.911 -100.00 -100.00 -100.00
 137    12.342 56014.96384411 18.61  65.214245  63.420687  5.614 -100.00 -100.00 -100.00
 137    12.110 56014.96384470 18.48  65.219506  63.419527  5.397 -100.00 -100.00 -100.00
 137     8.983 56014.96384529 19.94  65.224766  63.418367  6.660 -100.00 -100.00 -100.00
 139     9.493 56034.79513189 37.12  65.209130  63.421411   -100 -100.00 -100.00 -100.00
 139     9.514 56034.79513248 33.34  65.214391  63.420252   -100 -100.00 -100.00 -100.00
 139     9.564 56034.79513307 34.81  65.219651  63.419091   -100 -100.00 -100.00 -100.00
 141    15.240 56054.62641119 26.98  65.214408  63.425690 11.970 -100.00 -100.00 -100.00
 141    14.907 56054.62641178 26.66  65.219670  63.424530 11.742 -100.00 -100.00 -100.00
 141    13.866 56054.62641237 26.77  65.224932  63.423370 13.410 -100.00 -100.00 -100.00
 141    13.676 56054.62641296 30.87  65.230193  63.422210 25.009 -100.00 -100.00 -100.00
 142    14.988 56064.54204569 30.81  65.215132  63.426358 29.019 -100.00 -100.00 -100.00
 142    14.797 56064.54204628 25.50  65.220394  63.425198 14.486 -100.00 -100.00 -100.00
 142    13.614 56064.54204687 26.19  65.225656  63.424038 16.586 -100.00 -100.00 -100.00
 142    13.771 56064.54204747 25.35  65.230917  63.422877 13.733 -100.00 -100.00 -100.00
 142    13.970 56064.54204806 31.88  65.236178  63.421717   -100 -100.00 -100.00 -100.00
 143    14.879 56074.45768937 25.64  65.211942  63.425719 14.103 -100.00 -100.00 -100.00
 143    14.815 56074.45768996 24.86  65.217205  63.424559 12.874 -100.00 -100.00 -100.00
 143    14.547 56074.45769055 23.72  65.222467  63.423399 12.247 -100.00 -100.00 -100.00
 143    13.223 56074.45769114 30.73  65.227728  63.422239   -100 -100.00 -100.00 -100.00
 143    13.679 56074.45769173 31.94  65.232989  63.421078 29.779 -100.00 -100.00 -100.00
 144    13.722 56084.37333898 28.90  65.210484  63.424591 19.421 -100.00 -100.00 -100.00
 144    13.575 56084.37333957 27.59  65.215746  63.423431 16.818 -100.00 -100.00 -100.00
 144    14.214 56084.37334016 27.39  65.221007  63.422271 16.099 -100.00 -100.00 -100.00
 144    13.306 56084.37334075 32.10  65.226269  63.421111 29.879 -100.00 -100.00 -100.00
 145    14.409 56094.28898654 24.55  65.212390  63.423906 14.144 -100.00 -100.00 -100.00
 145    14.663 56094.28898713 21.82  65.217651  63.422746  8.942 -100.00 -100.00 -100.00
 145    13.417 56094.28898772 24.03  65.222913  63.421586 15.426 -100.00 -100.00 -100.00
 145    13.597 56094.28898831 24.73  65.228174  63.420425 15.301 -100.00 -100.00 -100.00
 146    14.283 56104.20463183 26.07  65.213624  63.424234 11.090 -100.00 -100.00 -100.00
 146    14.566 56104.20463242 24.80  65.218886  63.423074  9.837 -100.00 -100.00 -100.00
 146    12.705 56104.20463301 30.53  65.224147  63.421914 26.742 -100.00 -100.00 -100.00
 146    12.855 56104.20463360 33.89  65.229408  63.420753   -100 -100.00 -100.00 -100.00
 147    14.570 56114.12026219 25.43  65.210225  63.424739 13.193 -100.00 -100.00 -100.00
 147    14.573 56114.12026278 23.41  65.215487  63.423579 13.297 -100.00 -100.00 -100.00
 147    12.360 56114.12026337 30.74  65.220748  63.422419   -100 -100.00 -100.00 -100.00
 147    12.539 56114.12026396 32.91  65.226009  63.421259   -100 -100.00 -100.00 -100.00
 148    10.490 56124.03590091 35.54  65.211350  63.423618   -100 -100.00 -100.00 -100.00
 148    10.188 56124.03590150 35.93  65.216612  63.422458   -100 -100.00 -100.00 -100.00
 148    10.371 56124.03590209 40.60  65.221873  63.421298   -100 -100.00 -100.00 -100.00
 148    12.556 56124.03590268 41.67  65.227134  63.420138 20.747 -100.00 -100.00 -100.00
 149     9.969 56133.95153516 34.99  65.207808  63.422987   -100 -100.00 -100.00 -100.00
 149     9.948 56133.95153575 35.64  65.213070  63.421827   -100 -100.00 -100.00 -100.00
 149     9.670 56133.95153634 36.97  65.218331  63.420667   -100 -100.00 -100.00 -100.00
 149    10.206 56133.95153693 39.36  65.223592  63.419507 26.667 -100.00 -100.00 -100.00
 150    10.321 56143.86717470 39.81  65.208285  63.422018 21.505 -100.00 -100.00 -100.00
 150     9.772 56143.86717529 46.08  65.213546  63.420858   -100 -100.00 -100.00 -100.00
 150     9.642 56143.86717588 45.61  65.218807  63.419698  3.304 -100.00 -100.00 -100.00
 150    12.725 56143.86717647 40.79  65.224067  63.418538   -100 -100.00 -100.00 -100.00
 151     9.854 56153.78282497 36.95  65.207845  63.422075   -100 -100.00 -100.00 -100.00
 151     9.581 56153.78282556 35.52  65.213107  63.420916   -100 -100.00 -100.00 -100.00
 151    12.407 56153.78282615 32.29  65.218368  63.419756   -100 -100.00 -100.00 -100.00
 151    12.514 56153.78282674 32.40  65.223628  63.418596   -100 -100.00 -100.00 -100.00
 152     9.293 56163.69847405 40.60  65.209789  63.422933   -100 -100.00 -100.00 -100.00
 152     9.075 56163.69847464 42.75  65.215050  63.421773   -100 -100.00 -100.00 -100.00
 152     9.364 56163.69847523 44.71  65.220311  63.420613   -100 -100.00 -100.00 -100.00
 152     9.285 56163.69847582 46.73  65.225572  63.419453   -100 -100.00 -100.00 -100.00
 153     9.163 56173.61412077 35.69  65.209148  63.424161   -100 -100.00 -100.00 -100.00
 153     8.839 56173.61412136 37.01  65.214410  63.423001  1.691 -100.00 -100.00 -100.00
 153    12.163 56173.61412195 31.55  65.219671  63.421841   -100 -100.00 -100.00 -100.00
 153    12.680 56173.61412254 27.54  65.224933  63.420681 23.855 -100.00 -100.00 -100.00
 154     9.317 56183.52976271 35.90  65.210049  63.423853   -100 -100.00 -100.00 -100.00
 154     9.120 56183.52976330 38.61  65.215311  63.422693   -100 -100.00 -100.00 -100.00
 154     9.222 56183.52976389 33.47  65.220573  63.421533   -100 -100.00 -100.00 -100.00
 154    12.461 56183.52976448 36.79  65.225834  63.420373   -100 -100.00 -100.00 -100.00
 155     9.258 56193.44540063 39.89  65.207211  63.423181   -100 -100.00 -100.00 -100.00
 155     8.979 56193.44540122 40.49  65.212473  63.422022   -100 -100.00 -100.00 -100.00
 155    12.184 56193.44540181 33.71  65.217735  63.420862 27.481 -100.00 -100.00 -100.00
 155    12.572 56193.44540240 31.82  65.222997  63.419701 24.133 -100.00 -100.00 -100.00
 156     9.066 56203.36103634 34.88  65.209466  63.421960   -100 -100.00 -100.00 -100.00
 156    12.086 56203.36103693 32.59  65.214728  63.420800   -100 -100.00 -100.00 -100.00
 156    12.401 56203.36103752 31.34  65.219990  63.419639   -100 -100.00 -100.00 -100.00
 156    12.516 56203.36103811 37.24  65.225251  63.418479 10.474 -100.00 -100.00 -100.00
 157     9.543 56213.27667027 39.69  65.211776  63.422931   -100 -100.00 -100.00 -100.00
 157     9.542 56213.27667086 44.92  65.217038  63.421771   -100 -100.00 -100.00 -100.00
 157     9.300 56213.27667145 41.16  65.222300  63.420611   -100 -100.00 -100.00 -100.00
 157    12.407 56213.27667204 44.24  65.227562  63.419450   -100 -100.00 -100.00 -100.00
 158    10.176 56223.19230334 38.70  65.214764  63.425454 20.015 -100.00 -100.00 -100.00
 158    10.371 56223.19230393 43.71  65.220026  63.424294 23.419 -100.00 -100.00 -100.00
 158     9.670 56223.19230452 48.03  65.225289  63.423134   -100 -100.00 -100.00 -100.00
 158     9.529 56223.19230511 52.91  65.230550  63.421974 10.836 -100.00 -100.00 -100.00
 159    11.464 56233.10795968 30.69  65.215899  63.426349 21.534 -100.00 -100.00 -100.00
 159    13.499 56233.10796027 26.53  65.221161  63.425189 14.843 -100.00 -100.00 -100.00
 159    12.161 56233.10796086 32.82  65.226423  63.424029   -100 -100.00 -100.00 -100.00
 159    12.400 56233.10796145 33.89  65.231685  63.422868   -100 -100.00 -100.00 -100.00
 160     8.611 56243.02361197 34.94  65.215634  63.426038 24.125 -100.00 -100.00 -100.00
 160     8.435 56243.02361256 37.98  65.220897  63.424878   -100 -100.00 -100.00 -100.00
 160     8.684 56243.02361315 38.37  65.226158  63.423718   -100 -100.00 -100.00 -100.00
 160     8.820 56243.02361374 38.25  65.231420  63.422557   -100 -100.00 -100.00 -100.00
 161     9.187 56252.93925980 33.88  65.215651  63.424517 30.708 -100.00 -100.00 -100.00
 161     9.393 56252.93926039 32.64  65.220912  63.423357 24.581 -100.00 -100.00 -100.00
 161     9.341 56252.93926098 32.70  65.226174  63.422196 26.605 -100.00 -100.00 -100.00
 161     9.422 56252.93926157 36.17  65.231435  63.421036   -100 -100.00 -100.00 -100.00
 162     9.374 56262.85490264 27.08  65.212010  63.424249 15.824 -100.00 -100.00 -100.00
 162     9.505 56262.85490323 28.19  65.217271  63.423089 18.351 -100.00 -100.00 -100.00
 162     9.397 56262.85490382 28.50  65.222533  63.421929 19.771 -100.00 -100.00 -100.00
 162     9.582 56262.85490441 26.27  65.227794  63.420769 13.822 -100.00 -100.00 -100.00
 164     9.218 56282.68618638 25.62  65.213409  63.424116 14.339 -100.00 -100.00 -100.00
 164    11.586 56282.68618697 25.44  65.218671  63.422956 13.412 -100.00 -100.00 -100.00
 164     9.206 56282.68618756 25.21  65.223932  63.421796 12.421 -100.00 -100.00 -100.00
 164     9.257 56282.68618815 27.13  65.229193  63.420635 17.085 -100.00 -100.00 -100.00
 165     8.903 56292.60183775 24.33  65.209332  63.424182 13.191 -100.00 -100.00 -100.00
 165     9.100 56292.60183834 22.81  65.214595  63.423022  9.638 -100.00 -100.00 -100.00
 165     9.056 56292.60183893 25.17  65.219856  63.421861 14.200 -100.00 -100.00 -100.00
 165     9.174 56292.60183952 24.55  65.225118  63.420701 12.797 -100.00 -100.00 -100.00
 166    12.480 56302.51748528 21.81  65.209950  63.422330  8.811 -100.00 -100.00 -100.00
 166     8.940 56302.51748587 22.51  65.215212  63.421170  9.647 -100.00 -100.00 -100.00
 166     9.047 56302.51748646 22.13  65.220474  63.420009  8.756 -100.00 -100.00 -100.00
 166    12.222 56302.51748705 21.58  65.225735  63.418849  8.177 -100.00 -100.00 -100.00
 167    13.237 56312.43312829 19.00  65.207471  63.421317  6.177 -100.00 -100.00 -100.00
 167    12.095 56312.43312888 19.68  65.212733  63.420157  6.661 -100.00 -100.00 -100.00
 167    12.035 56312.43312947 19.90  65.217995  63.418997  6.687 -100.00 -100.00 -100.00
 167    12.072 56312.43313006 19.48  65.223256  63.417837  6.709 -100.00 -100.00 -100.00
 168    13.341 56322.34876909 18.43  65.205076  63.421630  5.625 -100.00 -100.00 -100.00
 168     8.608 56322.34876968 20.12  65.210338  63.420470  8.300 -100.00 -100.00 -100.00
 168    12.422 56322.34877027 18.88  65.215599  63.419310  6.386 -100.00 -100.00 -100.00
 168    12.035 56322.34877086 18.89  65.220861  63.418149  6.269 -100.00 -100.00 -100.00
 169    13.138 56332.26440956 18.58  65.205445  63.422794  6.060 -100.00 -100.00 -100.00
 169    12.953 56332.26441015 18.15  65.210707  63.421634  5.387 -100.00 -100.00 -100.00
 169    12.088 56332.26441074 19.09  65.215968  63.420474  6.581 -100.00 -100.00 -100.00
 169    11.932 56332.26441133 18.95  65.221230  63.419313  6.248 -100.00 -100.00 -100.00
 170    12.997 56342.18005010 17.18  65.210449  63.423173  5.790 -100.00 -100.00 -100.00
 170    12.374 56342.18005069 16.58  65.215711  63.422013  5.174 -100.00 -100.00 -100.00
 170    12.219 56342.18005128 16.90  65.220973  63.420853  5.731 -100.00 -100.00 -100.00
 170    12.340 56342.18005187 16.08  65.226234  63.419692  4.357 -100.00 -100.00 -100.00
 171    13.027 56352.09568804 17.29  65.212181  63.423773  6.337 -100.00 -100.00 -100.00
 171    12.989 56352.09568863 16.50  65.217443  63.422614  4.570 -100.00 -100.00 -100.00
 171    12.171 56352.09568922 16.88  65.222704  63.421454  4.964 -100.00 -100.00 -100.00
 171    11.790 56352.09568981 16.69  65.227965  63.420293  4.855 -100.00 -100.00 -100.00
 172    13.505 56362.01132837 16.32  65.209302  63.423936  3.962 -100.00 -100.00 -100.00
 172    13.272 56362.01132896 17.06  65.214563  63.422776  5.126 -100.00 -100.00 -100.00
 172    12.215 56362.01132956 17.23  65.219825  63.421617  5.266 -100.00 -100.00 -100.00
 172    11.907 56362.01133015 17.26  65.225086  63.420456  4.887 -100.00 -100.00 -100.00
 173    12.908 56371.92697778 17.53  65.208240  63.422737  5.121 -100.00 -100.00 -100.00
 173    12.885 56371.92697837 17.25  65.213502  63.421577  4.835 -100.00 -100.00 -100.00
 173    12.767 56371.92697896 16.84  65.218762  63.420417  5.009 -100.00 -100.00 -100.00
 173    12.870 56371.92697955 16.74  65.224023  63.419257  4.683 -100.00 -100.00 -100.00
 174    13.268 56381.84262464 16.48  65.209584  63.422052  4.982 -100.00 -100.00 -100.00
 174    13.160 56381.84262523 16.37  65.214845  63.420892  4.982 -100.00 -100.00 -100.00
 174    13.694 56381.84262582 16.14  65.220105  63.419732  4.349 -100.00 -100.00 -100.00
 174    13.359 56381.84262641 16.49  65.225365  63.418572  4.990 -100.00 -100.00 -100.00
 175    13.998 56391.75826913 15.71  65.210902  63.422937  4.848 -100.00 -100.00 -100.00
 175    12.760 56391.75826973 16.68  65.216164  63.421777  6.406 -100.00 -100.00 -100.00
 175    13.599 56391.75827032 16.46  65.221424  63.420617  5.863 -100.00 -100.00 -100.00
 175    13.282 56391.75827091 17.08  65.226684  63.419457  6.713 -100.00 -100.00 -100.00
 176     8.653 56401.67391215 16.54  65.214146  63.423939 15.585 -100.00 -100.00 -100.00
 176     8.750 56401.67391274 18.76  65.219408  63.422779 17.362 -100.00 -100.00 -100.00
 176     8.620 56401.67391333 17.57  65.224669  63.421618 16.813 -100.00 -100.00 -100.00
 176     8.864 56401.67391392 15.02  65.229929  63.420458  9.344 -100.00 -100.00 -100.00
 177     9.710 56411.58955239 42.88  65.216841  63.424628   -100 -100.00 -100.00 -100.00
 177     9.501 56411.58955298 43.41  65.222102  63.423468 17.959 -100.00 -100.00 -100.00
 177     9.690 56411.58955357 35.97  65.227363  63.422307   -100 -100.00 -100.00 -100.00
 177     9.561 56411.58955416 36.95  65.232624  63.421147   -100 -100.00 -100.00 -100.00
 178    13.479 56421.50518752 44.07  65.217480  63.425043   -100 -100.00 -100.00 -100.00
 178    13.373 56421.50518811 47.92  65.222742  63.423883   -100 -100.00 -100.00 -100.00
 178    13.316 56421.50518870 50.30  65.228003  63.422723 22.183 -100.00 -100.00 -100.00
 178    13.304 56421.50518929 44.58  65.233264  63.421562  6.269 -100.00 -100.00 -100.00
 179    15.106 56431.42082663 26.43  65.214276  63.425493 16.906 -100.00 -100.00 -100.00
 179    14.684 56431.42082722 25.41  65.219538  63.424333 11.541 -100.00 -100.00 -100.00
 179    14.232 56431.42082781 25.14  65.224800  63.423173 10.573 -100.00 -100.00 -100.00
 179    14.247 56431.42082840 33.36  65.230061  63.422013   -100 -100.00 -100.00 -100.00
 180    14.302 56441.33647952 44.77  65.213775  63.424353  9.358 -100.00 -100.00 -100.00
 180    14.399 56441.33648011 42.41  65.219037  63.423193   -100 -100.00 -100.00 -100.00
 180    14.484 56441.33648070 43.52  65.224298  63.422032   -100 -100.00 -100.00 -100.00
 180    14.558 56441.33648129 44.84  65.229559  63.420872   -100 -100.00 -100.00 -100.00
 181    14.422 56451.25212951 29.29  65.209807  63.424518 27.429 -100.00 -100.00 -100.00
 181    14.056 56451.25213010 27.79  65.215069  63.423358 24.000 -100.00 -100.00 -100.00
 181    14.445 56451.25213069 26.51  65.220330  63.422198 13.740 -100.00 -100.00 -100.00
 181    14.459 56451.25213128 33.98  65.225591  63.421038   -100 -100.00 -100.00 -100.00
 182    13.989 56461.16777749 30.78  65.208510  63.424080   -100 -100.00 -100.00 -100.00
 182    14.416 56461.16777808 24.88  65.213772  63.422920 10.541 -100.00 -100.00 -100.00
 182    14.317 56461.16777867 29.41  65.219033  63.421759 21.973 -100.00 -100.00 -100.00
 182    14.541 56461.16777926 31.92  65.224294  63.420599 29.582 -100.00 -100.00 -100.00
 183    14.205 56471.08342261 29.14  65.210688  63.422368 21.943 -100.00 -100.00 -100.00
 183    14.426 56471.08342320 26.79  65.215949  63.421208 13.251 -100.00 -100.00 -100.00
 183    14.494 56471.08342379 29.15  65.221210  63.420048 18.997 -100.00 -100.00 -100.00
 183    14.721 56471.08342438 36.21  65.226470  63.418888   -100 -100.00 -100.00 -100.00
 184    15.151 56480.99906344 47.26  65.207119  63.422162   -100 -100.00 -100.00 -100.00
 184    14.752 56480.99906403 47.11  65.212380  63.421003  3.519 -100.00 -100.00 -100.00
 184    15.072 56480.99906462 44.02  65.217641  63.419843   -100 -100.00 -100.00 -100.00
 184    14.810 56480.99906521 44.15  65.222901  63.418682   -100 -100.00 -100.00 -100.00
 185    14.818 56490.91470071 43.48  65.207498  63.421950   -100 -100.00 -100.00 -100.00
 185    14.733 56490.91470130 37.91  65.212759  63.420791 26.458 -100.00 -100.00 -100.00
 185    14.700 56490.91470189 38.13  65.218020  63.419631 27.977 -100.00 -100.00 -100.00
 185    14.530 56490.91470248 43.94  65.223280  63.418470   -100 -100.00 -100.00 -100.00
 187    13.864 56510.74596889 26.93  65.213814  63.423479 13.447 -100.00 -100.00 -100.00
 187    14.156 56510.74596948 24.98  65.219075  63.422319  9.154 -100.00 -100.00 -100.00
 187    14.469 56510.74597007 29.39  65.224336  63.421159 20.148 -100.00 -100.00 -100.00
 187    14.660 56510.74597066 34.33  65.229597  63.419999 28.359 -100.00 -100.00 -100.00
 188    13.725 56520.66161288 42.91  65.214789  63.423893 22.472 -100.00 -100.00 -100.00
 188    13.472 56520.66161347 48.73  65.220051  63.422733   -100 -100.00 -100.00 -100.00
 188    13.391 56520.66161406 52.04  65.225313  63.421573   -100 -100.00 -100.00 -100.00
 188    13.300 56520.66161465 51.42  65.230574  63.420413  7.337 -100.00 -100.00 -100.00
 189    13.708 56530.57726588 23.74  65.212450  63.423577 10.169 -100.00 -100.00 -100.00
 189    12.492 56530.57726647 29.95  65.217712  63.422417   -100 -100.00 -100.00 -100.00
 189    12.605 56530.57726706 32.26  65.222974  63.421257   -100 -100.00 -100.00 -100.00
 189    12.815 56530.57726765 32.08  65.228235  63.420096   -100 -100.00 -100.00 -100.00
 191    13.521 56550.40856025 24.65  65.211015  63.422308 14.570 -100.00 -100.00 -100.00
 191    13.138 56550.40856084 23.71  65.216277  63.421148 12.114 -100.00 -100.00 -100.00
 191    12.857 56550.40856143 29.46  65.221539  63.419988 32.766 -100.00 -100.00 -100.00
 191    13.521 56550.40856202 31.08  65.226800  63.418827 19.401 -100.00 -100.00 -100.00
 192    11.952 56560.32420295 29.34  65.210572  63.423063   -100 -100.00 -100.00 -100.00
 192    12.476 56560.32420354 27.86  65.215834  63.421903 28.341 -100.00 -100.00 -100.00
 192    13.177 56560.32420413 22.77  65.221096  63.420743 13.753 -100.00 -100.00 -100.00
 192    12.957 56560.32420472 23.70  65.226357  63.419582 18.080 -100.00 -100.00 -100.00
 193     9.918 56570.23984469 36.33  65.210883  63.424523   -100 -100.00 -100.00 -100.00
 193    10.007 56570.23984528 35.08  65.216146  63.423363   -100 -100.00 -100.00 -100.00
 193    12.579 56570.23984587 28.23  65.221407  63.422203 24.634 -100.00 -100.00 -100.00
 193    13.074 56570.23984646 23.65  65.226669  63.421042 15.181 -100.00 -100.00 -100.00
 194    10.913 56580.15548555 35.17  65.215842  63.425164 16.404 -100.00 -100.00 -100.00
 194     9.620 56580.15548614 35.57  65.221104  63.424004  0.433 -100.00 -100.00 -100.00
 194    12.842 56580.15548673 28.23  65.226366  63.422843 32.000 -100.00 -100.00 -100.00
 194    12.663 56580.15548732 35.20  65.231627  63.421683   -100 -100.00 -100.00 -100.00
 195     9.867 56590.07112180 27.23  65.214484  63.426348 18.501 -100.00 -100.00 -100.00
 195     9.736 56590.07112239 26.69  65.219746  63.425189 17.199 -100.00 -100.00 -100.00
 195    13.261 56590.07112298 21.55  65.225009  63.424028  8.660 -100.00 -100.00 -100.00
 195    12.621 56590.07112357 22.11  65.230270  63.422868  9.552 -100.00 -100.00 -100.00
 195    12.520 56590.07112416 20.58  65.235531  63.421707  5.694 -100.00 -100.00 -100.00
 196    10.835 56599.98676803 37.07  65.212986  63.425759   -100 -100.00 -100.00 -100.00
 196    11.182 56599.98676862 39.08  65.218248  63.424599 28.129 -100.00 -100.00 -100.00
 196    11.210 56599.98676922 40.71  65.223510  63.423439   -100 -100.00 -100.00 -100.00
 196    10.823 56599.98676981 47.33  65.228772  63.422278 15.436 -100.00 -100.00 -100.00
 196    10.837 56599.98677040 50.44  65.234033  63.421118 27.110 -100.00 -100.00 -100.00
 197    12.001 56609.90241836 37.70  65.210188  63.424877   -100 -100.00 -100.00 -100.00
 197    12.037 56609.90241895 38.08  65.215450  63.423717   -100 -100.00 -100.00 -100.00
 197    12.136 56609.90241954 40.09  65.220712  63.422557   -100 -100.00 -100.00 -100.00
 197    12.196 56609.90242013 43.90  65.225973  63.421396   -100 -100.00 -100.00 -100.00
 198    13.239 56619.81806455 25.35  65.214996  63.423774 14.239 -100.00 -100.00 -100.00
 198    12.146 56619.81806514 26.77  65.220258  63.422614 18.234 -100.00 -100.00 -100.00
 198    12.175 56619.81806573 28.58  65.225519  63.421453 21.712 -100.00 -100.00 -100.00
 198    12.599 56619.81806632 27.88  65.230780  63.420293 16.454 -100.00 -100.00 -100.00
 199    13.818 56629.73370647 22.41  65.210648  63.425179  8.161 -100.00 -100.00 -100.00
 199    13.623 56629.73370706 21.92  65.215910  63.424019  7.695 -100.00 -100.00 -100.00
 199    12.463 56629.73370765 25.54  65.221172  63.422859 14.659 -100.00 -100.00 -100.00
 199    12.329 56629.73370824 28.31  65.226433  63.421698 22.579 -100.00 -100.00 -100.00
 199    12.429 56629.73370883 27.59  65.231694  63.420538 19.671 -100.00 -100.00 -100.00
 200    13.818 56639.64934576 20.61  65.212207  63.424757  7.284 -100.00 -100.00 -100.00
 200    13.624 56639.64934635 20.01  65.217469  63.423597  6.180 -100.00 -100.00 -100.00
 200    12.614 56639.64934694 24.31  65.222731  63.422437 14.154 -100.00 -100.00 -100.00
 200    12.688 56639.64934753 22.52  65.227992  63.421277  9.795 -100.00 -100.00 -100.00
 201    13.683 56649.56499090 19.42  65.208172  63.423896  5.989 -100.00 -100.00 -100.00
 201    13.403 56649.56499149 19.70  65.213435  63.422737  7.307 -100.00 -100.00 -100.00
 201    12.297 56649.56499208 24.53  65.218697  63.421577 16.038 -100.00 -100.00 -100.00
 201    12.743 56649.56499267 23.14  65.223958  63.420416 12.199 -100.00 -100.00 -100.00
 202    13.603 56659.48064174 20.31  65.204564  63.422215  8.103 -100.00 -100.00 -100.00
 202    13.332 56659.48064233 18.84  65.209827  63.421055  5.146 -100.00 -100.00 -100.00
 202    13.041 56659.48064292 19.87  65.215089  63.419895  6.787 -100.00 -100.00 -100.00
 202    12.793 56659.48064351 22.05  65.220350  63.418735  8.969 -100.00 -100.00 -100.00
 203    13.732 56669.39628941 17.99  65.207658  63.420784  4.833 -100.00 -100.00 -100.00
 203    13.325 56669.39629000 18.80  65.212920  63.419624  6.377 -100.00 -100.00 -100.00
 203    12.942 56669.39629059 18.78  65.218182  63.418464  7.056 -100.00 -100.00 -100.00
 205    12.855 56689.22757800 20.77  65.211775  63.423390 11.568 -100.00 -100.00 -100.00
 205    12.823 56689.22757859 20.54  65.217037  63.422230  9.143 -100.00 -100.00 -100.00
 205    12.532 56689.22757918 22.64  65.222298  63.421069 13.643 -100.00 -100.00 -100.00
 205    12.324 56689.22757977 22.88  65.227559  63.419909 15.744 -100.00 -100.00 -100.00
 206    13.293 56699.14321840 19.00  65.209381  63.424613  8.622 -100.00 -100.00 -100.00
 206    13.174 56699.14321899 18.29  65.214643  63.423453  8.108 -100.00 -100.00 -100.00
 206    12.797 56699.14321958 20.36  65.219905  63.422293 10.048 -100.00 -100.00 -100.00
 206    12.306 56699.14322017 24.39  65.225166  63.421132 19.166 -100.00 -100.00 -100.00
 207    13.207 56709.05885486 18.74  65.212130  63.423370  7.755 -100.00 -100.00 -100.00
 207    13.045 56709.05885545 19.35  65.217392  63.422210  8.243 -100.00 -100.00 -100.00
 207    12.325 56709.05885604 22.84  65.222653  63.421050 13.675 -100.00 -100.00 -100.00
 207    12.293 56709.05885663 24.60  65.227914  63.419890 18.047 -100.00 -100.00 -100.00
 208    13.204 56718.97449459 18.22  65.212113  63.422314  6.448 -100.00 -100.00 -100.00
 208    12.161 56718.97449518 21.83  65.217374  63.421154 11.903 -100.00 -100.00 -100.00
 208    12.231 56718.97449577 24.19  65.222635  63.419994 16.369 -100.00 -100.00 -100.00
 209   -32.820 56728.89014693 11.13  65.210345  63.422119  2.159 -100.00 -100.00 -100.00
 209   -30.503 56728.89014752 11.35  65.215606  63.420959  2.128 -100.00 -100.00 -100.00
 209   -27.513 56728.89014811 11.63  65.220866  63.419799  2.228 -100.00 -100.00 -100.00
 209   -24.552 56728.89014870 12.07  65.226127  63.418639  2.458 -100.00 -100.00 -100.00
 211    14.769 56748.72144027 12.85  65.215829  63.424387  3.452 -100.00 -100.00 -100.00
 211    14.489 56748.72144086 12.74  65.221090  63.423227  3.468 -100.00 -100.00 -100.00
 211    14.979 56748.72144145 12.77  65.226351  63.422066  3.486 -100.00 -100.00 -100.00
 211    14.979 56748.72144204 12.76  65.231611  63.420906  3.213 -100.00 -100.00 -100.00
 212    14.611 56758.63707978 14.69  65.213045  63.426189  4.001 -100.00 -100.00 -100.00
 212    14.572 56758.63708037 15.04  65.218307  63.425028  4.401 -100.00 -100.00 -100.00
 212    14.582 56758.63708096 14.92  65.223569  63.423868  3.689 -100.00 -100.00 -100.00
 212    14.372 56758.63708155 15.12  65.228830  63.422708  3.734 -100.00 -100.00 -100.00
 212    14.603 56758.63708214 14.88  65.234090  63.421547  3.572 -100.00 -100.00 -100.00
 213    13.727 56768.55271374 25.80  65.214581  63.425935 13.150 -100.00 -100.00 -100.00
 213    13.235 56768.55271433 25.43  65.219843  63.424775 13.256 -100.00 -100.00 -100.00
 213    10.583 56768.55271492 26.89  65.225104  63.423614 17.043 -100.00 -100.00 -100.00
 213    12.758 56768.55271551 23.25  65.230366  63.422454  8.616 -100.00 -100.00 -100.00
 214    11.510 56778.46836094 38.41  65.211504  63.424894   -100 -100.00 -100.00 -100.00
 214    11.438 56778.46836153 35.43  65.216766  63.423734 31.426 -100.00 -100.00 -100.00
 214    11.413 56778.46836212 35.34  65.222028  63.422574 32.739 -100.00 -100.00 -100.00
 214    11.234 56778.46836271 34.95  65.227289  63.421414 32.618 -100.00 -100.00 -100.00
 215    14.360 56788.38401679 40.08  65.210277  63.423646   -100 -100.00 -100.00 -100.00
 215    14.463 56788.38401738 37.45  65.215539  63.422486   -100 -100.00 -100.00 -100.00
 215    14.531 56788.38401797 37.62  65.220801  63.421325   -100 -100.00 -100.00 -100.00
 215    14.236 56788.38401856 40.36  65.226061  63.420165  0.461 -100.00 -100.00 -100.00
 216    14.427 56798.29966935 28.24  65.211202  63.423069 20.645 -100.00 -100.00 -100.00
 216    14.481 56798.29966994 28.97  65.216463  63.421908 15.839 -100.00 -100.00 -100.00
 216    14.796 56798.29967053 29.09  65.221724  63.420748 13.898 -100.00 -100.00 -100.00
 216    14.810 56798.29967112 37.14  65.226984  63.419587   -100 -100.00 -100.00 -100.00
 217    15.341 56808.21531594 33.70  65.210832  63.423666 26.839 -100.00 -100.00 -100.00
 217    15.107 56808.21531653 30.30  65.216094  63.422505 15.000 -100.00 -100.00 -100.00
 217    15.039 56808.21531712 30.46  65.221354  63.421345 15.225 -100.00 -100.00 -100.00
 217    14.931 56808.21531772 35.81  65.226615  63.420184 32.502 -100.00 -100.00 -100.00
 219    14.862 56828.04659391 31.03  65.207655  63.423054 22.684 -100.00 -100.00 -100.00
 219    14.900 56828.04659450 28.51  65.212916  63.421894 13.423 -100.00 -100.00 -100.00
 219    15.007 56828.04659509 28.04  65.218177  63.420734 11.246 -100.00 -100.00 -100.00
 219    15.200 56828.04659568 31.64  65.223438  63.419574 18.623 -100.00 -100.00 -100.00
 220   -33.624 56837.96222784 13.88  65.205359  63.422233  2.804 -100.00 -100.00 -100.00
 220   -32.589 56837.96222843 14.21  65.210621  63.421073  2.556 -100.00 -100.00 -100.00
 220   -30.331 56837.96222902 14.53  65.215881  63.419913  2.385 -100.00 -100.00 -100.00
 220   -27.361 56837.96222961 14.97  65.221142  63.418753  2.615 -100.00 -100.00 -100.00
 221    14.990 56847.87785952 30.63  65.210178  63.421785 15.388 -100.00 -100.00 -100.00
 221    15.292 56847.87786011 28.78  65.215440  63.420626  9.949 -100.00 -100.00 -100.00
 221    15.219 56847.87786070 32.95  65.220700  63.419466 19.585 -100.00 -100.00 -100.00
 222    14.797 56857.79351199 33.60  65.207240  63.423318 29.538 -100.00 -100.00 -100.00
 222    14.792 56857.79351258 29.79  65.212502  63.422158 14.829 -100.00 -100.00 -100.00
 222    14.959 56857.79351317 30.39  65.217763  63.420998 12.881 -100.00 -100.00 -100.00
 222    15.189 56857.79351376 36.03  65.223024  63.419838 30.895 -100.00 -100.00 -100.00
 223    14.568 56867.70916564 30.23  65.211315  63.424070 11.130 -100.00 -100.00 -100.00
 223    14.765 56867.70916623 30.54  65.216576  63.422910  9.325 -100.00 -100.00 -100.00
 223    14.823 56867.70916682 30.41  65.221837  63.421750  9.813 -100.00 -100.00 -100.00
 223    14.873 56867.70916741 29.82  65.227098  63.420590  8.658 -100.00 -100.00 -100.00
 224    14.137 56877.62481734 28.43  65.212487  63.423973 15.656 -100.00 -100.00 -100.00
 224    14.381 56877.62481793 26.44  65.217748  63.422813 11.446 -100.00 -100.00 -100.00
 224    14.553 56877.62481852 25.82  65.223009  63.421652 10.156 -100.00 -100.00 -100.00
 224    14.389 56877.62481911 32.89  65.228270  63.420492 30.266 -100.00 -100.00 -100.00
 225    13.561 56887.54046563 42.14  65.210368  63.423024 21.147 -100.00 -100.00 -100.00
 225    12.779 56887.54046622 48.38  65.215629  63.421864  2.376 -100.00 -100.00 -100.00
 225    12.725 56887.54046681 58.00  65.220891  63.420704 22.518 -100.00 -100.00 -100.00
 225    12.990 56887.54046740 53.51  65.226151  63.419543   -100 -100.00 -100.00 -100.00
 226    14.461 56897.45611104 24.31  65.205982  63.422076  8.418 -100.00 -100.00 -100.00
 226    13.994 56897.45611163 24.08  65.211244  63.420916  8.481 -100.00 -100.00 -100.00
 226    12.740 56897.45611222 32.15  65.216505  63.419756 30.650 -100.00 -100.00 -100.00
 226    13.132 56897.45611281 34.12  65.221766  63.418595   -100 -100.00 -100.00 -100.00
 227    14.526 56907.37175403 25.10  65.205193  63.422146 10.475 -100.00 -100.00 -100.00
 227    13.756 56907.37175462 26.16  65.210455  63.420986 16.259 -100.00 -100.00 -100.00
 227    13.023 56907.37175521 28.04  65.215716  63.419825 18.904 -100.00 -100.00 -100.00
 227    13.086 56907.37175580 32.47  65.220977  63.418665   -100 -100.00 -100.00 -100.00
 228    14.291 56917.28739561 22.92  65.212099  63.422748  9.366 -100.00 -100.00 -100.00
 228    14.108 56917.28739620 23.45  65.217361  63.421587 11.527 -100.00 -100.00 -100.00
 228    14.237 56917.28739679 22.70  65.222622  63.420427 10.385 -100.00 -100.00 -100.00
 228    14.035 56917.28739738 30.29  65.227883  63.419266 28.584 -100.00 -100.00 -100.00
 229    14.884 56927.20303460 22.39  65.213762  63.425336  9.232 -100.00 -100.00 -100.00
 229    14.649 56927.20303519 22.19  65.219024  63.424176  9.775 -100.00 -100.00 -100.00
 229    14.352 56927.20303578 19.97  65.224286  63.423015  7.662 -100.00 -100.00 -100.00
 229    14.100 56927.20303638 22.43  65.229547  63.421855 10.573 -100.00 -100.00 -100.00
 230    11.092 56937.11867049 45.02  65.219942  63.425737   -100 -100.00 -100.00 -100.00
 230    11.023 56937.11867108 41.77  65.225204  63.424577   -100 -100.00 -100.00 -100.00
 230    11.222 56937.11867167 40.84  65.230465  63.423416 27.358 -100.00 -100.00 -100.00
 230    12.812 56937.11867226 40.08  65.235726  63.422255 24.666 -100.00 -100.00 -100.00
 231    14.153 56947.03430107 27.75  65.219019  63.425861 11.839 -100.00 -100.00 -100.00
 231    13.611 56947.03430166 27.88  65.224281  63.424701 13.621 -100.00 -100.00 -100.00
 231    12.579 56947.03430225 31.73  65.229543  63.423541 25.880 -100.00 -100.00 -100.00
 231    12.840 56947.03430284 31.18  65.234804  63.422380 22.687 -100.00 -100.00 -100.00
 232    11.488 56956.94995477 37.19  65.212527  63.424353   -100 -100.00 -100.00 -100.00
 232    11.489 56956.94995536 38.98  65.217789  63.423193   -100 -100.00 -100.00 -100.00
 232    11.256 56956.94995595 41.01  65.223050  63.422033  7.054 -100.00 -100.00 -100.00
 232    11.334 56956.94995654 40.20  65.228311  63.420873   -100 -100.00 -100.00 -100.00
 233    11.082 56966.86560328 32.05  65.210305  63.423132   -100 -100.00 -100.00 -100.00
 233    10.784 56966.86560387 36.41  65.215566  63.421972  8.990 -100.00 -100.00 -100.00
 233    10.790 56966.86560446 36.16  65.220828  63.420811  6.681 -100.00 -100.00 -100.00
 233    12.768 56966.86560505 33.46  65.226088  63.419651   -100 -100.00 -100.00 -100.00
 234    13.346 56976.78124762 18.39  65.210288  63.423712  5.132 -100.00 -100.00 -100.00
 234    12.984 56976.78124821 18.04  65.215550  63.422552  4.515 -100.00 -100.00 -100.00
 234    12.580 56976.78124880 18.81  65.220811  63.421392  5.740 -100.00 -100.00 -100.00
 234    12.493 56976.78124939 17.98  65.226072  63.420231  4.574 -100.00 -100.00 -100.00
 235    13.690 56986.69688745 17.77  65.211411  63.425053  4.249 -100.00 -100.00 -100.00
 235    13.351 56986.69688805 17.55  65.216673  63.423893  3.440 -100.00 -100.00 -100.00
 235    12.528 56986.69688864 18.22  65.221934  63.422733  4.218 -100.00 -100.00 -100.00
 235    11.875 56986.69688923 18.91  65.227196  63.421573  5.093 -100.00 -100.00 -100.00
 236    13.653 56996.61252150 15.73  65.212103  63.425643  3.475 -100.00 -100.00 -100.00
 236    12.861 56996.61252209 15.72  65.217366  63.424483  3.508 -100.00 -100.00 -100.00
 236    12.813 56996.61252268 15.62  65.222628  63.423323  3.210 -100.00 -100.00 -100.00
 236    12.739 56996.61252327 15.98  65.227890  63.422162  3.919 -100.00 -100.00 -100.00
 236    12.485 56996.61252386 16.02  65.233151  63.421002  4.202 -100.00 -100.00 -100.00
 237    13.887 57006.52816633 15.26  65.210951  63.424054  3.100 -100.00 -100.00 -100.00
 237    13.614 57006.52816692 15.30  65.216213  63.422894  3.184 -100.00 -100.00 -100.00
 237    12.860 57006.52816751 15.42  65.221475  63.421734  3.010 -100.00 -100.00 -100.00
 237    12.776 57006.52816810 15.72  65.226737  63.420573  3.956 -100.00 -100.00 -100.00
 238    13.441 57016.44382062 16.43  65.209276  63.421404  3.851 -100.00 -100.00 -100.00
 238    13.562 57016.44382121 16.13  65.214538  63.420244  3.580 -100.00 -100.00 -100.00
 238    13.132 57016.44382180 16.16  65.219799  63.419083  3.459 -100.00 -100.00 -100.00
 239    13.710 57026.35947076 16.12  65.205680  63.421178  4.152 -100.00 -100.00 -100.00
 239    13.613 57026.35947135 16.22  65.210942  63.420018  4.266 -100.00 -100.00 -100.00
 239    13.209 57026.35947194 16.10  65.216204  63.418858  3.993 -100.00 -100.00 -100.00
 239    12.743 57026.35947253 15.84  65.221465  63.417697  3.544 -100.00 -100.00 -100.00
 240    13.804 57036.27511926 15.27  65.206626  63.422664  3.774 -100.00 -100.00 -100.00
 240    13.778 57036.27511985 15.24  65.211888  63.421504  3.723 -100.00 -100.00 -100.00
 240    13.195 57036.27512044 15.23  65.217149  63.420344  3.476 -100.00 -100.00 -100.00
 240    12.863 57036.27512103 15.26  65.222410  63.419184  3.657 -100.00 -100.00 -100.00
 241    13.484 57046.19076539 15.89  65.209833  63.424220  3.566 -100.00 -100.00 -100.00
 241    13.828 57046.19076598 16.09  65.215095  63.423060  3.615 -100.00 -100.00 -100.00
 241    13.646 57046.19076657 16.27  65.220356  63.421900  4.202 -100.00 -100.00 -100.00
 241    13.106 57046.19076716 16.52  65.225617  63.420739  4.437 -100.00 -100.00 -100.00
 242    13.331 57056.10640852 14.45  65.215588  63.424035  3.499 -100.00 -100.00 -100.00
 242    13.632 57056.10640911 14.49  65.220850  63.422874  3.687 -100.00 -100.00 -100.00
 242    13.733 57056.10640970 14.39  65.226111  63.421714  4.449 -100.00 -100.00 -100.00
 242    12.974 57056.10641029 15.05  65.231371  63.420553  4.915 -100.00 -100.00 -100.00
 243    13.536 57066.02204570 13.50  65.213217  63.423682  4.067 -100.00 -100.00 -100.00
 243    13.399 57066.02204629 13.64  65.218478  63.422522  4.571 -100.00 -100.00 -100.00
 243    13.279 57066.02204688 13.29  65.223739  63.421362  3.898 -100.00 -100.00 -100.00
 243    12.857 57066.02204747 13.99  65.229000  63.420202  4.936 -100.00 -100.00 -100.00
 244    13.836 57075.93767808 13.72  65.208618  63.424040  3.819 -100.00 -100.00 -100.00
 244    13.489 57075.93767867 13.20  65.213879  63.422880  3.463 -100.00 -100.00 -100.00
 244    13.502 57075.93767926 13.58  65.219141  63.421720  3.611 -100.00 -100.00 -100.00
 244    13.507 57075.93767985 13.34  65.224401  63.420560  3.214 -100.00 -100.00 -100.00
 245    14.522 57085.85330801 15.65  65.211310  63.424433  3.303 -100.00 -100.00 -100.00
 245    14.285 57085.85330860 15.74  65.216572  63.423273  3.164 -100.00 -100.00 -100.00
 245    14.195 57085.85330920 15.73  65.221833  63.422113  3.349 -100.00 -100.00 -100.00
 245    13.845 57085.85330979 16.03  65.227094  63.420953  3.980 -100.00 -100.00 -100.00
 246    14.528 57095.76896540 14.96  65.215909  63.424552  2.949 -100.00 -100.00 -100.00
 246    14.452 57095.76896599 14.92  65.221170  63.423392  2.974 -100.00 -100.00 -100.00
 246    14.239 57095.76896658 15.21  65.226431  63.422232  3.324 -100.00 -100.00 -100.00
 246    14.483 57095.76896717 14.92  65.231692  63.421072  2.996 -100.00 -100.00 -100.00
 247    14.486 57105.68462160 12.48  65.216889  63.425631  2.891 -100.00 -100.00 -100.00
 247    14.408 57105.68462219 12.68  65.222150  63.424471  3.116 -100.00 -100.00 -100.00
 247    14.379 57105.68462278 12.84  65.227411  63.423310  3.439 -100.00 -100.00 -100.00
 247    14.500 57105.68462337 12.59  65.232672  63.422150  3.012 -100.00 -100.00 -100.00
 248    14.390 57115.60027347 12.20  65.219101  63.425504  3.044 -100.00 -100.00 -100.00
 248    14.602 57115.60027406 12.13  65.224363  63.424343  2.893 -100.00 -100.00 -100.00
 248    14.726 57115.60027465 12.21  65.229624  63.423183  2.783 -100.00 -100.00 -100.00
 248    14.560 57115.60027524 12.46  65.234885  63.422022  3.037 -100.00 -100.00 -100.00
 249    14.008 57125.51591847  4.50  65.214284  63.425145  5.737 -100.00 -100.00 -100.00
 249    13.676 57125.51591906  4.01  65.219546  63.423985  4.731 -100.00 -100.00 -100.00
 249    13.629 57125.51591965  4.00  65.224807  63.422825  4.320 -100.00 -100.00 -100.00
 249    13.169 57125.51592024  4.69  65.230068  63.421664  5.597 -100.00 -100.00 -100.00
 250    10.398 57135.43155858 14.07  65.212443  63.423683 10.463 -100.00 -100.00 -100.00
 250    10.224 57135.43155917 14.95  65.217704  63.422523 12.802 -100.00 -100.00 -100.00
 250    10.368 57135.43155976 13.96  65.222966  63.421363 11.237 -100.00 -100.00 -100.00
 250    10.417 57135.43156035 12.81  65.228227  63.420202  7.516 -100.00 -100.00 -100.00
