# NaN NaN NaN ;Mean Elev.(m), Avg Gradient(m/km), RMS Gradient(m/km) - SRTM1     
#   44.993  -2.057   5.345 ;Mean Elev.(m), Avg Gradient(m/km), RMS Gradient(m/km) - ASTER GDEM
#   46.277  -1.386   4.578 ;Mean Elev.(m), Avg Gradient(m/km), RMS Gradient(m/km) - GMTED2010 
   1  81.642410  58.711355    54.460    54.261  4 54666.19501915 28.850
   2  81.641152  58.712676    52.573    52.092  4 54676.11066381 32.752
   3  81.636556  58.712839   -25.492   -25.411  4 54686.02630653  8.017
   4  81.636713  58.713321    51.217    50.138  4 54695.94194808 39.725
   5  81.640200  58.712437   -21.997   -21.859  4 54705.85758748  5.253
   6  81.640153  58.710292    49.817    49.798  4 54715.77323950 38.171
   7  81.642953  58.709707    12.383    12.406  4 54725.68888958  8.966
   8  81.641550  58.710061    50.595    50.586  4 54735.60453761 46.435
   9  81.638928  58.712168    50.709    50.693  4 54745.52018498 52.303
  10  81.635820  58.713291    50.266    50.249  4 54755.43583177 43.691
  11  81.636863  58.713071    50.418    50.405  4 54765.35147743 48.243
  12  81.640951  58.711512    50.059    50.045  4 54775.26712025 36.067
  13  81.641927  58.709096    51.694    51.673  4 54785.18276012 46.605
  14  81.641667  58.708737    52.283    52.211  4 54795.09839850 40.315
  17  81.640396  58.711556    51.923    52.237  5 54824.84531922 23.078
  18  81.640138  58.711719    51.770    51.759  5 54834.76095883 21.419
  19  81.638280  58.712302    52.363    52.367  4 54844.67660850 19.264
  20  81.636945  58.713912    52.446    52.364  4 54854.59225762 18.890
  21  81.635720  58.715919    52.206    52.108  5 54864.50790670 19.197
  22  81.636442  58.717112    51.909    51.933  3 54874.42355558 18.061
  23  81.635260  58.715099    52.135    52.058  5 54884.33920124 17.351
  24  81.637995  58.713238    52.124    52.109  4 54894.25484383 17.072
  25  81.641275  58.712345    52.950    52.977  4 54904.17048386 16.193
  26  81.640044  58.711485    53.008    52.934  4 54914.08612221 16.310
  27  81.639717  58.712527    52.252    51.771  4 54924.00176025 27.631
  28  81.637732  58.712099    51.735    51.701  4 54933.91739712 34.014
  29  81.640952  58.711502    56.157    56.164  4 54943.83303250 54.936
  30  81.645038  58.709286    54.888    54.860  4 54953.74866564 30.329
  31  81.645098  58.707645    55.026    54.955  4 54963.66431017 31.809
  32  81.645215  58.709008    55.194    55.158  4 54973.57995878 30.623
  33  81.641796  58.710332    55.304    55.284  4 54983.49560644 36.508
  34  81.638231  58.711245    55.264    55.207  4 54993.41125383 35.707
  35  81.639073  58.712839    55.082    54.999  4 55003.32690067 32.660
  36  81.639383  58.713243    55.108    54.982  4 55013.24254528 31.232
  37  81.638338  58.712668    54.837    54.779  4 55023.15818818 30.291
  38  81.636866  58.712901    53.476    53.328  4 55033.07383035 48.568
  39  81.638294  58.714273    54.618    54.514  4 55042.98947219 29.165
  40  81.638990  58.713553    52.474    51.588  4 55052.90511205 40.640
  41  81.639690  58.711039    51.447    51.414  4 55062.82074947 51.638
  42  81.642603  58.710335    50.986    50.969  4 55072.73639394 49.698
  43  81.642507  58.709900    51.418    51.444  4 55082.65204219 51.567
  44  81.640002  58.710094    50.647    50.639  4 55092.56768882 45.012
  45  81.640044  58.712040    51.403    50.359  4 55102.48333573 35.821
  46  81.638316  58.712680    52.025    50.701  5 55112.39898199 34.049
  47  81.637905  58.711726    52.283    52.052  4 55122.31462584 34.538
  48  81.639468  58.710291    52.852    53.192  4 55132.23026688 28.287
  49  81.640912  58.709152    52.262    52.256  4 55142.14590585 45.738
  50  81.642059  58.709827    52.804    52.802  4 55152.06154432 32.232
  51  81.641473  58.710662    51.990    52.009  4 55161.97718283 28.450
  52  81.639981  58.710739    51.753    51.709  4 55171.89282075 25.343
  53  81.639467  58.710037    51.550    51.462  4 55181.80845709 24.639
  54  81.640884  58.711893    51.474    51.462  4 55191.72410736 21.326
  55  81.637147  58.712361    51.673    51.706  4 55201.63975721 22.786
  56  81.637478  58.714407    51.264    51.222  4 55211.55540710 24.341
  57  81.636203  58.714652    51.526    51.441  4 55221.47105618 19.753
  58  81.635865  58.713687    51.467    51.605  4 55231.38670403 19.173
  59  81.639496  58.713287    52.640    52.631  4 55241.30234909 15.448
  60  81.638507  58.711278    52.771    52.760  4 55251.21798996 14.437
  61  81.641701  58.712321    53.120    53.163  4 55261.13362926 14.053
  62  81.639945  58.711913    52.982    53.098  4 55271.04926693 13.510
  63  81.639721  58.711656    53.443    53.503  4 55280.96490464 12.032
  64  81.641080  58.710908    53.609    53.684  4 55290.88054122 12.322
  65  81.641566  58.708685    52.180    52.041  4 55300.79617520 16.511
  66  81.643995  58.709159    53.461    53.896  3 55310.71182182 34.659
  67  81.642582  58.709050    56.536    56.518  4 55320.62746719 55.524
  68  81.642282  58.710538    55.829    55.720  4 55330.54311191 34.075
  69  81.639383  58.711174    56.270    56.190  4 55340.45875620 34.762
  70  81.640630  58.712542    56.433    56.444  4 55350.37440076 39.154
  71  81.639102  58.711878    56.464    56.426  4 55360.29004267 35.292
  72  81.639628  58.712280    56.414    56.363  5 55370.20568270 36.492
  73  81.639117  58.712532    56.021    55.915  5 55380.12132107 38.590
  74  81.637581  58.712200    55.375    55.314  4 55390.03695849 35.621
  75  81.639279  58.711688    54.595    54.587  4 55399.95259507 53.040
  76  81.643019  58.711557    53.448    53.463  4 55409.86824273 52.420
  77  81.642753  58.709770    52.516    52.495  4 55419.78389272 52.924
  78  81.644274  58.710065    54.779    54.905  4 55429.69953997 28.650
  79  81.643378  58.711388    54.604    54.500  4 55439.61518472 31.207
  80  81.638838  58.711484    52.155    51.565  4 55449.53082761 35.934
  81  81.640742  58.712760    50.341    50.416  4 55459.44647090 51.494
  82  81.639129  58.710564    50.782    50.243  4 55469.36211253 34.925
  83  81.642804  58.709715    52.554    53.685  3 55479.27775165 31.266
  84  81.644381  58.708710    52.517    53.480  3 55489.19338769 31.673
  85  81.644675  58.708609    53.248    53.822  4 55499.10902139 30.557
  86  81.643443  58.709958    53.119    54.106  4 55509.02466127 36.040
  87  81.642074  58.711890    50.030    50.059  4 55518.94031139 47.445
  88  81.640069  58.712155    50.542    50.509  4 55528.85596027 36.089
  89  81.639210  58.712027    50.697    50.720  4 55538.77160739 32.335
  90  81.639049  58.712494    50.605    50.612  4 55548.68725246 31.639
  91  81.637332  58.713319    50.850    50.936  5 55558.60289578 29.564
  92  81.636712  58.714434    50.433    50.320  4 55568.51853843 27.070
  93  81.637524  58.714018    50.053    50.077  4 55578.43418018 26.749
  94  81.639067  58.711458    50.719    50.872  4 55588.34981938 23.278
  95  81.642576  58.708684    53.021    52.928  4 55598.26545565 16.833
  96  81.644856  58.707374    53.308    53.355  4 55608.18108933 16.273
  97  81.645012  58.707631    53.404    53.425  3 55618.09672104 14.300
  98  81.641186  58.709255    53.447    53.487  4 55628.01236718 14.069
  99  81.641748  58.711225    53.289    53.278  4 55637.92801865 13.845
 100  81.643787  58.711218    50.517    50.576  4 55647.84366790 20.960
 101  81.644648  58.709587    50.202    50.109  4 55657.75931390 30.729
 102  81.644838  58.709034    51.041    51.061  4 55667.67495592 39.463
 103  81.642823  58.709628    54.462    54.311  4 55677.59059531 29.801
 104  81.639539  58.710314    55.456    55.527  4 55687.50623277 33.524
 105  81.639119  58.710981    55.568    55.635  4 55697.42186926 34.221
 106  81.642437  58.710952    55.021    55.019  4 55707.33750463 32.712
 107  81.643426  58.711459    54.702    54.612  4 55717.25315618 45.920
 108  81.641675  58.711707    54.920    54.958  4 55727.16880462 31.135
 109  81.640535  58.713185    54.906    54.803  4 55737.08445154 29.836
 110  81.638209  58.713951    54.382    54.330  4 55747.00009695 31.212
 111  81.638061  58.713552    53.590    53.544  5 55756.91574031 35.007
 112  81.640283  58.711489    54.398    54.169  5 55766.83138107 30.129
 113  81.644787  58.709581    51.963    51.453  4 55776.74701910 30.551
 114  81.645234  58.707558    50.307    50.273  3 55786.66265410 38.735
 115  81.645232  58.708240    50.480    50.530  3 55796.57828781 50.120
 116  81.641898  58.709192    50.958    50.142  4 55806.49392920 32.801
 117  81.639749  58.710040    50.819    50.893  4 55816.40957837 43.309
 118  81.641467  58.709302    50.305    50.262  4 55826.32522458 49.303
 119  81.645663  58.708718    50.563    49.555  4 55836.24086659 35.645
 120  81.646658  58.707776    49.539    49.540  4 55846.15650488 45.082
 121  81.643715  58.707586    49.511    49.475  4 55856.07214021 40.875
 122  81.641315  58.709579    50.392    49.347  4 55865.98778234 36.320
 123  81.638883  58.711887    49.649    49.650  4 55875.90343498 43.758
 133  81.642372  58.709229    52.956    52.896  4 55975.05986797 20.021
 134  81.643290  58.711154    52.613    52.629  4 55984.97550443 20.030
 135  81.643856  58.710727    52.756    52.842  4 55994.89113817 19.725
 136  81.643550  58.710227    52.767    52.720  4 56004.80679010 18.784
 137  81.644313  58.709129    50.440    50.539  4 56014.72243821 23.185
 139  81.641914  58.710801    54.405    54.320  4 56034.55372662 28.580
 141  81.637988  58.712458    54.828    54.966  4 56054.38500612 28.058
 142  81.640121  58.711857    54.668    55.012  4 56064.30064103 28.656
 143  81.641848  58.711465    54.331    54.291  4 56074.21628472 28.851
 144  81.639649  58.711422    53.897    53.692  4 56084.13193422 29.879
 145  81.640316  58.712715    51.172    51.155  4 56094.04758173 51.882
 146  81.640087  58.713218    51.809    51.097  4 56103.96322684 34.044
 147  81.638631  58.711577    49.982    49.986  4 56113.87885703 44.782
 148  81.640437  58.710120    49.938    49.957  4 56123.79449536 50.357
 149  81.643080  58.708117    50.302    50.328  4 56133.71012977 49.527
 150  81.644468  58.707662    50.001    49.982  4 56143.62576884 41.946
 151  81.644080  58.709595    49.373    49.423  4 56153.54141965 38.833
 152  81.640017  58.710281    49.764    49.434  4 56163.45706865 32.892
 153  81.639821  58.711291    51.052    50.337  4 56173.37271600 33.101
 154  81.641466  58.710951    50.517    49.302  4 56183.28835829 38.934
 155  81.642723  58.709626    49.691    49.696  4 56193.20399662 49.234
 156  81.643777  58.709168    51.432    51.285  4 56203.11963223 31.015
 157  81.641673  58.708694    52.879    52.819  4 56213.03526576 29.994
 158  81.642104  58.709675    49.819    49.807  4 56222.95089820 49.995
 159  81.639486  58.711519    50.704    50.573  4 56232.86655442 38.666
 160  81.640412  58.712961    50.017    50.036  4 56242.78220689 39.230
 161  81.639213  58.712417    50.515    50.309  5 56252.69785442 32.761
 162  81.639623  58.712325    50.420    50.296  4 56262.61349771 27.129
 164  81.638787  58.711583    50.822    50.828  4 56282.44478127 23.468
 165  81.639492  58.711949    51.221    51.312  5 56292.36043346 21.667
 166  81.641957  58.711998    50.473    50.482  4 56302.27608127 23.170
 167  81.641860  58.710916    51.611    51.749  4 56312.19172444 17.262
 168  81.641484  58.710699    52.142    52.018  4 56322.10736542 15.018
 169  81.640554  58.711066    51.814    51.935  4 56332.02300577 14.277
 170  81.640833  58.711277    51.928    52.012  4 56341.93864571 15.600
 171  81.640546  58.709861    52.777    52.733  4 56351.85428308 12.725
 172  81.643346  58.709562    52.962    53.197  4 56361.76992326 13.657
 173  81.640981  58.709335    53.607    53.610  4 56371.68557229 12.545
 174  81.641520  58.711667    54.120    54.197  4 56381.60121938 11.786
 175  81.638568  58.712836    50.456    50.414  5 56391.51686394 34.877
 176  81.638381  58.713669    51.531    51.499  4 56401.43250710 37.799
 177  81.637336  58.712673    55.084    55.001  4 56411.34814719 34.149
 178  81.639915  58.711892    55.376    55.410  4 56421.26378268 32.711
 179  81.640434  58.711301    56.032    56.023  4 56431.17942162 34.023
 180  81.639635  58.713073    56.416    56.390  4 56441.09507462 36.573
 181  81.637995  58.713638    56.615    56.636  5 56451.01072483 37.605
 182  81.637388  58.712761    56.482    56.435  4 56460.92637259 45.853
 183  81.639188  58.711695    55.845    55.898  4 56470.84201723 41.538
 184  81.642230  58.711153    55.170    55.176  4 56480.75765843 32.830
 185  81.642134  58.710163    54.789    54.720  3 56490.67329543 28.819
 187  81.641585  58.709066    52.075    52.086  4 56510.50456339 47.697
 188  81.644552  58.710259    54.882    54.890  4 56520.42020756 24.982
 189  81.643222  58.710276    53.411    53.153  4 56530.33586100 33.446
 190  81.642966  58.710295    54.803    54.808  4 56540.25151061 24.370
 191  81.641430  58.710468    54.319    54.579  4 56550.16715575 27.532
 192  81.638780  58.711425    53.275    53.685  4 56560.08279849 31.110
 193  81.639363  58.713589    53.834    53.897  4 56569.99844061 30.536
 194  81.637439  58.713260    54.114    54.030  5 56579.91408077 30.890
 195  81.639708  58.712038    51.238    51.232  5 56589.82971723 46.464
 196  81.641275  58.711488    52.804    52.665  4 56599.74536301 40.338
 197  81.641659  58.712445    54.237    54.099  4 56609.66101373 22.795
 198  81.638353  58.712626    51.843    51.711  5 56619.57665927 51.147
 199  81.637873  58.713273    51.124    51.122  4 56629.49230202 44.315
 200  81.639066  58.712144    51.953    51.998  5 56639.40794146 39.528
 201  81.640486  58.709981    51.718    51.705  4 56649.32358661 29.833
 202  81.641943  58.709435    51.881    51.885  4 56659.23923800 29.592
 203  81.640331  58.709450    51.601    51.615  4 56669.15488519 28.441
 205  81.639156  58.713053    51.689    51.563  4 56688.98617372 21.955
 206  81.639412  58.712196    52.034    52.056  4 56698.90181422 21.475
 207  81.641102  58.709781    52.870    53.142  4 56708.81745000 18.764
 208  81.643368  58.709035    53.205    53.193  4 56718.73308900 17.689
 209  81.641776  58.710900    52.526    52.862  4 56728.64874155 18.059
 211  81.636133  58.715049    51.186    51.173  4 56748.48003503 38.775
 212  81.636759  58.714744    54.134    54.114  4 56758.39567530 27.784
 213  81.637873  58.711872    55.895    55.876  4 56768.31130917 35.607
 214  81.639942  58.711424    55.746    55.760  4 56778.22695614 41.089
 215  81.638608  58.712501    55.345    55.285  4 56788.14261208 34.588
 216  81.636650  58.714325    55.479    55.455  5 56798.05826449 35.323
 217  81.635869  58.715596    55.280    55.267  5 56807.97391124 33.783
 219  81.640479  58.712327    55.788    55.796  4 56827.80518911 54.788
 220  81.642794  58.709237    55.104    55.093  4 56837.72082287 30.254
 221  81.645808  58.708727    55.051    55.040  4 56847.63645428 27.817
 222  81.641855  58.710299    54.874    54.849  4 56857.55210656 29.295
 223  81.639718  58.712795    54.674    54.653  4 56867.46776027 29.356
 224  81.636693  58.712532    53.919    53.631  4 56877.38341188 30.706
 225  81.639303  58.712963    54.540    54.480  4 56887.29906093 28.024
 226  81.640014  58.712178    53.095    53.378  4 56897.21470689 30.311
 227  81.638343  58.712386    53.031    53.433  4 56907.13034994 29.942
 228  81.636199  58.713970    49.774    49.793  4 56917.04599092 43.408
 229  81.635890  58.715574    49.998    50.041  5 56926.96163008 48.260
 230  81.636319  58.714723    49.932    50.000  5 56936.87726529 46.989
 231  81.639691  58.711927    52.550    52.447  5 56946.79289515 33.963
 232  81.641489  58.711685    51.990    52.071  4 56956.70854949 50.829
 233  81.641051  58.711690    52.597    52.479  4 56966.62419819 47.271
 234  81.638832  58.712332    52.374    52.291  5 56976.53984271 38.103
 235  81.638550  58.713235    51.987    51.773  5 56986.45548297 26.816
 236  81.640103  58.711824    53.008    52.849  4 56996.37111737 20.035
 237  81.642002  58.709834    52.665    52.772  4 57006.28676170 19.068
 238  81.644003  58.709657    51.968    51.755  4 57016.20241639 19.402
 239  81.643586  58.710370    52.987    53.087  4 57026.11806697 17.897
 240  81.641421  58.712379    53.630    53.615  4 57036.03371545 16.483
 241  81.637654  58.712838    53.303    53.313  4 57045.94936094 16.435
 242  81.638377  58.712942    53.382    53.316  5 57055.86500342 14.907
 243  81.642188  58.712022    53.302    53.287  4 57065.78064092 14.577
 244  81.643396  58.710423    53.836    53.803  4 57075.69627359 14.347
 245  81.644737  58.709957    51.396    51.350  4 57085.61190343 18.762
 246  81.638198  58.711437    52.335    52.401  4 57095.52755941 17.511
 247  81.636506  58.714446    53.121    53.490  4 57105.44321613 19.743
 248  81.636907  58.715559    52.546    52.515  4 57115.35886829 23.239
 249  81.638486  58.714491    52.176    51.333  4 57125.27451398 32.249
 250  81.637646  58.711851    53.628    53.648  4 57135.19015387 37.964
