# NaN NaN NaN ;Mean Elev.(m), Avg Gradient(m/km), RMS Gradient(m/km) - SRTM1     
#   -7.640     NaN     NaN ;Mean Elev.(m), Avg Gradient(m/km), RMS Gradient(m/km) - ASTER GDEM
#    1.041  -0.116   0.991 ;Mean Elev.(m), Avg Gradient(m/km), RMS Gradient(m/km) - GMTED2010 
   1  65.890324  65.852227     6.691     6.584  8 54665.33988226 30.559
   2  65.887832  65.853262     6.244     6.054  7 54675.25552675 28.512
   3  65.890342  65.855105     0.559     0.567  6 54685.17117030 25.286
   4  65.889209  65.855885     6.412     6.203  6 54695.08681195 27.661
   5  65.890360  65.854885     2.937     2.860  6 54705.00245124 30.122
   6  65.888064  65.852380     5.205     5.420  7 54714.91810256 32.114
   7  65.890980  65.850409     3.277     3.280  7 54724.83375302 49.210
   8  65.889193  65.849997     4.780     5.339  8 54734.74940104 31.292
   9  65.890523  65.851818     3.645     3.041  7 54744.66504830 32.547
  10  65.889661  65.853343     2.645     2.790  7 54754.58069494 39.292
  11  65.888834  65.852948     6.329     4.922  7 54764.49634055 31.307
  12  65.890792  65.850841     2.951     2.976  8 54774.41198359 49.674
  13  65.890068  65.848888     3.346     3.337  8 54784.32762379 40.195
  14  65.891996  65.849179     2.846     2.878  8 54794.24326243 36.014
  17  65.888920  65.853112     6.390     4.704  6 54823.99018159 17.068
  18  65.892165  65.852572    11.741    13.933  7 54833.90582182 16.210
  19  65.888649  65.852393    16.808    18.342  7 54843.82147144 15.810
  20  65.887909  65.853606    15.924    16.301  7 54853.73712039 15.137
  21  65.886889  65.855447    13.973    12.856  6 54863.65276912 15.012
  22  65.888614  65.856306    16.898    18.118  6 54873.56841788 14.219
  23  65.890052  65.855231    17.716    18.750  6 54883.48406420 14.109
  24  65.889757  65.852527    19.340    19.322  7 54893.39970691 13.653
  25  65.891873  65.850459    20.206    20.240  8 54903.31534714 13.595
  26  65.890653  65.850287    19.936    19.993  8 54913.23098585 14.046
  27  65.889793  65.851732    18.581    19.459  8 54923.14662386 14.204
  28  65.887259  65.852831    18.599    18.592  7 54933.06226091 15.215
  29  65.891535  65.852538    13.291    13.396  7 54942.97789669 12.043
  30  65.892397  65.850470    18.052    19.740  8 54952.89353018  9.663
  31  65.888393  65.848428     4.111     3.919  8 54962.80917331 32.700
  32  65.891656  65.849053     5.858     5.809  8 54972.72482219 35.250
  33  65.891124  65.850998    16.755    17.110  8 54982.64046985 32.699
  34  65.887836  65.852843     8.703     7.389  7 54992.55611698 34.185
  35  65.887849  65.853534     7.054     7.232  7 55002.47176357 31.362
  36  65.887532  65.853245     6.809     7.069  7 55012.38740821 32.447
  37  65.888738  65.852791     6.697     6.867  7 55022.30305156 29.621
  38  65.889312  65.853478     6.429     6.211  6 55032.21869402 25.838
  39  65.887397  65.854533     6.347     6.099  6 55042.13433556 25.629
  40  65.886891  65.854948     6.189     5.953  6 55052.04997566 24.853
  41  65.888576  65.853732     5.219     5.250  6 55061.96561372 24.848
  42  65.891180  65.851583     4.423     4.382  8 55071.88125708 31.223
  43  65.891594  65.849798     4.373     4.391  8 55081.79690566 31.811
  44  65.889880  65.849707     4.721     4.811  8 55091.71255249 31.196
  45  65.890226  65.851196     3.062     2.973  7 55101.62819908 33.623
  46  65.890612  65.852728     3.594     3.239  7 55111.54384530 32.069
  47  65.887625  65.852316     4.741     4.703  7 55121.45948902 29.797
  48  65.889293  65.850696     2.580     2.543  7 55131.37513029 49.688
  49  65.888378  65.848932     2.828     2.809  8 55141.29076932 47.985
  50  65.891541  65.849316     1.729     1.712  8 55151.20640806 42.104
  51  65.891150  65.851023     1.868     1.891  8 55161.12204660 36.114
  52  65.891362  65.852801     3.385     3.748  7 55171.03768479 25.361
  53  65.890142  65.853352     4.502     4.516  7 55180.95332133 20.798
  54  65.890825  65.853173    13.976    14.569  7 55190.86897006 19.243
  55  65.890732  65.853391    13.550    14.939  7 55200.78462032 18.019
  56  65.887119  65.853837    13.485    14.915  6 55210.70026962 18.176
  57  65.888373  65.854668    11.821    11.724  7 55220.61591891 17.557
  58  65.886929  65.854193    13.409    12.905  6 55230.53156689 16.138
  59  65.891050  65.853184    16.708    15.827  7 55240.44721213 15.933
  60  65.890184  65.851394    16.061    16.139  7 55250.36285331 15.762
  61  65.888612  65.850255    11.887    13.105  8 55260.27849213 16.022
  62  65.891217  65.850574    14.150    14.925  7 55270.19413056 15.760
  63  65.891489  65.851362    14.910    14.991  7 55280.10976871 14.830
  64  65.890890  65.851703    13.257    12.471  8 55290.02540550 15.209
  65  65.889452  65.851132    12.860    14.396  8 55299.94103984 16.789
  66  65.891748  65.850218     6.013     3.479  8 55309.85668516 21.657
  67  65.890694  65.849496     2.908     2.950  8 55319.77233078 33.958
  68  65.890568  65.849974     9.386     6.564  8 55329.68797550 35.813
  69  65.891776  65.851569     6.999     7.129  7 55339.60362014 25.491
  70  65.887255  65.852626     6.748     7.033  7 55349.51926394 32.321
  71  65.890923  65.853495     6.687     6.861  7 55359.43490647 26.183
  72  65.888749  65.853425     6.366     6.316  6 55369.35054627 39.364
  73  65.889465  65.853564     6.577     6.798  7 55379.26618486 27.190
  74  65.888176  65.853837     6.043     6.109  6 55389.18182253 26.162
  75  65.887623  65.853785     6.089     5.957  7 55399.09745925 36.353
  76  65.889631  65.853011     6.026     5.971  7 55409.01310551 22.903
  77  65.890851  65.851499     6.114     5.964  7 55418.92875622 22.310
  78  65.891357  65.850215     5.684     5.517  8 55428.84440349 36.473
  79  65.892675  65.850293     5.431     5.264  8 55438.76004827 27.268
  80  65.891175  65.851129     3.000     2.987  7 55448.67569144 35.819
  81  65.890382  65.851708     2.964     2.952  7 55458.59133437 35.641
  82  65.888885  65.851417     3.581     3.134  7 55468.50697646 31.139
  83  65.889106  65.850390     4.509     4.784  8 55478.42261543 29.685
  84  65.888502  65.849479     4.849     4.896  8 55488.33825132 30.658
  85  65.889141  65.849393     6.001     5.642  8 55498.25388506 27.887
  86  65.890754  65.850635     7.079     4.652  8 55508.16952370 24.129
  87  65.891263  65.852002     3.570     3.562  7 55518.08517403 42.515
  88  65.890326  65.852866     2.482     2.469  7 55528.00082330 32.662
  89  65.887525  65.852978     2.152     2.173  7 55537.91647045 28.299
  90  65.886788  65.853150     2.317     2.337  7 55547.83211554 25.269
  91  65.887834  65.853842     2.839     2.492  7 55557.74775904 22.843
  92  65.887793  65.854585     3.703     3.703  7 55567.66340158 21.733
  93  65.889709  65.854395     2.988     3.251  6 55577.57904352 23.216
  94  65.889575  65.852634     3.330     3.163  7 55587.49468310 22.052
  95  65.891268  65.850402     2.802     2.967  7 55597.41031974 22.163
  96  65.887925  65.848982     6.341     4.352  8 55607.32595313 20.234
  97  65.890561  65.849500     5.864     3.682  8 55617.24158510 19.395
  98  65.890347  65.851151     5.960     4.329  7 55627.15722962 18.071
  99  65.890960  65.851896     3.030     3.107  7 55637.07288126 19.340
 100  65.891557  65.851292     7.725     3.879  8 55646.98853081 15.278
 101  65.890579  65.849765    14.115    14.785  8 55656.90417737 15.168
 102  65.887874  65.848970     6.746     4.379  8 55666.81981947 18.817
 103  65.890785  65.849993     4.130     3.697  8 55676.73545931 36.728
 104  65.890952  65.851728     5.703     5.756  7 55686.65109709 42.968
 105  65.889328  65.852872     6.983     6.998  7 55696.56673351 29.367
 106  65.891011  65.853016     6.770     6.813  7 55706.48236893 43.685
 107  65.889715  65.852549     6.572     6.572  7 55716.39801874 46.621
 108  65.888880  65.852621     6.590     6.746  7 55726.31366738 27.149
 109  65.887894  65.853515     6.256     6.259  7 55736.22931424 53.402
 110  65.889239  65.854630     6.268     6.060  6 55746.14496005 25.101
 111  65.888532  65.854317     5.779     5.867  6 55756.06060372 26.163
 112  65.891521  65.852485     5.331     5.455  7 55765.97624521 25.994
 113  65.890223  65.849826     4.160     3.184  8 55775.89188338 31.661
 114  65.889897  65.848494     4.986     3.361  9 55785.80751879 30.833
 115  65.891030  65.849627     4.546     3.590  8 55795.72315248 31.740
 116  65.890610  65.851494     2.628     2.673  7 55805.63879232 47.475
 117  65.888839  65.852334     2.671     2.506  7 55815.55444142 36.520
 118  65.891518  65.851285     3.717     3.228  7 55825.47008818 30.709
 119  65.893450  65.849590     2.888     2.888  8 55835.38573034 46.460
 120  65.890206  65.848486     4.484     4.337  8 55845.30136850 32.192
 121  65.890274  65.849756     4.128     3.175  8 55855.21700425 31.260
 122  65.891510  65.852104     3.462     3.820  7 55865.13264474 41.200
 123  65.887982  65.853683     2.183     2.161  7 55875.04829749 41.752
 133  65.891708  65.849757     8.413     9.295  8 55974.20473192 18.492
 134  65.887947  65.851679     5.894     4.462  7 55984.12036781 19.377
 135  65.887184  65.852435     5.597     4.181  7 55994.03600168 19.365
 136  65.890215  65.851581    10.033     9.919  7 56003.95165272 18.643
 137  65.889422  65.849448     5.624     4.208  8 56013.86730138 19.559
 139  65.890370  65.850495     7.924     7.756  8 56033.69859035 13.056
 141  65.887957  65.854485     4.496     4.362  7 56053.52986995 28.021
 142  65.890076  65.854280     8.217     6.563  6 56063.44550530 31.845
 143  65.889125  65.852907     8.144     6.795  6 56073.36114720 25.896
 144  65.887008  65.852361     6.445     6.318  7 56083.27679698 30.485
 145  65.887149  65.852881     5.688     5.454  7 56093.19244456 33.390
 146  65.888190  65.853828     7.540     6.627  7 56103.10809002 25.600
 147  65.890205  65.853605     6.613     6.801  7 56113.02372108 26.485
 148  65.887823  65.851872     4.489     4.274  7 56122.93935956 29.144
 149  65.891006  65.849778     4.137     4.541  8 56132.85499464 31.490
 150  65.891040  65.848754     4.650     4.500  8 56142.77063218 31.463
 151  65.889249  65.849701     5.004     4.975  8 56152.68628277 30.039
 152  65.889414  65.851651     3.608     3.033  8 56162.60193204 29.553
 153  65.887291  65.852575     3.516     2.874  7 56172.51757910 29.159
 154  65.889290  65.851958     3.581     2.929  7 56182.43322166 31.287
 155  65.890333  65.850376     4.175     4.462  8 56192.34886033 30.245
 156  65.889331  65.849443     4.647     4.550  8 56202.26449613 31.259
 157  65.888751  65.850476     2.212     2.202  8 56212.18013012 46.322
 158  65.887712  65.852486     4.940     4.786  7 56222.09576217 27.711
 159  65.890211  65.854549     3.067     3.393  6 56232.01141704 36.314
 160  65.889242  65.854634     1.666     1.658  6 56241.92706946 42.958
 161  65.887964  65.853670     1.382     1.381  6 56251.84271755 34.098
 162  65.890143  65.852942     1.646     1.663  7 56261.75836132 32.870
 163  65.891872  65.853027     1.768     1.752  7 56271.67400296 31.689
 164  65.887398  65.852988     3.534     3.730  7 56281.58964368 23.555
 165  65.886562  65.852924     3.800     4.149  7 56291.50529580 22.559
 166  65.887988  65.851801     3.450     3.826  7 56301.42094361 23.899
 167  65.890571  65.850377     4.248     4.042  7 56311.33658732 21.270
 168  65.891446  65.849818     7.094     7.758  7 56321.25222868 20.787
 169  65.889771  65.850600     9.390     9.815  8 56331.16786921 20.400
 170  65.889516  65.851828    11.168    10.683  7 56341.08350937 18.923
 171  65.887630  65.852164     7.506     8.878  7 56350.99914708 17.330
 172  65.891109  65.851535    12.147    12.348  8 56360.91478603 16.979
 173  65.890431  65.850647    11.717    12.576  7 56370.83043558 15.220
 174  65.891026  65.850859    13.171    13.450  8 56380.74608267 15.747
 175  65.889401  65.852318    10.264     9.819  7 56390.66172740 15.396
 176  65.886898  65.853759    15.373    15.961  7 56400.57737040  9.294
 177  65.887869  65.854588     2.871     2.857  6 56410.49301102 24.445
 178  65.887224  65.854113     3.564     3.197  7 56420.40864663 32.845
 179  65.888917  65.853452     6.969     6.918  7 56430.32428378 36.750
 180  65.890852  65.853545     7.983     6.762  7 56440.23993709 27.673
 181  65.890931  65.853624     6.714     6.882  7 56450.15558776 28.006
 182  65.891006  65.853359     6.507     6.712  7 56460.07123617 26.204
 183  65.887563  65.852106     6.294     6.066  7 56469.98688090 25.046
 184  65.888829  65.851150     6.362     6.320  7 56479.90252228 22.429
 185  65.890617  65.850534     5.825     5.854  7 56489.81815976 26.053
 187  65.889404  65.850930     5.925     5.837  7 56509.64942809 23.619
 188  65.891353  65.851535     5.489     5.465  7 56519.56507010 27.166
 189  65.889209  65.851598     5.519     5.431  8 56529.48072364 27.069
 190  65.889483  65.851407     3.548     3.006  7 56539.39637333 29.345
 191  65.890986  65.851333     4.408     4.350  7 56549.31201888 25.175
 192  65.890658  65.852031     4.759     4.854  7 56559.22766187 27.057
 193  65.889034  65.853150     4.782     4.770  7 56569.14330381 26.629
 194  65.888742  65.854353     3.457     2.692  7 56579.05894456 36.826
 195  65.887551  65.854305     2.362     2.344  7 56588.97458136 41.489
 196  65.889003  65.853775     3.173     3.107  7 56598.89022556 31.268
 197  65.888820  65.853253     3.379     3.437  7 56608.80587647 35.612
 198  65.889327  65.853517     3.578     3.385  6 56618.72152258 30.965
 199  65.888226  65.853688     4.018     4.123  7 56628.63716530 28.746
 200  65.888723  65.853143     4.492     4.390  7 56638.55280516 23.938
 201  65.890727  65.851704    12.923    12.391  8 56648.46844917 20.524
 202  65.889694  65.850283    12.038    11.891  7 56658.38410062 20.794
 203  65.891157  65.850126     8.726     4.530  8 56668.29974819 20.459
 205  65.891491  65.852749     6.974     4.306  7 56688.13103680 19.686
 206  65.890508  65.852788     7.032     4.440  7 56698.04667796 19.522
 207  65.890808  65.851688     7.808     4.442  7 56707.96231457 18.608
 208  65.889302  65.850579     6.217     5.299  8 56717.87795154 18.353
 209  65.889435  65.851231     6.379     5.282  7 56727.79360428 17.522
 211  65.886980  65.854843    11.925    11.093  6 56747.62489811 12.315
 212  65.888668  65.855325     4.767     5.165  6 56757.54053897 18.395
 213  65.888727  65.854275     4.629     4.686  7 56767.45617372 20.773
 214  65.888528  65.853086     5.560     4.112  7 56777.37181811 17.280
 215  65.891364  65.853320     4.441     4.531  7 56787.28747455 31.773
 216  65.887159  65.853853    14.290    14.630  6 56797.20312679 31.957
 217  65.888763  65.854588     8.155     7.076  7 56807.11877439 31.034
 219  65.889637  65.851820     6.926     7.059  7 56826.95005336 29.514
 220  65.890649  65.849958    12.223    13.652  8 56836.86568779 28.887
 221  65.889126  65.849666    10.097     7.338  8 56846.78131904 33.287
 222  65.891594  65.851374     7.011     7.025  7 56856.69696948 24.021
 223  65.888562  65.852962     6.831     6.983  7 56866.61262269 27.356
 224  65.887263  65.853125     6.599     6.545  7 56876.52827470 26.437
 225  65.887718  65.852342     6.463     6.380  7 56886.44392372 24.114
 226  65.888425  65.851325     5.794     5.780  7 56896.35956998 24.091
 227  65.890842  65.851943     3.846     3.289  8 56906.27521350 31.983
 228  65.888961  65.853708     5.168     4.955  7 56916.19085447 28.701
 229  65.889417  65.855644     5.283     5.287  6 56926.10649376 26.266
 230  65.885914  65.855795     4.807     5.423  6 56936.02212930 37.249
 231  65.886403  65.854264     3.594     3.642  6 56945.93775985 39.781
 232  65.889431  65.852731     3.970     3.914  6 56955.85341235 40.268
 233  65.888784  65.852044     3.501     3.560  7 56965.76906142 32.590
 234  65.889149  65.853027     3.102     3.081  7 56975.68470629 30.707
 235  65.887042  65.854023     4.001     3.561  7 56985.60034645 26.659
 236  65.889211  65.853569     4.240     4.254  6 56995.51598150 26.672
 237  65.891220  65.851491     4.071     3.997  8 57005.43162373 25.267
 238  65.889389  65.849458     6.868     4.050  8 57015.34727858 21.705
 239  65.890794  65.849555     3.920     3.927  8 57025.26292944 21.024
 240  65.889250  65.851631     5.606     4.636  8 57035.17857790 18.178
 241  65.888342  65.853559     4.718     4.670  6 57045.09422386 18.034
 242  65.889295  65.853864     4.818     4.643  7 57055.00986687 16.945
 243  65.889298  65.852234     4.218     4.106  7 57064.92550482 17.639
 244  65.889389  65.851015     2.846     2.894  8 57074.84113807 20.376
 245  65.891346  65.851423     2.153     2.167  8 57084.75676828 25.056
 246  65.888043  65.853645     2.126     2.127  6 57094.67242170 23.984
 247  65.885930  65.855692     2.375     2.342  6 57104.58807817 22.883
 248  65.887824  65.856228     5.027     5.052  6 57114.50373070 18.007
 249  65.888782  65.854699    16.309    17.387  7 57124.41937688  6.093
 250  65.888260  65.852793     2.183     2.143  7 57134.33501761 17.939
