# NaN NaN NaN ;Mean Elev.(m), Avg Gradient(m/km), RMS Gradient(m/km) - SRTM1     
#   -7.575  -0.819   6.231 ;Mean Elev.(m), Avg Gradient(m/km), RMS Gradient(m/km) - ASTER GDEM
#    4.041   0.434   1.912 ;Mean Elev.(m), Avg Gradient(m/km), RMS Gradient(m/km) - GMTED2010 
   1  65.918723  66.009126     6.425     6.329  8 54662.37326107 33.586
   2  65.926604  66.010098     5.935     5.901 12 54672.28890692 29.291
   3  65.923491  66.011092     1.809     1.389 11 54682.20455031 27.968
   4  65.925903  66.011781     4.929     5.098 11 54692.12019297 38.906
   5  65.923766  66.011113     2.219     1.663 11 54702.03583278 27.852
   6  65.925526  66.009537     4.814     5.259 12 54711.95148082 31.647
   7  65.931001  66.008338     3.515     3.113 13 54721.86713232 48.223
   8  65.930824  66.007644     5.014     4.978 13 54731.78278077 27.206
   9  65.938432  66.008589     2.960     2.554 12 54741.69842837 36.253
  10  65.939872  66.009262     4.524     4.388 12 54751.61407529 34.402
  11  65.939878  66.009236     5.395     5.603 12 54761.52972187 30.993
  12  65.939830  66.008203     4.677     4.248 12 54771.44536600 29.136
  13  65.945612  66.007522     3.228     3.199 13 54781.36100757 43.905
  14  65.937331  66.006831     2.738     2.684 14 54791.27664527 39.259
  17  65.925154  66.008897     3.283     4.006 11 54821.02355939 15.287
  18  65.928381  66.009056     3.531     3.968 11 54830.93921186 14.551
  19  65.939822  66.009891     4.293     4.689 12 54840.85485163 14.672
  20  65.926962  66.010443     4.450     4.966 12 54850.77049943 13.958
  21  65.926998  66.011939     4.721     5.248 11 54860.68614803 13.729
  22  65.924533  66.012582     3.562     3.887 10 54870.60179648 12.673
  23  65.922968  66.011377     4.529     4.780 11 54880.51744361 12.635
  24  65.925146  66.009038     4.690     4.855 11 54890.43308784 12.365
  25  65.939768  66.007660     4.453     4.515 12 54900.34873019 12.913
  26  65.939897  66.007787     5.032     5.235 12 54910.26436920 12.388
  27  65.925636  66.008602     5.063     5.235 12 54920.18000568 12.540
  28  65.928087  66.009559     5.183     5.402 12 54930.09564325 15.151
  29  65.927437  66.008512     5.944     6.170 12 54940.01127938 12.638
  30  65.937175  66.007022     6.581     6.611 12 54949.92691482  9.073
  31  65.940561  66.005963     3.337     3.347 13 54959.84255398 41.258
  32  65.937569  66.006644     5.170     5.141 14 54969.75820231 31.790
  33  65.938196  66.008388     6.796     6.817 12 54979.67384984 34.428
  34  65.926595  66.009211     6.890     6.860 11 54989.58949606 34.455
  35  65.928122  66.009388     6.657     6.707 11 54999.50514346 30.018
  36  65.925390  66.009124     6.500     6.559 11 55009.42078867 26.923
  37  65.927892  66.009272     6.441     6.397 12 55019.33643265 38.110
  38  65.927318  66.010348     6.137     6.090 11 55029.25207506 27.250
  39  65.925364  66.011581     5.823     5.698 11 55039.16771676 27.165
  40  65.922394  66.011939     4.836     4.821 11 55049.08335706 44.943
  41  65.927100  66.010663     4.821     4.965 11 55058.99899594 30.245
  42  65.938531  66.008532     4.611     4.608 12 55068.91463624 37.685
  43  65.945046  66.006874     3.856     3.611 13 55078.83028658 31.554
  44  65.945357  66.007074     2.904     2.703 13 55088.74593426 33.296
  45  65.928024  66.008077     2.616     2.558 11 55098.66157895 48.024
  46  65.927511  66.009591     4.331     4.333 11 55108.57722469 32.628
  47  65.925566  66.008998     4.666     4.356 12 55118.49286919 34.378
  48  65.937996  66.007400     5.498     5.533 12 55128.40851259 25.792
  49  65.936171  66.005570     2.799     2.607 14 55138.32415257 43.536
  50  65.941942  66.006233     1.950     1.975 13 55148.23979175 45.163
  51  65.939469  66.008322     1.698     1.713 12 55158.15542965 34.760
  52  65.926965  66.009648     1.853     1.803 11 55168.07106641 26.775
  53  65.928368  66.010094     3.726     4.107 11 55177.98670372 18.800
  54  65.928133  66.009178     4.191     4.390 11 55187.90234825 15.944
  55  65.927167  66.008946     3.958     4.326 12 55197.81799894 15.436
  56  65.927893  66.010079     4.621     4.732 12 55207.73364880 14.753
  57  65.923642  66.011513     4.671     4.668 11 55217.64929768 13.520
  58  65.922092  66.011824     4.685     4.731 10 55227.56494609 13.070
  59  65.926560  66.010479     4.154     4.457 12 55237.48059217 13.282
  60  65.930853  66.007942     4.291     4.276 13 55247.39623472 12.764
  61  65.945413  66.006709     4.215     4.250 13 55257.31187572 12.096
  62  65.929912  66.006379     4.839     4.842 13 55267.22751309 12.935
  63  65.927352  66.008181     4.390     4.411 11 55277.14315113 13.928
  64  65.925044  66.009219     5.128     5.203 11 55287.05878803 13.561
  65  65.938865  66.009098     6.374     6.353 12 55296.97442409 15.188
  66  65.930846  66.006618     6.602     6.725 13 55306.89006434  5.866
  67  65.942955  66.005812     2.578     2.546 14 55316.80571208 37.413
  68  65.945409  66.006587     4.601     4.556 13 55326.72135774 40.370
  69  65.926014  66.007904     6.692     6.630 12 55336.63700045 35.543
  70  65.924190  66.009751     6.346     6.305 10 55346.55264430 27.739
  71  65.921977  66.010136     6.411     6.408 11 55356.46828672 27.681
  72  65.928317  66.009982     6.106     6.083 11 55366.38392789 42.462
  73  65.926254  66.009403     5.764     5.803 11 55376.29956680 33.251
  74  65.927949  66.009834     5.850     5.811 12 55386.21520513 26.734
  75  65.925799  66.010429     5.705     5.591 12 55396.13084220 29.293
  76  65.924502  66.010546     5.589     5.453 10 55406.04648328 25.984
  77  65.925954  66.009530     5.507     5.422 11 55415.96213468 27.782
  78  65.938039  66.007911     5.266     5.137 12 55425.87778375 27.159
  79  65.938510  66.006358     4.721     4.479 12 55435.79342910 28.351
  80  65.945704  66.006886     4.203     3.827 13 55445.70907378 28.575
  81  65.929305  66.007685     4.353     3.517 13 55455.62471558 30.037
  82  65.927464  66.009001     4.628     4.504 12 55465.54035801 29.244
  83  65.928230  66.008667     4.005     3.304 11 55475.45599768 33.454
  84  65.938579  66.007321     4.053     3.632 12 55485.37163509 30.104
  85  65.936661  66.005636     4.208     3.832 14 55495.28726926 31.160
  86  65.937413  66.006161     3.727     3.783 12 55505.20290314 27.734
  87  65.938255  66.008339     3.256     3.271 12 55515.11855377 35.702
  88  65.928216  66.009925     2.404     2.435 11 55525.03420251 31.844
  89  65.925481  66.010508     1.925     1.809 11 55534.94984996 26.921
  90  65.925017  66.010077     2.231     1.890 11 55544.86549559 25.053
  91  65.927360  66.009906     1.896     1.954 12 55554.78113962 22.384
  92  65.925104  66.010219     2.010     2.060 10 55564.69678227 21.154
  93  65.924855  66.010529     1.860     1.907 11 55574.61242452 20.935
  94  65.925916  66.009867     1.767     1.810 12 55584.52806533 21.605
  95  65.927365  66.008351     1.898     1.792 11 55594.44370277 21.680
  96  65.937359  66.007181     2.063     2.103 12 55604.35933768 19.434
  97  65.944810  66.006818     2.048     1.691 13 55614.27497028 19.081
  98  65.931312  66.006702     3.193     3.551 13 55624.19060749 14.674
  99  65.929443  66.007649     3.465     3.177 13 55634.10625992 14.541
 100  65.931489  66.008157     2.958     2.402 13 55644.02191046 13.902
 101  65.927443  66.007627     2.269     1.605 11 55653.93755758 13.581
 102  65.945480  66.007469     7.103     7.230 13 55663.85320226 14.123
 103  65.946266  66.007164     2.973     2.951 13 55673.76884240 39.340
 104  65.931055  66.007148     4.893     4.713 13 55683.68447958 42.938
 105  65.938432  66.008846     6.574     6.660 12 55693.60011755 32.260
 106  65.927429  66.009538     6.598     6.554 11 55703.51575236 30.983
 107  65.927310  66.010029     6.299     6.282 12 55713.43139728 28.278
 108  65.927098  66.010093     5.940     5.876 12 55723.34704651 27.421
 109  65.925198  66.010172     5.870     5.906 11 55733.26269361 26.232
 110  65.926766  66.010475     5.651     5.623 12 55743.17833975 28.017
 111  65.925163  66.010209     5.467     5.483 11 55753.09398421 27.503
 112  65.927605  66.009165     4.048     4.090 12 55763.00962674 48.903
 113  65.931030  66.007771     4.415     4.684 13 55772.92526654 30.252
 114  65.937562  66.006747     3.747     3.844 14 55782.84090317 29.261
 115  65.938312  66.006870     3.384     3.004 12 55792.75653675 31.265
 116  65.930999  66.007373     3.568     3.765 13 55802.67217060 32.208
 117  65.926473  66.007978     3.966     4.383 12 55812.58782016 30.600
 118  65.931037  66.007958     3.720     3.925 13 55822.50346883 30.832
 119  65.945630  66.007690     4.179     4.801 13 55832.41911362 27.989
 120  65.937216  66.006588     3.663     3.625 14 55842.33475186 27.364
 121  65.930679  66.006601     4.397     4.565 13 55852.25038722 29.649
 122  65.925729  66.007789     3.910     4.317 12 55862.16602094 33.521
 123  65.925191  66.009261     2.145     2.218 11 55872.08167540 43.690
 133  65.929883  66.006976     2.395     2.460 13 55971.23811448 18.043
 134  65.926557  66.008341     2.094     1.457 12 55981.15375032 17.380
 135  65.927664  66.008557     2.327     2.309 12 55991.06938532 17.711
 136  65.939894  66.008173     1.637     1.452 12 56000.98503201 16.797
 137  65.945392  66.007081     3.490     2.267 13 56010.90068280 17.800
 138  65.929938  66.006223     5.494     5.519 13 56020.81632781 15.026
 139  65.930682  66.007487     5.888     6.057 13 56030.73197142 11.547
 141  65.927556  66.010394     3.733     3.724 12 56050.56325206 28.608
 142  65.926229  66.010386     5.908     5.664 12 56060.47888861 43.683
 143  65.925480  66.009428     6.367     6.274 12 56070.39452532 31.524
 144  65.928044  66.009415     5.797     5.649 12 56080.31017640 30.024
 145  65.927720  66.010077     5.580     5.634 12 56090.22582453 26.764
 146  65.922752  66.010806     4.864     4.684 11 56100.14146979 47.457
 147  65.925498  66.010509     4.285     4.090 11 56110.05710162 50.317
 148  65.926877  66.008534     4.463     4.574 12 56119.97274177 29.992
 149  65.937468  66.006562     3.005     2.703 12 56129.88837909 38.831
 150  65.945410  66.005916     3.105     2.681 13 56139.80401309 32.987
 151  65.930147  66.006800     2.724     2.405 13 56149.71966195 33.345
 152  65.925667  66.008759     3.422     4.060 12 56159.63531068 35.522
 153  65.927954  66.009591     2.899     3.881 12 56169.55095861 30.205
 154  65.931474  66.008384     3.025     2.611 13 56179.46660313 33.074
 155  65.944876  66.007148     1.732     1.686 13 56189.38224436 51.070
 156  65.937330  66.006297     3.582     3.140 14 56199.29788055 31.591
 157  65.938113  66.007941     3.385     3.436 12 56209.21351489 31.699
 158  65.925518  66.009680     3.009     2.880 12 56219.12914625 34.803
 159  65.926524  66.011205     4.030     4.157 11 56229.04479367 27.458
 160  65.926450  66.010812     1.687     1.704 12 56238.96044739 44.852
 161  65.924303  66.009718     1.282     1.255 10 56248.87609702 37.603
 162  65.939889  66.009742     1.482     1.495 12 56258.79174341 35.194
 163  65.926846  66.009830     1.620     1.718 11 56268.70738426 32.728
 164  65.922587  66.010319     1.550     1.562 11 56278.62302420 26.702
 165  65.927722  66.010547     1.649     1.546 12 56288.53867430 25.197
 166  65.925508  66.008584     1.413     1.390 11 56298.45432283 24.728
 167  65.946450  66.007261     1.795     1.419 13 56308.36996955 18.688
 168  65.936800  66.005911     1.877     1.407 14 56318.28561092 18.858
 169  65.931494  66.007151     2.132     2.082 13 56328.20125151 18.337
 170  65.926281  66.008952     3.037     3.047 12 56338.11689115 15.691
 171  65.927432  66.009777     3.957     4.226 12 56348.03252946 14.737
 172  65.931453  66.008587     2.559     2.643 13 56357.94816520 14.531
 173  65.946243  66.007493     2.050     1.662 13 56367.86381612 14.508
 175  65.939549  66.008746     2.829     2.839 12 56387.69510925 13.246
 176  65.927775  66.010763     5.163     5.218 12 56397.61075166 13.459
 177  65.924385  66.011932     1.705     1.337 10 56407.52639250 12.412
 178  65.926410  66.011439     2.366     2.398 11 56417.44202988 35.096
 179  65.926657  66.009772     4.955     4.909 11 56427.35766237 43.109
 180  65.927027  66.009067     6.551     6.577 12 56437.27331486 53.003
 181  65.925116  66.009426     6.026     6.097 11 56447.18896620 27.220
 182  65.927919  66.010503     5.824     5.793 12 56457.10461573 30.522
 183  65.926602  66.010249     5.854     5.825 11 56467.02026165 30.491
 184  65.928615  66.008801     5.897     5.732 11 56476.93590382 53.452
 185  65.937979  66.007118     5.498     5.578 12 56486.85154299 28.699
 187  65.946448  66.007677     5.153     5.133 13 56506.68281380 32.773
 188  65.925626  66.008497     4.642     4.022 12 56516.59844702 31.488
 189  65.927413  66.009462     4.076     3.495 11 56526.51410173 27.878
 190  65.927452  66.008808     4.079     3.268 12 56536.42975207 30.225
 192  65.938395  66.007830     3.348     3.618 12 56556.26104343 29.159
 193  65.928087  66.008786     3.976     4.424 11 56566.17668521 26.965
 194  65.924709  66.010741     3.785     4.259 11 56576.09232629 29.177
 195  65.923552  66.011766     3.285     3.654 11 56586.00796429 33.548
 196  65.925178  66.011299     2.702     2.708 11 56595.92360257 35.462
 197  65.926348  66.010221     2.797     2.813 11 56605.83925499 42.187
 198  65.926376  66.009387     2.971     2.952 12 56615.75490246 34.308
 199  65.927037  66.009403     2.830     2.802 11 56625.67054642 30.627
 200  65.926666  66.009595     2.439     2.205 12 56635.58618755 24.748
 201  65.927500  66.009354     2.023     2.079 12 56645.50182656 20.005
 202  65.928031  66.008447     2.249     2.239 12 56655.41747915 20.170
 203  65.936948  66.007526     2.961     2.636 12 56665.33312819 19.291
 205  65.931321  66.007781     3.106     2.953 13 56685.16441773 17.262
 206  65.927681  66.008880     3.360     3.254 11 56695.08005989 16.736
 207  65.926700  66.009316     2.607     2.305 11 56704.99569779 16.367
 208  65.927750  66.008643     3.577     3.452 12 56714.91133040 15.807
 209  65.926329  66.008024     4.439     5.085 12 56724.82698209 16.733
 211  65.926739  66.010003     5.971     5.982 12 56744.65827872 12.914
 212  65.923693  66.011298     6.080     6.024 11 56754.57392080 13.107
 213  65.927352  66.011746     1.633     1.697 11 56764.48955796 23.778
 214  65.926866  66.010874     2.237     2.215 12 56774.40519423 13.787
 215  65.925327  66.010220     3.284     3.344 11 56784.32085114 37.566
 216  65.928373  66.010182     6.492     6.410 11 56794.23650482 43.388
 217  65.927859  66.010258     6.597     6.633 12 56804.15215478 35.029
 218  65.925935  66.009795     6.312     6.420 11 56814.06779724 30.674
 219  65.939647  66.009392     6.425     6.457 12 56823.98343764 31.627
 220  65.939156  66.008247     6.515     6.469 12 56833.89907272 26.705
 221  65.930452  66.007285     6.463     6.427 13 56843.81470362 28.332
 222  65.939447  66.008130     6.437     6.435 12 56853.73034728 37.971
 223  65.938914  66.008962     6.267     6.184 12 56863.64600115 26.161
 224  65.927854  66.009030     5.956     6.018 11 56873.56165346 27.518
 225  65.926306  66.008960     5.710     5.816 12 56883.47730346 30.687
 226  65.939982  66.009377     5.232     5.269 12 56893.39295150 26.318
 227  65.926174  66.008902     5.240     5.539 12 56903.30859383 28.078
 228  65.926468  66.009963     4.956     4.901 12 56913.22423550 28.154
 229  65.923313  66.010928     3.447     3.433 11 56923.13987517 46.263
 230  65.924783  66.011605     4.114     4.578 11 56933.05551283 31.048
 231  65.924727  66.011113     4.386     4.786 10 56942.97114504 29.198
 232  65.926967  66.010292     3.464     3.431 12 56952.88679035 38.543
 233  65.928413  66.009795     3.133     3.111 11 56962.80244105 32.225
 234  65.927275  66.009914     3.588     4.079 11 56972.71808669 20.778
 235  65.925072  66.010074     3.712     3.978 10 56982.63372801 18.329
 236  65.926500  66.009558     4.459     4.674 12 56992.54936505 15.935
 237  65.930317  66.008136     4.318     4.523 13 57002.46500001 15.943
 238  65.930653  66.007090     4.426     4.473 13 57012.38065708 16.551
 239  65.938168  66.007318     4.417     4.549 12 57022.29630917 15.917
 240  65.940099  66.008753     4.249     4.074 12 57032.21195803 13.470
 241  65.927817  66.009449     4.248     4.455 12 57042.12760348 13.686
 242  65.925801  66.009650     4.753     4.738 12 57052.04324768 14.986
 243  65.928060  66.008807     4.306     4.780 11 57061.95888795 13.822
 244  65.931003  66.008189     3.697     3.901 13 57071.87452291 15.552
 245  65.925900  66.008406     4.087     4.327 12 57081.79015303 15.560
 246  65.922118  66.010062     3.325     3.717 11 57091.70579717 17.531
 247  65.924580  66.012058     4.954     5.324 10 57101.62145484 17.448
 248  65.923462  66.012296     6.270     6.120 11 57111.53710877 13.923
 249  65.924533  66.010976     6.565     6.472 11 57121.45275706 11.626
 250  65.926279  66.009449     4.544     5.229 11 57131.36839976 12.681
