# NaN NaN NaN ;Mean Elev.(m), Avg Gradient(m/km), RMS Gradient(m/km) - SRTM1     
#   44.516  -0.372   3.006 ;Mean Elev.(m), Avg Gradient(m/km), RMS Gradient(m/km) - ASTER GDEM
#   35.128  -0.034   1.540 ;Mean Elev.(m), Avg Gradient(m/km), RMS Gradient(m/km) - GMTED2010 
   1  78.948973  59.940513    42.403    42.380  4 54660.26168500 49.853
   2  78.949460  59.941320    45.065    45.290  4 54670.17733095 27.827
   3  78.948446  59.942430   -26.800   -26.712  4 54680.09297497  5.381
   4  78.946036  59.942243    39.441    39.463  4 54690.00861751 45.622
   5  78.947541  59.941911   -25.828   -25.696  4 54699.92425814 10.476
   6  78.949287  59.940797    39.246    39.212  4 54709.83990310 49.173
   7  78.948350  59.939589   -15.293   -17.052  4 54719.75555414 10.662
   8  78.948640  59.939399    38.688    38.710  4 54729.67120288 43.561
   9  78.948354  59.940208    41.097    39.133  3 54739.58685021 30.586
  10  78.945623  59.940357    39.493    39.475  4 54749.50249728 46.899
  11  78.946799  59.941646    44.567    44.646  4 54759.41814466 27.711
  12  78.947044  59.941246    41.328    40.508  4 54769.33378941 28.270
  13  78.949796  59.940680    42.358    43.304  4 54779.24943098 31.532
  14  78.949252  59.938768    40.510    40.515  4 54789.16506951 43.445
  15  78.949492  59.938430    40.569    40.568  4 54799.08070717 33.438
  17  78.949188  59.939200    39.358    39.338  4 54818.91198214 29.559
  18  78.947028  59.939820    39.511    39.398  4 54828.82763406 23.787
  19  78.948619  59.941847    43.063    43.089  4 54838.74327325 20.103
  20  78.947316  59.943374    42.843    43.091  5 54848.65892248 20.250
  21  78.946195  59.944859    39.591    38.626  5 54858.57457128 23.691
  22  78.945368  59.945712    43.245    43.328  5 54868.49022020 18.991
  23  78.947021  59.945564    43.331    43.379  5 54878.40586839 17.775
  24  78.945764  59.942671    43.529    43.397  4 54888.32151285 16.219
  25  78.949087  59.941917    43.470    43.349  4 54898.23715467 16.401
  26  78.949195  59.941723    43.269    43.224  4 54908.15279366 16.572
  27  78.948310  59.942054    39.029    38.564  4 54918.06843129 13.987
  28  78.945723  59.941018    39.887    39.979  4 54927.98406838 28.307
  29  78.949838  59.940836    39.809    39.826  4 54937.89970550 34.522
  30  78.949339  59.937977    43.752    43.766  4 54947.81534011 45.372
  31  78.950404  59.936105    44.161    44.155  4 54957.73097507 49.682
  32  78.951549  59.937537    44.478    44.465  4 54967.64662383 46.846
  33  78.948937  59.938466    44.527    44.620  3 54977.56227126 32.837
  34  78.948771  59.940210    39.304    39.302  4 54987.47791909 19.203
  35  78.948884  59.941040    44.659    44.480  4 54997.39356699 30.696
  36  78.945755  59.940272    44.363    44.377  4 55007.30921265 28.825
  37  78.946045  59.941082    44.308    44.068  4 55017.22485669 32.022
  38  78.948067  59.943244    43.200    43.180  4 55027.14049959 37.823
  39  78.945763  59.943882    43.399    43.765  5 55037.05614137 34.096
  40  78.946045  59.943666    42.144    41.422  5 55046.97178225 32.778
  41  78.946372  59.940949    42.022    41.303  4 55056.88742090 32.495
  42  78.950114  59.938512    40.760    40.664  4 55066.80305753 46.401
  43  78.949923  59.937791    41.056    39.805  4 55076.71870764 33.291
  44  78.948310  59.938834    42.052    41.816  4 55086.63435544 32.639
  45  78.947569  59.941059    39.202    39.168  4 55096.55000193 34.848
  46  78.946807  59.941941    39.197    39.139  4 55106.46564793 30.918
  47  78.946270  59.940794    40.351    39.213  4 55116.38129329 30.274
  48  78.948720  59.939562    44.168    44.294  4 55126.29693656 28.999
  49  78.950029  59.938603    40.050    40.016  4 55136.21257729 41.183
  50  78.950701  59.938972    41.096    41.038  4 55146.12821600 44.298
  51  78.948088  59.939418    41.129    41.107  4 55156.04385360 43.451
  52  78.946911  59.939855    40.843    40.855  4 55165.95949142 36.005
  53  78.949111  59.940452    40.240    40.241  4 55175.87512929 30.976
  54  78.948681  59.939239    43.263    43.126  4 55185.79077057 21.022
  55  78.948925  59.940571    43.392    43.283  4 55195.70642178 17.943
  56  78.946091  59.942084    43.185    43.279  4 55205.62207154 17.724
  57  78.945463  59.944463    43.008    43.039  5 55215.53772104 17.581
  58  78.946544  59.945679    43.182    43.175  5 55225.45337004 15.979
  59  78.946897  59.943817    42.982    43.031  5 55235.36901646 16.204
  60  78.946384  59.940015    43.249    43.129  4 55245.28465919 16.131
  61  78.949611  59.939165    43.258    43.287  4 55255.20029978 14.622
  62  78.948971  59.939937    43.239    43.253  4 55265.11593858 13.952
  63  78.949216  59.942332    42.999    42.943  4 55275.03157675 13.632
  64  78.946167  59.941435    44.407    44.435  4 55284.94721342 10.820
  65  78.948663  59.939521    44.466    44.483  3 55294.86284869 11.137
  66  78.951501  59.937133    43.948    43.910  4 55304.77848697  9.497
  67  78.951444  59.936508    41.185    39.430  3 55314.69413405 34.232
  68  78.949517  59.937669    44.229    44.168  3 55324.60977950 32.089
  69  78.946952  59.939582    44.707    44.748  4 55334.52542380 31.981
  70  78.947645  59.941828    45.097    45.059  4 55344.44106819 31.417
  71  78.945679  59.941006    45.571    45.577  4 55354.35671124 39.529
  72  78.947158  59.940753    46.044    46.039  4 55364.27235257 40.358
  73  78.946801  59.940206    46.019    46.011  4 55374.18799197 34.637
  74  78.947033  59.940882    45.851    45.832  4 55384.10363032 33.098
  75  78.946564  59.941306    45.372    45.370  4 55394.01926770 38.051
  76  78.948856  59.941481    44.865    44.862  4 55403.93490542 31.725
  77  78.946746  59.939644    42.660    42.654  4 55413.85055660 39.142
  78  78.948864  59.938333    41.410    41.357  3 55423.76620529 35.982
  79  78.949417  59.937161    40.990    40.891  3 55433.68185131 38.184
  80  78.948858  59.938413    40.359    40.368  4 55443.59749600 48.563
  81  78.949351  59.941151    40.940    39.519  4 55453.51313972 32.771
  82  78.948460  59.942335    41.332    40.446  4 55463.42878233 32.662
  83  78.948685  59.940752    42.376    42.290  4 55473.34442246 30.221
  85  78.951747  59.936114    41.402    39.662  3 55493.17569484 29.556
  86  78.951910  59.936399    42.703    44.094  3 55503.09132865 30.612
  87  78.949104  59.938772    38.822    38.893  3 55513.00697556 30.485
  88  78.946703  59.940916    39.557    39.498  4 55522.92262510 40.476
  89  78.946325  59.941864    39.784    39.784  4 55532.83827313 27.919
  90  78.946045  59.941258    44.150    44.229  4 55542.75391930 18.657
  91  78.947084  59.941414    43.556    43.770  4 55552.66956373 19.435
  92  78.947907  59.942797    43.763    43.706  4 55562.58520712 17.347
  93  78.946880  59.943339    43.605    43.661  5 55572.50084960 17.667
  94  78.946474  59.942560    43.593    43.565  4 55582.41649074 17.622
  95  78.948940  59.940725    43.803    43.725  4 55592.33212868 17.117
  96  78.950195  59.937525    43.605    43.700  4 55602.24776300 16.363
  97  78.951703  59.935727    43.741    43.657  4 55612.16339532 16.342
  98  78.951797  59.935882    43.221    43.392  3 55622.07902949 16.716
  99  78.950204  59.938779    43.784    43.584  4 55631.99468247 15.604
 100  78.948217  59.939748    43.501    43.619  4 55641.91033295 15.364
 101  78.948984  59.939482    44.323    44.348  4 55651.82598072 10.604
 102  78.950800  59.938184    40.436    40.456  4 55661.74162451 28.450
 103  78.951028  59.937588    40.263    40.239  4 55671.65726515 42.380
 104  78.951050  59.938614    44.152    44.149  4 55681.57290453 48.116
 105  78.947907  59.939095    44.747    44.586  4 55691.48854192 33.624
 106  78.947015  59.939542    45.072    45.072  4 55701.40417790 32.295
 107  78.947502  59.939845    44.925    44.915  4 55711.31981939 52.765
 108  78.948059  59.940632    44.350    44.328  4 55721.23546938 53.621
 109  78.945731  59.940492    43.583    43.095  4 55731.15111685 33.715
 110  78.945912  59.941224    42.736    41.972  4 55741.06676332 35.851
 111  78.946181  59.941679    42.176    41.319  4 55750.98240848 31.871
 112  78.945915  59.940657    41.757    40.709  4 55760.89805101 35.416
 113  78.948313  59.939742    41.569    40.458  4 55770.81369097 31.557
 114  78.950064  59.937987    40.270    40.349  3 55780.72932734 39.350
 115  78.950873  59.936641    41.616    39.941  3 55790.64496118 32.041
 116  78.951015  59.936112    41.336    40.052  4 55800.56059399 36.099
 117  78.950533  59.938066    41.225    39.996  4 55810.47624306 29.777
 118  78.948651  59.938681    42.314    42.106  4 55820.39189196 33.651
 119  78.949771  59.938487    39.349    39.337  3 55830.30753636 33.026
 120  78.950182  59.936873    42.324    41.932  4 55840.22317595 29.304
 121  78.950709  59.936110    38.566    38.550  4 55850.13881252 38.546
 122  78.950376  59.936670    40.590    39.190  4 55860.05444709 32.878
 123  78.947488  59.938767    38.328    38.320  4 55869.97009770 39.081
 133  78.948314  59.938339    42.792    42.784  4 55969.12653948 18.995
 134  78.949164  59.939094    42.907    43.106  4 55979.04217601 18.619
 135  78.949113  59.938278    43.125    43.119  4 55988.95781150 18.706
 136  78.950750  59.937922    43.169    43.121  4 55998.87345327 18.577
 137  78.950696  59.937873    42.968    42.933  3 56008.78910409 17.992
 138  78.950394  59.938113    44.495    44.429  3 56018.70475078  5.143
 139  78.950178  59.939557    41.202    40.172  4 56028.62039480 31.228
 141  78.947752  59.941229    42.916    42.887  4 56048.45167726 30.241
 142  78.947763  59.940923    41.830    41.813  3 56058.36731476 49.143
 143  78.948157  59.939235    42.101    42.143  4 56068.28294770 42.418
 144  78.949347  59.940920    44.259    45.020  4 56078.19859921 27.850
 145  78.947178  59.941655    41.206    41.005  4 56088.11424769 52.351
 146  78.946786  59.942447    40.076    40.079  4 56098.02989378 39.052
 147  78.947471  59.941808    40.256    39.062  5 56107.94553750 34.989
 148  78.948649  59.939688    40.425    39.090  4 56117.86116668 32.823
 149  78.949422  59.937107    38.463    38.331  3 56127.77680368 46.207
 150  78.952022  59.936502    38.258    38.278  4 56137.69243750 39.286
 151  78.949241  59.937409    38.393    38.361  4 56147.60808347 39.727
 152  78.947647  59.939206    41.614    41.694  4 56157.52373290 25.588
 153  78.946336  59.939562    39.955    39.113  4 56167.43938122 26.846
 154  78.947272  59.938806    37.972    37.914  4 56177.35502698 34.838
 155  78.948539  59.937602    39.824    38.419  4 56187.27066800 33.017
 156  78.949018  59.937092    40.276    39.071  4 56197.18630535 30.529
 157  78.949554  59.938257    41.957    43.733  3 56207.10193988 29.678
 158  78.948446  59.939189    38.549    38.504  4 56217.01757259 32.703
 159  78.949083  59.940647    42.490    43.760  4 56226.93321508 30.111
 160  78.947210  59.940489    39.740    39.805  4 56236.84886957 47.255
 161  78.947942  59.940597    39.334    39.325  4 56246.76452050 32.426
 162  78.946547  59.940247    40.124    39.369  4 56256.68016616 28.177
 163  78.946133  59.941268    43.719    43.617  4 56266.59580856 21.430
 164  78.947562  59.942586    43.359    43.373  4 56276.51144955 20.105
 165  78.948660  59.942635    43.313    43.395  4 56286.42709681 19.424
 166  78.947653  59.940077    43.449    43.400  4 56296.34274643 19.111
 167  78.950474  59.938902    43.351    43.241  4 56306.25839252 18.858
 168  78.948798  59.938043    43.481    43.400  4 56316.17403499 17.068
 169  78.949179  59.940273    43.313    43.424  4 56326.08967621 16.990
 170  78.947524  59.941226    43.298    43.197  4 56336.00531608 17.442
 171  78.947949  59.940562    43.196    43.450  3 56345.92095462 16.439
 172  78.949550  59.938236    43.446    43.540  3 56355.83659064 14.968
 173  78.949760  59.937117    43.383    43.448  3 56365.75223694 14.715
 174  78.949287  59.938189    43.580    43.632  3 56375.66788571 13.377
 176  78.946466  59.943112    38.560    38.535  4 56395.49917569 19.837
 177  78.945619  59.943383    41.050    41.440  5 56405.41481736 35.688
 178  78.947135  59.942428    44.788    44.777  5 56415.33045585 52.518
 179  78.947315  59.939332    44.538    44.510  4 56425.24608908 31.911
 180  78.949583  59.940306    45.078    45.109  4 56435.16173736 31.821
 181  78.947473  59.941667    45.594    45.618  4 56445.07738924 33.940
 182  78.947356  59.943751    46.201    46.201  5 56454.99303892 35.818
 183  78.945713  59.942944    46.184    46.174  4 56464.90868509 35.583
 184  78.945712  59.940319    46.148    46.160  4 56474.82432755 35.268
 185  78.948911  59.938075    45.791    45.800  3 56484.73996694 54.507
 187  78.949836  59.937885    43.730    43.627  3 56504.57123796 26.943
 188  78.949152  59.938601    42.251    40.878  3 56514.48687102 30.535
 189  78.949941  59.940318    42.923    42.870  4 56524.40252339 30.794
 190  78.948140  59.938908    43.071    43.074  4 56534.31817455 26.817
 192  78.950379  59.939255    43.742    44.577  4 56554.14946710 28.141
 193  78.947927  59.940850    39.964    40.043  4 56564.06510983 52.665
 194  78.946324  59.942803    41.679    42.503  5 56573.98075132 32.106
 195  78.946889  59.943396    44.664    44.531  5 56583.89639026 23.735
 196  78.947645  59.940968    39.795    39.822  4 56593.81202419 38.803
 197  78.947075  59.940184    39.911    39.752  4 56603.72767728 42.714
 198  78.946725  59.940005    40.600    40.570  4 56613.64332592 31.424
 199  78.946663  59.940953    40.681    40.700  4 56623.55897075 36.526
 200  78.945825  59.941337    41.842    41.637  4 56633.47461264 33.450
 201  78.946304  59.940357    41.286    41.328  4 56643.39024982 26.726
 202  78.946758  59.939332    41.386    40.897  4 56653.30590132 20.249
 203  78.949421  59.938868    42.229    42.223  4 56663.22155074 19.732
 204  78.948873  59.938373    40.485    40.501  4 56673.13719700 26.129
 205  78.947665  59.939843    44.128    44.071  4 56683.05284197 17.837
 206  78.947737  59.941484    43.873    43.774  4 56692.96848493 16.286
 207  78.947647  59.941176    43.755    43.794  4 56702.88412342 16.682
 208  78.948391  59.938788    43.898    43.949  4 56712.79975659 16.496
 209  78.948507  59.938455    39.190    39.192  4 56722.71540386 15.779
 210  78.949282  59.940292    44.610    44.618  4 56732.63105519 14.050
 211  78.946579  59.942165    45.005    44.941  4 56742.54670275 10.311
 212  78.946547  59.944256    39.445    39.400  4 56752.46234627 17.826
 213  78.945726  59.943589    41.578    41.603  5 56762.37798412 38.078
 214  78.946415  59.940969    44.842    44.837  4 56772.29361492 44.115
 215  78.945805  59.941095    45.304    45.300  4 56782.20927262 32.833
 216  78.948112  59.942687    45.371    45.324  4 56792.12492728 38.321
 217  78.947327  59.943826    45.164    45.176  5 56802.04057865 35.519
 218  78.947208  59.944141    45.208    45.193  4 56811.95622243 32.271
 219  78.946378  59.942724    45.361    45.418  5 56821.87186185 53.773
 220  78.946349  59.939971    39.335    39.332  4 56831.78749700 23.389
 221  78.949400  59.937914    44.860    44.945  3 56841.70312922 43.152
 222  78.950130  59.937188    43.600    43.601  3 56851.61876716 30.977
 223  78.948000  59.938914    42.282    42.286  4 56861.53442162 31.960
 224  78.947021  59.941088    42.115    41.350  4 56871.45007565 32.404
 225  78.947757  59.942430    41.877    41.069  4 56881.36572680 30.830
 226  78.946961  59.941952    42.185    41.892  5 56891.28137387 32.914
 227  78.948790  59.942360    40.912    39.461  4 56901.19701829 33.697
 228  78.947149  59.942939    40.989    41.740  5 56911.11266036 33.375
 229  78.946833  59.944008    42.887    43.784  5 56921.02830095 31.477
 230  78.946590  59.944267    39.136    39.089  4 56930.94393924 49.729
 231  78.946784  59.942654    40.246    38.979  4 56940.85957228 28.282
 232  78.948792  59.941674    39.003    38.976  4 56950.77521205 50.074
 233  78.946937  59.941029    40.864    40.872  4 56960.69086341 33.740
 234  78.945878  59.941017    41.787    41.835  4 56970.60651001 33.436
 235  78.946802  59.941322    41.157    41.140  4 56980.52215293 29.661
 236  78.946105  59.940029    43.845    43.819  4 56990.43779112 18.144
 237  78.949608  59.938670    43.693    43.798  3 57000.35342334 17.840
 238  78.948624  59.938623    43.482    43.416  4 57010.26907855 18.636
 239  78.948541  59.938869    43.779    43.801  4 57020.18473075 19.227
 240  78.947335  59.939464    43.776    43.746  4 57030.10037981 16.944
 241  78.948313  59.941051    43.925    43.872  4 57040.01602738 17.658
 242  78.947065  59.941302    43.910    43.911  4 57049.93167234 16.833
 243  78.949029  59.941308    43.888    43.898  4 57059.84731353 15.304
 244  78.947452  59.939303    43.444    43.471  4 57069.76294848 17.985
 245  78.950256  59.939461    43.582    43.715  4 57079.67857986 16.021
 246  78.948959  59.939939    43.900    43.913  4 57089.59421810 16.559
 247  78.946597  59.942510    45.098    45.046  5 57099.50987636 18.745
 248  78.947211  59.944518    44.898    44.871  5 57109.42553182 15.240
 249  78.947519  59.943869    43.383    43.639  4 57119.34118151 12.956
 250  78.947062  59.942169    39.771    39.679  5 57129.25682498 25.576
