# NaN NaN NaN ;Mean Elev.(m), Avg Gradient(m/km), RMS Gradient(m/km) - SRTM1     
#   10.104   0.339   4.702 ;Mean Elev.(m), Avg Gradient(m/km), RMS Gradient(m/km) - ASTER GDEM
#   26.049  -0.236   1.421 ;Mean Elev.(m), Avg Gradient(m/km), RMS Gradient(m/km) - GMTED2010 
   1  68.258057  61.178809    22.833    22.768  6 54665.25902145 22.898
   2  68.256729  61.180140    21.296    21.057  6 54675.17466619 22.987
   3  68.253517  61.181142   -29.474   -29.571  5 54685.09030924  7.328
   4  68.254066  61.181832    20.247    20.380  6 54695.00595106 22.858
   5  68.255772  61.180324   -21.431   -21.408  5 54704.92159019  7.684
   6  68.259554  61.179237    20.038    19.391  6 54714.83724186 19.284
   7  68.262359  61.178328    -6.935    -6.836  5 54724.75289226 16.495
   8  68.260593  61.178425    17.466    17.270  5 54734.66854034 22.671
   9  68.257435  61.180234    17.803    17.667  5 54744.58418742 29.329
  10  68.254063  61.181229    18.833    17.907  6 54754.49983402 28.713
  11  68.255237  61.180960    20.322    18.731  5 54764.41547993 25.929
  12  68.259353  61.179319    18.742    18.393  6 54774.33112319 21.882
  13  68.263513  61.178235    17.064    17.092  6 54784.24676388 36.851
  14  68.262305  61.177779    17.482    17.423  5 54794.16240219 41.506
  17  68.257125  61.179420    19.147    19.158  6 54823.90932090 25.885
  18  68.258173  61.179613    18.793    18.725  6 54833.82496094 23.788
  19  68.256774  61.180084    18.422    18.454  5 54843.74061078 19.783
  20  68.254199  61.181374    19.069    19.485  6 54853.65625970 18.569
  21  68.250327  61.182675    20.677    20.523  6 54863.57190831 17.254
  22  68.249324  61.183347    21.308    21.312  6 54873.48755697 15.772
  23  68.250398  61.182207    21.032    21.018  6 54883.40320325 14.957
  24  68.255147  61.180547    20.805    20.694  6 54893.31884641 14.289
  25  68.259445  61.179521    18.768    19.778  5 54903.23448683 13.216
  26  68.258393  61.179144    20.604    20.593  6 54913.15012548 14.563
  27  68.256183  61.180002    25.008    25.047  6 54923.06576332 21.808
  28  68.255775  61.180645    17.998    16.745  6 54932.98140049 26.449
  29  68.258109  61.179599    19.063    17.538  5 54942.89703586 33.077
  30  68.262219  61.177343    20.541    20.590  6 54952.81266936 35.033
  31  68.264877  61.176313    22.814    22.731  6 54962.72831286 32.618
  32  68.262812  61.176838    22.829    22.752  6 54972.64396131 35.310
  33  68.260672  61.178793    24.023    22.913  5 54982.55960905 23.166
  34  68.256485  61.179841    70.895    71.053  5 54992.47525622  5.658
  35  68.255273  61.180397    22.892    22.876  5 55002.39090283 22.104
  36  68.256448  61.180796    22.990    23.249  6 55012.30654774 20.241
  37  68.256133  61.180325    23.135    23.162  5 55022.22219096 22.551
  38  68.255826  61.181065    23.085    23.397  6 55032.13783338 21.758
  39  68.255070  61.181950    22.745    22.820  6 55042.05347504 20.188
  40  68.253956  61.181337    24.604    24.945  5 55051.96911492 23.988
  41  68.256907  61.180043    23.606    23.701  6 55061.88475292 22.076
  42  68.260464  61.178670    19.001    19.072  5 55071.80039610 47.753
  43  68.263265  61.178364    18.659    18.645  6 55081.71604495 52.213
  44  68.261863  61.178745    18.186    18.078  6 55091.63169192 46.469
  45  68.256598  61.179204    24.130    24.096  6 55101.54733811 24.057
  46  68.255886  61.180788    24.064    24.044  6 55111.46298447 23.760
  47  68.255317  61.180024    24.446    24.715  6 55121.37862847 23.846
  48  68.260279  61.179299    17.610    17.489  5 55131.29427013 49.358
  49  68.263322  61.178239    17.027    17.016  6 55141.20990953 46.101
  50  68.262136  61.178021    17.947    17.937  6 55151.12554783 37.981
  51  68.260314  61.178985    18.286    18.317  6 55161.04118624 38.427
  52  68.258894  61.179785    18.508    18.527  6 55170.95682423 30.924
  53  68.259724  61.179977    18.423    18.371  6 55180.87246089 31.055
  54  68.257735  61.179702    17.911    17.906  5 55190.78810919 25.969
  55  68.256155  61.180523    18.907    19.461  6 55200.70375940 18.266
  56  68.253771  61.181273    20.626    20.607  5 55210.61940894 13.851
  57  68.252364  61.181872    20.899    20.896  5 55220.53505811 12.843
  58  68.252484  61.181515    20.685    20.795  6 55230.45070630 13.305
  59  68.254840  61.180713    20.742    20.845  6 55240.36635141 12.537
  60  68.257143  61.179619    21.407    21.151  5 55250.28199287 11.807
  61  68.258332  61.179095    20.650    20.544  6 55260.19763193 11.461
  62  68.259117  61.179439    20.531    20.339  5 55270.11327017 12.223
  63  68.257112  61.179182    21.210    21.340  6 55280.02890795 10.874
  64  68.257865  61.178997    23.994    24.155  6 55289.94454473 19.536
  65  68.260542  61.178244    24.540    24.716  6 55299.86017925 17.883
  66  68.263014  61.177950    21.106    21.208  5 55309.77582437 32.721
  67  68.263434  61.177897    20.569    20.478  6 55319.69147013 52.689
  68  68.262548  61.178695    21.295    21.321  6 55329.60711491 33.401
  69  68.259554  61.179623    24.777    25.055  6 55339.52275929 20.596
  70  68.257453  61.180241    22.965    22.882  6 55349.43840342 21.668
  71  68.255671  61.180073    23.273    23.116  6 55359.35404548 24.825
  72  68.257332  61.180688    23.070    22.984  6 55369.26968575 25.919
  73  68.255741  61.180262    23.656    23.664  6 55379.18532408 24.755
  74  68.254835  61.180115    23.583    23.588  6 55389.10096172 32.846
  75  68.256844  61.180045    23.245    23.184  6 55399.01659861 24.520
  76  68.257933  61.179069    23.259    23.289  6 55408.93224449 39.247
  77  68.259405  61.178215    22.285    22.324  6 55418.84789513 24.959
  78  68.262555  61.178504    20.361    20.226  6 55428.76354268 34.441
  79  68.260187  61.178490    19.373    19.331  5 55438.67918714 21.127
  80  68.259788  61.179821    20.174    19.309  6 55448.59483064 19.677
  81  68.258854  61.180127    22.967    22.869  6 55458.51047370 20.705
  82  68.259561  61.179731    23.606    23.506  6 55468.42611609 21.184
  83  68.261452  61.178566    25.020    24.780  5 55478.34175524 19.277
  84  68.263184  61.177591    22.039    23.184  5 55488.25739135 18.480
  85  68.264300  61.177396    18.763    18.637  5 55498.17302515 21.595
  86  68.261488  61.177776    20.417    20.382  6 55508.08866323 19.910
  87  68.259564  61.179338    17.940    17.759  5 55518.00431344 22.187
  88  68.256678  61.179677    17.132    17.139  6 55527.91996249 34.074
  89  68.256956  61.180272    17.630    17.608  6 55537.83560993 25.556
  90  68.256253  61.180583    17.782    17.789  6 55547.75125503 20.734
  91  68.254741  61.181282    17.652    17.623  5 55557.66689838 17.352
  92  68.251503  61.181263    18.385    17.517  6 55567.58254068 16.124
  93  68.254783  61.181605    17.267    17.228  6 55577.49818288 15.652
  94  68.256712  61.179579    18.913    19.754  6 55587.41382259 14.800
  95  68.262851  61.178170    17.590    17.009  5 55597.32945964 15.027
  96  68.262920  61.176407    20.420    20.476  6 55607.24509323 14.140
  97  68.264392  61.176942    19.609    19.743  5 55617.16072510 13.186
  98  68.261200  61.178146    19.943    19.991  6 55627.07636919 13.788
  99  68.261020  61.179355    20.043    20.018  6 55636.99202079 13.455
 100  68.260917  61.178766    19.701    19.529  6 55646.90767014 14.144
 101  68.262662  61.177868    24.211    24.762  6 55656.82331681 12.602
 102  68.263090  61.177494    16.965    16.944  6 55666.73895913 42.475
 103  68.260873  61.177833    20.430    20.564  6 55676.65459851 52.522
 104  68.259233  61.179075    22.133    22.181  6 55686.57023628 48.438
 105  68.258579  61.179736    23.766    22.515  5 55696.48587291 20.644
 106  68.259239  61.179082    22.676    22.697  6 55706.40150825 26.410
 107  68.260130  61.179307    22.890    22.905  5 55716.31715823 19.770
 108  68.257988  61.179464    24.908    24.949  5 55726.23280680 22.747
 109  68.256300  61.180640    22.726    22.296  6 55736.14845368 35.023
 110  68.252145  61.180818    22.406    22.519  6 55746.06409892 33.729
 111  68.253291  61.180838    21.595    21.771  6 55755.97974270 21.080
 112  68.258073  61.179590    19.607    19.614  6 55765.89538422 46.392
 113  68.262629  61.177630    18.998    18.837  6 55775.81102274 31.666
 114  68.265341  61.176736    18.813    18.789  6 55785.72665836 52.341
 115  68.263609  61.177077    20.074    20.385  6 55795.64229182 25.387
 116  68.260410  61.178078    18.736    18.634  6 55805.55793141 27.443
 117  68.260570  61.179474    18.968    18.904  6 55815.47358096 17.902
 118  68.261539  61.178346    22.204    22.652  6 55825.38922762 17.466
 119  68.264342  61.177098    24.382    23.248  5 55835.30486991 17.309
 120  68.265764  61.176517    22.883    22.965  5 55845.22050855 18.947
 121  68.264043  61.177163    19.518    19.614  5 55855.13614417 19.310
 122  68.261183  61.178804    17.321    17.176  6 55865.05178419 38.624
 123  68.256594  61.180125    17.017    17.027  5 55874.96743693 28.127
 133  68.262077  61.178005    19.607    19.678  6 55974.12387168 14.307
 134  68.260198  61.179252    20.061    20.104  5 55984.03950772 14.710
 135  68.259932  61.178882    20.394    20.450  6 55993.95514146 14.495
 136  68.260661  61.178258    19.998    20.096  5 56003.87079200 15.410
 137  68.262026  61.176985    22.534    22.836  6 56013.78644072 12.860
 139  68.259642  61.178497    23.641    23.601  5 56033.61772955 30.139
 141  68.254726  61.180801    24.672    24.533  5 56053.44900920 18.893
 142  68.258156  61.180682    21.880    20.900  6 56063.36464478 21.851
 143  68.259104  61.179372    21.025    21.105  6 56073.28028664 19.257
 144  68.258820  61.179716    21.012    21.007  6 56083.19593666 28.479
 145  68.256041  61.179924    20.576    19.986  6 56093.11158396 23.893
 146  68.254994  61.180647    19.137    19.093  6 56103.02722922 20.963
 147  68.255661  61.180250    18.325    18.220  6 56112.94286003 27.923
 148  68.258942  61.179038    18.019    18.171  6 56122.85849888 23.076
 149  68.264950  61.177729    17.666    17.791  6 56132.77413411 21.546
 150  68.264972  61.176363    17.011    16.547  6 56142.68977138 25.307
 151  68.261867  61.177445    17.319    16.692  5 56152.60542202 21.980
 152  68.259125  61.179203    16.022    15.993  5 56162.52107128 44.811
 153  68.257702  61.179922    24.464    24.437  6 56172.43671857 22.901
 154  68.258835  61.179119    24.434    24.476  5 56182.35236112 26.198
 155  68.261925  61.178107    15.758    15.791  6 56192.26800003 40.316
 156  68.263135  61.177487    24.122    24.614  5 56202.18363605 18.964
 157  68.262203  61.177952    16.814    16.903  6 56212.09927002 49.382
 158  68.259040  61.178267    24.542    24.588  6 56222.01490179 20.205
 159  68.255499  61.179816    16.805    16.564  6 56231.93055596 51.313
 160  68.255658  61.180598    16.562    16.567  5 56241.84620854 49.810
 161  68.257201  61.180725    17.043    17.032  6 56251.76185695 39.988
 162  68.257208  61.180052    16.876    16.872  5 56261.67750051 33.912
 163  68.257396  61.180084    18.971    19.182  5 56271.59314209 21.281
 164  68.258061  61.180319    17.152    17.237  6 56281.50878330 19.890
 165  68.257520  61.180598    17.739    18.555  6 56291.42443561 19.940
 166  68.257549  61.179555    17.163    16.332  6 56301.34008331 19.865
 167  68.259606  61.178645    18.615    18.998  6 56311.25572700 18.476
 168  68.262188  61.178858    17.996    18.224  6 56321.17136857 17.639
 169  68.260545  61.179176    17.591    18.104  5 56331.08700906 15.773
 170  68.259295  61.179645    19.439    19.342  5 56341.00264903 14.027
 171  68.259705  61.179396    19.659    19.835  6 56350.91828681 13.608
 172  68.260378  61.178063    19.197    19.017  5 56360.83392514 13.425
 173  68.260640  61.178110    20.641    20.828  6 56370.74957478 11.203
 175  68.256584  61.180214    24.963    24.967  5 56390.58086661 15.741
 176  68.254622  61.181056    24.641    24.855  5 56400.49650979 25.867
 177  68.252711  61.180607    19.696    20.061  6 56410.41215016 38.681
 178  68.256577  61.180517    21.654    21.559  5 56420.32778626 39.794
 179  68.256518  61.179216    25.815    26.242  6 56430.24342297 23.594
 180  68.256192  61.180376    23.895    22.991  6 56440.15907622 22.592
 181  68.255316  61.180956    23.487    23.461  6 56450.07472682 33.493
 182  68.254615  61.180518    23.018    22.987  6 56459.99037505 28.921
 183  68.257751  61.180234    24.393    24.431  6 56469.90602033 54.370
 184  68.257805  61.178816    23.658    23.709  6 56479.82166140 30.872
 185  68.259336  61.178162    23.889    23.684  6 56489.73729877 29.731
 187  68.261940  61.178134    22.765    22.688  5 56509.56856757 24.851
 188  68.261041  61.177921    20.684    20.629  6 56519.48420921 42.113
 189  68.261517  61.178875    23.506    23.498  5 56529.39986324 20.096
 190  68.260555  61.178756    22.624    22.992  5 56539.31551291 21.812
 191  68.260996  61.179279    21.500    21.036  6 56549.23115851 20.832
 192  68.257218  61.179457    18.872    18.942  5 56559.14680121 21.175
 193  68.255191  61.180309    24.543    24.657  5 56569.06244315 21.603
 194  68.255681  61.181355    20.485    20.266  6 56578.97808402 21.382
 195  68.257021  61.180665    17.222    17.247  6 56588.89372093 41.414
 196  68.256487  61.179485    20.074    20.100  6 56598.80936462 23.997
 197  68.258539  61.180529    17.462    17.400  6 56608.72501589 32.954
 198  68.255659  61.180541    18.308    18.348  5 56618.64066176 51.836
 199  68.253707  61.180322    19.166    19.087  6 56628.55630447 48.946
 200  68.255587  61.179760    19.262    19.256  6 56638.47194455 32.032
 201  68.261121  61.179340    19.277    19.273  6 56648.38758886 29.156
 202  68.260280  61.178141    18.981    18.972  6 56658.30324035 29.748
 203  68.261185  61.178735    18.651    18.672  6 56668.21888799 27.478
 205  68.257090  61.180499    18.014    17.994  6 56688.05017622 21.573
 206  68.256693  61.179908    18.511    18.077  5 56697.96581729 19.798
 207  68.261204  61.179181    18.516    18.385  6 56707.88145418 18.943
 208  68.261533  61.177637    19.953    19.844  5 56717.79709090 18.111
 211  68.253565  61.182539    20.960    22.241  6 56747.54403753 14.171
 212  68.251372  61.181586    23.142    23.168  6 56757.45967802 15.422
 213  68.257351  61.181060    18.650    17.361  6 56767.37531341 36.093
 214  68.256549  61.179370    22.815    23.039  6 56777.29095740 32.692
 215  68.255030  61.180230    23.436    23.433  6 56787.20661357 52.772
 216  68.251804  61.181305    23.006    22.975  6 56797.12226597 28.029
 217  68.252033  61.182585    23.170    23.195  6 56807.03791354 27.836
 219  68.259159  61.180271    24.551    24.468  6 56826.86919277 48.648
 220  68.261403  61.177863    76.412    77.106  6 56836.78482703 11.904
 221  68.264774  61.177837    23.531    23.547  6 56846.70045872 32.939
 222  68.259340  61.178473    23.728    23.385  5 56856.61610830 28.762
 223  68.258054  61.180730    23.475    23.459  6 56866.53176198 26.952
 224  68.255372  61.180524    23.795    23.707  5 56876.44741396 23.526
 225  68.255615  61.179991    23.724    23.818  6 56886.36306305 22.861
 226  68.256352  61.179345    23.822    23.825  6 56896.27870936 22.608
 227  68.256070  61.180150    24.014    23.829  6 56906.19435275 22.310
 228  68.253298  61.181564    20.869    20.634  5 56916.10999373 31.196
 229  68.251006  61.182531    24.009    23.956  6 56926.02563277 26.032
 230  68.252667  61.182445    24.584    24.532  6 56935.94126875 28.552
 231  68.257847  61.180775    19.701    19.620  6 56945.85689955 23.275
 232  68.257644  61.179263    18.235    18.254  5 56955.77255140 46.357
 233  68.257783  61.179377    18.816    18.763  5 56965.68820063 44.376
 234  68.257058  61.180724    19.915    19.897  6 56975.60384561 39.476
 235  68.253359  61.180631    20.652    20.669  6 56985.51948570 29.054
 236  68.255505  61.179637    20.415    20.415  6 56995.43512081 27.477
 237  68.260645  61.178235    19.953    19.826  5 57005.35076313 25.068
 238  68.261426  61.177198    19.036    19.065  6 57015.26641829 24.328
 239  68.262412  61.178312    19.309    19.237  5 57025.18206928 20.924
 240  68.257761  61.179697    19.130    19.274  5 57035.09771750 17.162
 241  68.255221  61.181012    18.613    18.858  6 57045.01336332 17.613
 242  68.255198  61.180817    17.670    17.721  6 57054.92900614 17.812
 243  68.257834  61.179232    17.517    17.570  5 57064.84464415 17.521
 244  68.260432  61.178131    19.133    18.979  6 57074.76027751 16.011
 245  68.260452  61.177663    18.909    19.583  6 57084.67590749 16.094
 246  68.256682  61.180141    19.233    19.623  6 57094.59156089 16.371
 247  68.252517  61.182230    23.336    23.389  6 57104.50721745 13.593
 248  68.252065  61.182849    24.574    24.464  6 57114.42286994 19.276
 249  68.253984  61.181573    24.554    24.679  5 57124.33851622 26.150
 250  68.255627  61.179881    23.124    23.753  6 57134.25415707 33.741
