# NaN NaN NaN ;Mean Elev.(m), Avg Gradient(m/km), RMS Gradient(m/km) - SRTM1     
#  -12.550  -2.387   5.433 ;Mean Elev.(m), Avg Gradient(m/km), RMS Gradient(m/km) - ASTER GDEM
#    4.080  -1.027   4.415 ;Mean Elev.(m), Avg Gradient(m/km), RMS Gradient(m/km) - GMTED2010 
   1  65.757092  66.136169     5.699     5.830 13 54663.38900973 39.164
   2  65.729542  66.137358     5.709     5.484 21 54673.30465212 27.336
   3  65.732595  66.138555     0.505     0.937 21 54683.22029589 27.189
   4  65.733498  66.139222     4.291     4.444 21 54693.13593817 40.203
   5  65.733222  66.138606     1.536     1.940 21 54703.05157788 30.378
   6  65.730178  66.136695     4.096     4.208 21 54712.96722686 39.093
   7  65.731393  66.134889     3.944     3.978 22 54722.88287783 36.190
   8  65.733025  66.134137     4.137     4.201 22 54732.79852638 33.638
   9  65.733541  66.134984     3.547     3.602 21 54742.71417327 36.249
  10  65.731554  66.135848     2.617     2.247 22 54752.62981971 41.070
  11  65.732151  66.135652     4.311     4.327 21 54762.54546603 37.123
  12  65.732258  66.134191     3.053     2.679 21 54772.46110983 27.125
  13  65.729330  66.133061     2.584     2.582 22 54782.37675044 43.315
  14  65.729262  66.133106     2.085     2.068 22 54792.29238885 37.507
  17  65.731297  66.136539     3.215     2.381 21 54822.03930555 14.436
  18  65.733642  66.135990     3.166     2.854 21 54831.95495782 14.608
  19  65.732748  66.136005     3.355     3.091 21 54841.87059637 14.586
  20  65.732499  66.137110     3.385     3.073 21 54851.78624529 14.177
  21  65.730058  66.138772     3.440     3.360 21 54861.70189364 14.535
  22  65.731811  66.139494     2.832     2.750 21 54871.61754240 12.854
  23  65.733803  66.138234     3.326     3.068 21 54881.53318949 12.752
  24  65.732234  66.135654     3.291     3.286 22 54891.44883300 12.381
  25  65.732670  66.133500     3.514     3.376 22 54901.36447378 12.931
  26  65.731637  66.133653     3.339     3.248 21 54911.28011269 12.104
  27  65.731731  66.135293     3.819     3.735 21 54921.19575058 11.801
  28  65.732438  66.136475     4.010     3.645 21 54931.11138792 11.619
  29  65.731226  66.135769     5.280     5.068 21 54941.02702371 12.517
  30  65.731898  66.133909     6.760     5.648 22 54950.94265802 10.186
  31  65.732826  66.132492     3.066     3.045 22 54960.85829870 35.527
  32  65.730710  66.133165     4.846     4.839 22 54970.77394715 30.674
  33  65.732608  66.134939     6.530     6.590 21 54980.68959478 32.646
  34  65.731505  66.136529     8.177     8.745 22 54990.60524186 31.302
  35  65.731631  66.136674     7.306     6.515 21 55000.52088883 30.329
  36  65.732827  66.136348     5.890     6.122 21 55010.43653413 33.058
  37  65.731527  66.136089     6.105     5.850 21 55020.35217763 28.512
  38  65.732293  66.137040     5.523     5.450 21 55030.26782014 25.921
  39  65.732311  66.138391     4.777     4.811 20 55040.18346194 31.497
  40  65.736146  66.139093     4.339     4.378 21 55050.09910270 35.965
  41  65.734482  66.137916     4.159     4.139 21 55060.01474084 37.306
  42  65.732596  66.135360     3.582     3.400 21 55069.93038134 40.814
  43  65.731487  66.133105     3.394     3.503 22 55079.84603065 36.451
  44  65.731444  66.132949     3.574     3.549 21 55089.76167811 32.141
  45  65.730216  66.134635     3.634     3.527 21 55099.67732431 32.547
  46  65.729673  66.136350     3.877     4.035 21 55109.59297007 39.755
  47  65.732683  66.136025     3.738     3.971 21 55119.50861473 28.642
  48  65.730137  66.133956     2.736     2.403 22 55129.42425636 26.350
  49  65.731919  66.132017     2.451     2.414 21 55139.33989637 47.887
  50  65.730742  66.132390     1.452     1.467 21 55149.25553488 36.997
  51  65.730593  66.134720     1.324     1.311 22 55159.17117313 30.096
  52  65.731561  66.136876     1.462     1.529 22 55169.08681117 20.727
  53  65.732994  66.137475     1.751     1.636 21 55179.00244826 17.252
  54  65.733154  66.136560     1.838     1.716 21 55188.91809426 15.662
  55  65.732387  66.136160     1.748     1.657 21 55198.83374481 14.949
  56  65.728914  66.136963     2.208     1.994 21 55208.74939422 14.907
  57  65.732311  66.138259     1.825     1.796 20 55218.66504375 14.055
  58  65.733370  66.138402     1.945     1.845 21 55228.58069227 13.284
  59  65.734575  66.137027     1.662     1.573 21 55238.49633776 13.139
  60  65.731603  66.134628     1.966     1.930 21 55248.41197932 12.848
  61  65.731765  66.132919     2.056     1.932 22 55258.32761876 12.268
  62  65.732682  66.133061     3.132     2.899 22 55268.24325750 13.089
  63  65.731132  66.134712     3.117     2.912 22 55278.15889566 13.217
  64  65.733176  66.135870     3.660     3.577 21 55288.07453289 13.940
  65  65.731300  66.135695     3.831     3.855 21 55297.99016740 15.348
  66  65.731340  66.133945     7.088     6.065 22 55307.90580981  6.791
  67  65.729061  66.132572     2.428     2.404 22 55317.82145595 36.560
  68  65.730613  66.132859     4.227     4.200 22 55327.73710133 38.616
  69  65.732356  66.134758     7.212     6.580 22 55337.65274596 30.105
  70  65.731525  66.136705     6.842     6.063 21 55347.56838990 29.454
  71  65.733762  66.137410     6.900     5.939 21 55357.48403249 28.220
  72  65.733655  66.137137     5.952     5.573 21 55367.39967282 27.295
  73  65.729248  66.136773     4.847     4.986 21 55377.31531131 28.171
  74  65.734359  66.136991     5.021     5.094 21 55387.23094983 28.705
  75  65.730721  66.137664     5.069     5.075 21 55397.14658663 38.667
  76  65.734064  66.137652     4.931     4.975 21 55407.06222987 48.988
  77  65.732955  66.136441     4.706     4.759 21 55416.97788092 44.323
  78  65.732734  66.134380     4.699     4.732 22 55426.89352863 41.238
  79  65.733380  66.133059     4.576     4.578 22 55436.80917372 30.958
  80  65.733060  66.133263     4.430     4.440 22 55446.72481738 31.387
  81  65.732216  66.134470     3.787     3.829 21 55456.64046052 36.327
  82  65.729843  66.135547     3.988     4.100 21 55466.55610283 41.108
  83  65.733554  66.135194     4.120     4.172 21 55476.47174254 34.435
  84  65.729790  66.133950     2.754     2.380 22 55486.38737841 39.471
  85  65.729859  66.132852     2.719     2.483 22 55496.30301245 32.004
  86  65.730362  66.133502     3.478     3.568 21 55506.21864788 29.852
  87  65.732059  66.135106     2.793     2.788 21 55516.13429855 42.131
  88  65.729659  66.136778     1.619     1.707 21 55526.04994793 30.464
  89  65.730382  66.137374     1.183     1.244 21 55535.96559559 23.287
  90  65.734427  66.137119     1.369     1.455 21 55545.88124142 21.619
  91  65.730448  66.137088     1.523     1.567 21 55555.79688469 21.525
  92  65.730099  66.137464     1.674     1.696 21 55565.71252737 18.065
  93  65.733192  66.137498     1.612     1.654 21 55575.62816975 19.237
  94  65.731997  66.136567     1.609     1.668 21 55585.54381002 19.251
  95  65.732582  66.135025     1.873     1.693 22 55595.45944718 19.039
  96  65.730031  66.133877     1.808     1.628 21 55605.37508086 18.627
  97  65.729865  66.133670     1.795     1.536 22 55615.29071266 17.574
  98  65.730323  66.134380     2.020     1.706 21 55625.20635316 12.822
  99  65.729782  66.134942     2.058     1.708 21 55635.12200541 13.004
 100  65.730669  66.134920     2.155     1.866 21 55645.03765562 12.619
 101  65.731968  66.134289     2.188     2.133 21 55654.95330309 12.708
 102  65.730808  66.133621     7.491     6.225 21 55664.86894580 10.145
 103  65.731499  66.133593     2.920     2.894 21 55674.78458570 39.578
 104  65.732245  66.134479     4.356     4.339 21 55684.70022396 35.769
 105  65.730841  66.135810     6.096     6.152 22 55694.61586083 33.794
 106  65.732291  66.136836     7.194     6.251 21 55704.53149661 29.550
 107  65.729917  66.137128     5.766     5.824 21 55714.44714304 42.931
 108  65.733965  66.137072     5.408     5.529 21 55724.36279246 27.162
 109  65.734576  66.137344     5.172     5.300 21 55734.27843962 28.317
 110  65.729112  66.137800     4.713     4.811 21 55744.19408496 32.722
 111  65.732607  66.137462     4.500     4.455 21 55754.10972961 38.657
 112  65.731549  66.136049     4.253     4.402 21 55764.02537156 36.707
 113  65.730754  66.134254     4.188     4.234 22 55773.94101073 32.464
 114  65.729630  66.133121     4.203     4.282 22 55783.85664651 32.781
 115  65.731503  66.133752     4.056     4.209 22 55793.77228014 34.849
 116  65.732601  66.135099     4.179     4.195 21 55803.68791644 36.108
 117  65.733784  66.135692     4.209     4.190 21 55813.60356622 32.286
 118  65.731429  66.134971     4.285     4.398 22 55823.51921373 37.822
 119  65.732103  66.133700     2.653     2.448 21 55833.43485679 47.048
 120  65.732665  66.133120     4.227     4.242 22 55843.35049569 31.460
 121  65.729829  66.134000     4.162     4.198 22 55853.26613123 35.426
 122  65.732658  66.135758     3.003     2.903 21 55863.18176768 27.783
 123  65.733425  66.136945     1.649     1.658 21 55873.09742177 39.894
 133  65.730724  66.133693     1.734     1.409 22 55972.25385878 17.298
 134  65.731238  66.135678     1.831     1.429 21 55982.16949491 17.745
 135  65.733010  66.136285     1.040     0.994 21 55992.08512959 17.319
 136  65.730759  66.135222     1.256     0.920 22 56002.00077679 17.133
 137  65.730451  66.133343     2.362     2.089 22 56011.91642667 17.983
 139  65.731570  66.134176     6.020     5.197 21 56031.74771642  8.032
 141  65.732645  66.137877     3.423     3.403 21 56051.57899678 27.216
 142  65.734098  66.137867     5.292     5.276 21 56061.49463308 34.713
 143  65.734542  66.136794     5.810     5.778 21 56071.41027173 29.773
 144  65.731520  66.136328     4.922     5.018 22 56081.32592204 30.915
 145  65.729428  66.136935     4.706     4.740 21 56091.24156980 35.149
 146  65.733262  66.137925     4.337     4.361 21 56101.15721573 38.356
 147  65.728799  66.137706     4.327     4.414 21 56111.07284668 37.511
 148  65.732207  66.135769     4.152     4.217 22 56120.98848660 35.186
 149  65.733491  66.133345     2.363     2.137 22 56130.90412261 48.428
 150  65.731783  66.132397     3.764     4.079 22 56140.81975674 32.436
 151  65.732558  66.133681     3.202     3.510 22 56150.73540777 35.444
 152  65.729975  66.135865     3.625     3.962 21 56160.65105662 30.633
 153  65.732750  66.136720     4.102     4.138 21 56170.56670434 25.785
 154  65.731459  66.135513     3.710     3.945 21 56180.48234772 34.867
 155  65.732635  66.133626     4.242     4.225 21 56190.39798735 28.734
 156  65.729662  66.132994     4.074     4.172 22 56200.31362370 32.430
 157  65.731719  66.134611     3.848     3.808 21 56210.22925809 35.307
 158  65.729131  66.137178     3.633     3.590 21 56220.14489021 35.701
 159  65.731668  66.138758     2.410     1.919 21 56230.06054018 29.592
 160  65.731062  66.138349     1.270     1.289 21 56239.97619340 42.664
 161  65.729373  66.137209     0.942     0.970 21 56249.89184259 34.980
 162  65.730943  66.136255     1.235     1.275 21 56259.80748725 31.556
 163  65.734364  66.136626     1.213     1.233 21 56269.72312943 27.967
 164  65.730975  66.137319     1.317     1.277 21 56279.63876926 21.427
 165  65.733621  66.137351     1.219     1.269 21 56289.55442043 18.688
 166  65.731174  66.135723     1.082     1.120 21 56299.47006854 19.054
 167  65.730235  66.133546     1.068     1.097 22 56309.38571281 18.041
 168  65.731530  66.132475     1.177     1.055 22 56319.30135488 18.215
 169  65.731679  66.133700     0.995     1.031 21 56329.21699589 17.969
 170  65.732958  66.135731     0.884     0.876 21 56339.13263616 15.723
 171  65.732186  66.136851     0.822     0.851 21 56349.04827417 15.673
 172  65.730807  66.135905     1.129     0.911 21 56358.96390956 15.250
 173  65.732128  66.134041     1.028     0.926 21 56368.87956029 14.753
 175  65.729790  66.135108     1.792     1.549 21 56388.71085319 14.387
 176  65.729404  66.137536     8.780     9.580 21 56398.62649651  6.826
 177  65.732563  66.138935     3.630     3.385 21 56408.54213770 12.981
 178  65.733825  66.138585     2.653     2.385 21 56418.45777444 39.814
 179  65.729598  66.137361     4.634     4.584 21 56428.37340686 42.375
 180  65.734241  66.136405     7.680     8.456 21 56438.28906114 28.546
 181  65.731150  66.136500     5.418     5.230 21 56448.20471212 31.731
 182  65.734599  66.136985     5.485     5.438 21 56458.12036151 27.506
 183  65.731407  66.136626     5.245     5.330 22 56468.03600701 27.440
 184  65.732273  66.135418     5.499     5.414 21 56477.95164884 53.658
 185  65.731773  66.133861     4.798     4.993 21 56487.86728672 33.919
 187  65.731036  66.134261     5.104     5.128 21 56507.69855613 48.802
 188  65.729643  66.135796     4.847     4.816 21 56517.61419345 42.499
 189  65.731662  66.136373     4.204     4.220 21 56527.52984789 41.303
 190  65.732603  66.135912     3.872     3.934 21 56537.44549799 36.282
 192  65.731627  66.134714     3.643     3.781 22 56557.27678748 32.672
 193  65.731239  66.135865     4.132     4.147 21 56567.19242999 25.345
 194  65.730034  66.137779     3.306     2.950 21 56577.10807108 23.848
 195  65.734053  66.138833     1.804     1.882 21 56587.02370916 39.096
 196  65.733028  66.138585     2.231     2.192 21 56596.93934926 41.311
 197  65.730764  66.137471     2.285     2.325 21 56606.85500091 34.462
 198  65.732826  66.136680     2.487     2.503 21 56616.77064804 31.321
 199  65.732987  66.136544     2.333     2.330 21 56626.68629154 29.931
 200  65.731977  66.136589     1.831     1.815 22 56636.60193218 22.238
 201  65.730203  66.136147     1.647     1.642 21 56646.51757270 21.566
 202  65.732837  66.135064     1.924     1.839 21 56656.43322517 18.694
 203  65.731097  66.133993     2.149     1.964 21 56666.34887290 17.977
 205  65.730168  66.134898     2.245     2.036 21 56686.18016224 15.441
 206  65.732085  66.135845     2.274     1.942 21 56696.09580459 15.030
 207  65.733598  66.136069     2.493     2.087 21 56706.01144236 14.208
 208  65.733279  66.135585     2.725     2.566 21 56715.92707511 14.438
 209  65.729616  66.135213     3.237     3.179 21 56725.84272823 14.388
 211  65.734877  66.137213     4.303     4.402 21 56745.67402425 14.237
 212  65.732766  66.138372     4.585     4.782 21 56755.58966587 13.637
 213  65.734856  66.138479     1.286     1.368 21 56765.50530222 19.217
 214  65.728971  66.137800     2.048     1.993 21 56775.42094077 12.384
 215  65.731296  66.137186     3.053     3.081 21 56785.33659771 37.117
 216  65.731587  66.137091     6.304     6.346 21 56795.25225083 41.270
 217  65.734323  66.137072     7.583     6.419 21 56805.16790018 31.603
 219  65.731808  66.135288     7.646     7.563 22 56824.99918093 29.671
 220  65.730509  66.134273     6.261     6.288 21 56834.91481579 39.984
 221  65.730203  66.134277     6.013     6.058 21 56844.83044737 28.523
 222  65.731591  66.135068     5.731     5.787 21 56854.74609276 27.804
 223  65.733885  66.135876     5.715     5.854 21 56864.66174660 28.046
 224  65.731795  66.136025     5.261     5.321 21 56874.57739932 32.738
 225  65.731977  66.135654     5.256     5.256 21 56884.49304909 36.116
 226  65.732017  66.135231     4.373     4.357 22 56894.40869574 40.259
 227  65.731826  66.135558     3.991     4.152 21 56904.32433918 36.400
 228  65.732623  66.136805     4.060     4.219 21 56914.23998064 33.977
 229  65.729632  66.138223     4.126     4.128 21 56924.15562000 39.091
 230  65.733123  66.138836     4.233     4.229 21 56934.07125731 36.852
 231  65.733067  66.138350     3.631     3.797 21 56943.98688901 23.487
 232  65.731982  66.137162     3.099     3.065 21 56953.90253656 44.851
 233  65.731962  66.136442     2.542     2.471 21 56963.81818668 33.186
 234  65.732057  66.136815     2.201     2.177 21 56973.73383206 22.641
 235  65.730206  66.137457     2.546     2.299 21 56983.64947290 24.033
 236  65.734017  66.136978     2.734     2.603 21 56993.56510944 22.495
 237  65.731664  66.135300     3.018     2.856 22 57003.48074643 21.554
 238  65.731106  66.133639     2.875     2.824 21 57013.39640283 18.797
 239  65.732468  66.133469     2.668     2.626 21 57023.31205411 16.805
 240  65.731960  66.135178     2.285     2.126 21 57033.22770264 14.339
 241  65.734091  66.136734     2.115     1.985 21 57043.14334912 13.935
 242  65.734584  66.136936     2.388     2.092 21 57053.05899309 13.991
 243  65.731796  66.135757     2.337     2.368 21 57062.97463230 13.295
 244  65.733269  66.134891     2.858     2.574 21 57072.89026672 13.608
 245  65.732340  66.135636     3.010     2.863 21 57082.80589704 12.817
 246  65.729661  66.137716     3.234     3.297 21 57092.72154432 13.817
 247  65.730654  66.139492    10.758    10.703 21 57102.63720149 11.258
 248  65.733314  66.139556    10.336    10.349 21 57112.55285517 11.286
 249  65.729427  66.138038     7.470     6.257 21 57122.46850230 11.412
 250  65.732126  66.136271     5.703     5.119 22 57132.38414453 11.534
