# NaN NaN NaN ;Mean Elev.(m), Avg Gradient(m/km), RMS Gradient(m/km) - SRTM1     
#   20.312  -0.060   2.363 ;Mean Elev.(m), Avg Gradient(m/km), RMS Gradient(m/km) - ASTER GDEM
#   27.558  -0.024   1.807 ;Mean Elev.(m), Avg Gradient(m/km), RMS Gradient(m/km) - GMTED2010 
   2    27.342 54673.38614684 28.61  70.376748  61.270112 17.037  261.26  262.32  257.11
   2    24.758 54673.38614743 30.11  70.381279  61.268646 29.050  261.26  262.32  257.11
   2    24.891 54673.38614802 30.57  70.385810  61.267179 30.550  261.26  262.32  257.11
   3   -10.091 54683.30179019 11.64  70.376566  61.271270  2.450  260.06  258.58  256.32
   3    -9.565 54683.30179078 11.76  70.381097  61.269804  2.521  260.06  258.58  256.32
   3    -9.013 54683.30179137 11.73  70.385628  61.268337  2.781  260.06  258.58  256.32
   4    22.426 54693.21743224 36.86  70.376279  61.272620   -100  261.08  261.48  259.36
   4    22.632 54693.21743283 32.80  70.380810  61.271153 31.867  261.08  261.48  259.36
   4    24.229 54693.21743342 27.49  70.385341  61.269687 14.114  261.08  261.48  259.36
   5    -9.244 54703.13307215 15.29  70.377544  61.272557  3.043  260.42  260.84  258.26
   5    -9.129 54703.13307274 15.81  70.382075  61.271091  4.791  260.42  260.84  258.26
   5    -9.064 54703.13307333 15.34  70.386606  61.269625  3.561  260.42  260.84  258.26
   6    27.017 54713.04872146 35.97  70.374464  61.271190   -100  252.40  252.63  250.54
   6    21.727 54713.04872205 34.21  70.378996  61.269724 30.743  252.40  252.63  250.54
   6    21.501 54713.04872264 35.03  70.383526  61.268258   -100  252.40  252.63  250.54
   6    21.065 54713.04872323 38.47  70.388057  61.266791   -100  252.40  252.63  250.54
   7    12.488 54722.96437253 15.85  70.373272  61.268704  2.895  252.63  253.06  252.50
   7    12.443 54722.96437312 16.27  70.377802  61.267238  2.735  252.63  253.06  252.50
   7    12.434 54722.96437371 16.14  70.382333  61.265772  2.975  252.63  253.06  252.50
   7    12.451 54722.96437430 16.06  70.386863  61.264306  2.720  252.63  253.06  252.50
   8    23.809 54732.88002062 25.72  70.368955  61.267934 11.323  250.23  250.57  249.37
   8    23.990 54732.88002121 25.53  70.373486  61.266468 11.507  250.23  250.57  249.37
   8    22.902 54732.88002180 28.28  70.378016  61.265002 18.161  250.23  250.57  249.37
   8    23.729 54732.88002239 28.57  70.382546  61.263535 15.722  250.23  250.57  249.37
   9    24.806 54742.79566727 23.64  70.367892  61.268187  8.293  254.03  255.62  254.95
   9    24.531 54742.79566786 24.47  70.372422  61.266720 10.672  254.03  255.62  254.95
   9    24.085 54742.79566845 25.68  70.376953  61.265254 12.561  254.03  255.62  254.95
   9    24.148 54742.79566905 25.49  70.381482  61.263788 10.097  254.03  255.62  254.95
   9    23.819 54742.79566964 27.23  70.386012  61.262321 17.138  254.03  255.62  254.95
  10    24.453 54752.71131394 24.53  70.369792  61.268236  7.525  254.70  254.68  254.94
  10    22.472 54752.71131453 25.25  70.374323  61.266769  8.670  254.70  254.68  254.94
  10    26.180 54752.71131512 25.46  70.378853  61.265303  8.181  254.70  254.68  254.94
  10    23.386 54752.71131571 29.61  70.383383  61.263836 15.886  254.70  254.68  254.94
  11    24.825 54762.62696001 24.91  70.369593  61.268338  7.148  250.91  250.71  250.39
  11    26.174 54762.62696060 25.30  70.374123  61.266872  6.035  250.91  250.71  250.39
  11    24.303 54762.62696119 26.08  70.378654  61.265405  8.040  250.91  250.71  250.39
  11    24.811 54762.62696178 26.41  70.383184  61.263938  8.631  250.91  250.71  250.39
  12    22.288 54772.54260376 31.92  70.369550  61.267129 28.899  245.41  245.33  245.72
  12    22.924 54772.54260435 30.50  70.374081  61.265663 21.043  245.41  245.33  245.72
  12    22.273 54772.54260494 31.60  70.378611  61.264196 25.263  245.41  245.33  245.72
  12    22.389 54772.54260553 34.25  70.383141  61.262730 32.419  245.41  245.33  245.72
  13    21.777 54782.45824416 37.45  70.365998  61.267295   -100 -100.00 -100.00 -100.00
  13    21.792 54782.45824475 38.48  70.370529  61.265829   -100  254.67  253.31  252.55
  13    21.734 54782.45824534 40.73  70.375060  61.264362   -100  254.67  253.31  252.55
  13    21.760 54782.45824593 39.07  70.379591  61.262896   -100  254.67  253.31  252.55
  13    21.821 54782.45824652 37.79  70.384121  61.261429 31.135  254.67  253.31  252.55
  14    21.306 54792.37388282 33.80  70.368432  61.266948 32.016  257.84  258.17  260.07
  14    21.414 54792.37388341 35.23  70.372964  61.265482 30.234  257.84  258.17  260.07
  14    21.381 54792.37388400 35.13  70.377494  61.264015   -100  257.84  258.17  260.07
  14    21.350 54792.37388459 32.49  70.382025  61.262548 29.218  257.84  258.17  260.07
  17    23.573 54822.12080020 20.99  70.377252  61.269760  8.769  243.14  238.50  227.25
  17    23.667 54822.12080079 21.01  70.381783  61.268293  9.575  243.14  238.50  227.25
  17    23.437 54822.12080138 21.27  70.386314  61.266827  9.211  243.14  238.50  227.25
  18    23.702 54832.03644044 16.85  70.373484  61.269677  4.518  249.86  245.69  233.43
  18    23.336 54832.03644103 18.50  70.378015  61.268211  7.408  249.86  245.69  233.43
  18    23.399 54832.03644163 18.36  70.382546  61.266745  7.170  249.86  245.69  233.43
  18    23.486 54832.03644222 17.26  70.387076  61.265278  5.745  249.86  245.69  233.43
  19    24.229 54841.95209062 15.44  70.371777  61.269271  3.676  245.46  240.52  225.00
  19    23.831 54841.95209121 15.95  70.376308  61.267804  4.822  245.46  240.52  225.00
  19    23.372 54841.95209180 16.13  70.380839  61.266338  4.163  245.46  240.52  225.00
  19    23.411 54841.95209239 15.93  70.385368  61.264871  4.386  245.46  240.52  225.00
  20    23.838 54851.86773963 15.47  70.372336  61.269366  4.940  242.80  235.88  216.36
  20    23.570 54851.86774022 15.04  70.376866  61.267899  3.697  242.80  235.88  216.36
  20    23.342 54851.86774081 14.77  70.381396  61.266433  3.086  242.80  235.88  216.36
  20    23.495 54851.86774140 15.55  70.385926  61.264966  4.504  242.80  235.88  216.36
  21    24.423 54861.78338799 15.03  70.371995  61.270714  4.213  242.51  234.23  212.11
  21    23.758 54861.78338859 15.12  70.376526  61.269247  3.921  242.51  234.23  212.11
  21    24.608 54861.78338918 15.04  70.381056  61.267781  4.052  242.51  234.23  212.11
  21    24.575 54861.78338977 14.71  70.385586  61.266314  3.467  242.51  234.23  212.11
  22    24.076 54871.69903655 15.27  70.372796  61.271070  4.311  242.26  231.96  208.34
  22    25.058 54871.69903714 15.04  70.377327  61.269603  3.957  242.26  231.96  208.34
  22    22.992 54871.69903773 15.37  70.381857  61.268136  3.681  242.26  231.96  208.34
  22    23.925 54871.69903832 15.41  70.386387  61.266670  3.647  242.26  231.96  208.34
  23    24.285 54881.61468362 13.30  70.373951  61.269494  3.113 -100.00 -100.00 -100.00
  23    24.560 54881.61468421 13.48  70.378481  61.268027  3.491 -100.00 -100.00 -100.00
  23    24.642 54881.61468480 13.20  70.383012  61.266561  3.245 -100.00 -100.00 -100.00
  23    24.156 54881.61468540 13.46  70.387541  61.265094  3.549 -100.00 -100.00 -100.00
  24    24.305 54891.53032694 13.68  70.369997  61.268142  3.840  248.28  239.39  213.51
  24    24.062 54891.53032753 13.73  70.374528  61.266676  3.417  248.28  239.39  213.51
  24    24.047 54891.53032812 13.58  70.379059  61.265209  3.504  248.28  239.39  213.51
  24    24.470 54891.53032871 13.35  70.383589  61.263742  2.894  248.28  239.39  213.51
  25    24.365 54901.44596759 13.22  70.367511  61.266408  3.074  249.38  240.80  217.96
  25    24.822 54901.44596818 12.92  70.372042  61.264941  2.728  249.38  240.80  217.96
  25    24.408 54901.44596877 13.51  70.376572  61.263475  3.818  249.38  240.80  217.96
  25    24.718 54901.44596936 13.22  70.381102  61.262008  2.814  249.38  240.80  217.96
  25    24.597 54901.44596995 12.97  70.385632  61.260541  2.644  249.38  240.80  217.96
  26    25.075 54911.36160683 14.67  70.368968  61.265817  4.174  248.69  237.51  211.28
  26    25.368 54911.36160742 14.67  70.373499  61.264351  3.938  248.69  237.51  211.28
  26    25.297 54911.36160801 14.44  70.378029  61.262884  3.222  248.69  237.51  211.28
  26    25.002 54911.36160860 14.17  70.382559  61.261418  2.803  248.69  237.51  211.28
  27    25.510 54921.27724487 13.61  70.371111  61.267019  4.343  245.92  237.59  212.92
  27    25.098 54921.27724546 13.37  70.375642  61.265552  4.644  245.92  237.59  212.92
  27    25.018 54921.27724605 13.20  70.380172  61.264086  3.539  245.92  237.59  212.92
  27    25.807 54921.27724664 12.84  70.384702  61.262619  2.940  245.92  237.59  212.92
  28    21.360 54931.19288203 30.89  70.371111  61.269148 23.350 -100.00 -100.00 -100.00
  28    21.450 54931.19288262 30.52  70.375642  61.267682 22.294 -100.00 -100.00 -100.00
  28    21.531 54931.19288321 30.66  70.380173  61.266215 22.381 -100.00 -100.00 -100.00
  28    21.709 54931.19288380 29.71  70.384702  61.264749 16.758 -100.00 -100.00 -100.00
  29    22.166 54941.10851802 42.03  70.371472  61.269562   -100  253.29  253.97  253.48
  29    22.266 54941.10851861 42.70  70.376003  61.268096   -100  253.29  253.97  253.48
  29    22.098 54941.10851920 46.10  70.380533  61.266630   -100  253.29  253.97  253.48
  29    22.000 54941.10851979 44.50  70.385063  61.265163   -100  253.29  253.97  253.48
  30    24.022 54951.02415264 35.03  70.372971  61.268284 28.868  249.73  249.05  248.82
  30    23.709 54951.02415323 37.78  70.377502  61.266818   -100  249.73  249.05  248.82
  30    23.850 54951.02415382 38.97  70.382032  61.265352   -100  249.73  249.05  248.82
  30    24.064 54951.02415441 39.16  70.386562  61.263885   -100  249.73  249.05  248.82
  31    26.848 54960.93979343 42.53  70.371561  61.267280   -100 -100.00 -100.00 -100.00
  31    26.494 54960.93979402 50.42  70.376092  61.265814 30.502 -100.00 -100.00 -100.00
  31    26.578 54960.93979461 49.89  70.380622  61.264348 10.996 -100.00 -100.00 -100.00
  31    26.679 54960.93979520 46.41  70.385151  61.262882   -100 -100.00 -100.00 -100.00
  32    26.641 54970.85544173 40.00  70.368660  61.268150   -100  227.26  226.65  227.82
  32    26.710 54970.85544232 34.54  70.373190  61.266684   -100  227.26  226.65  227.82
  32    26.342 54970.85544291 31.94  70.377721  61.265218 31.405  227.26  226.65  227.82
  32    26.396 54970.85544350 33.18  70.382250  61.263752   -100  227.26  226.65  227.82
  33    26.614 54980.77108925 39.17  70.370996  61.268993 31.706  235.72  240.70  234.92
  33    26.526 54980.77108984 37.08  70.375527  61.267527 26.919  235.72  240.70  234.92
  33    26.346 54980.77109043 37.31  70.380057  61.266061 32.568  235.72  240.70  234.92
  33    26.591 54980.77109102 38.96  70.384587  61.264595   -100  235.72  240.70  234.92
  34    26.394 54990.68673638 35.32  70.372809  61.270019 29.590  234.33  236.33  230.21
  34    26.204 54990.68673697 39.35  70.377340  61.268553   -100  234.33  236.33  230.21
  34    26.528 54990.68673756 34.21  70.381871  61.267086 27.307  234.33  236.33  230.21
  34    26.655 54990.68673815 32.38  70.386400  61.265620 20.291  234.33  236.33  230.21
  35    26.330 55000.60238337 34.43  70.374050  61.269537   -100  242.35  249.59  242.95
  35    26.481 55000.60238396 36.83  70.378581  61.268070   -100  242.35  249.59  242.95
  35    26.464 55000.60238455 41.07  70.383111  61.266604  3.818  242.35  249.59  242.95
  35    26.541 55000.60238514 39.00  70.387641  61.265137   -100  242.35  249.59  242.95
  36    25.843 55010.51802862 39.82  70.374823  61.268637   -100 -100.00 -100.00 -100.00
  36    26.204 55010.51802921 36.71  70.379353  61.267171   -100 -100.00 -100.00 -100.00
  36    26.455 55010.51802980 33.93  70.383884  61.265704 23.060 -100.00 -100.00 -100.00
  37    25.572 55020.43367194 32.88  70.372664  61.268856   -100  259.30  261.72  253.62
  37    25.546 55020.43367253 32.11  70.377195  61.267390   -100  259.30  261.72  253.62
  37    25.838 55020.43367312 29.50  70.381725  61.265923 23.049  259.30  261.72  253.62
  37    26.079 55020.43367371 30.17  70.386255  61.264457 26.355  259.30  261.72  253.62
  38    26.090 55030.34931448 37.01  70.374349  61.269309 31.410  261.92  263.37  257.95
  38    25.792 55030.34931507 32.45  70.378880  61.267842 14.099  261.92  263.37  257.95
  38    25.700 55030.34931566 34.25  70.383411  61.266376 21.154  261.92  263.37  257.95
  39    26.533 55040.26495607 35.38  70.373994  61.271049   -100  262.00  261.05  257.85
  39    26.440 55040.26495666 29.06  70.378525  61.269583 24.981  262.00  261.05  257.85
  39    25.224 55040.26495725 25.77  70.383056  61.268116 15.325  262.00  261.05  257.85
  39    25.289 55040.26495784 29.38  70.387586  61.266649 28.666  262.00  261.05  257.85
  40    26.353 55050.18059701 26.73  70.378946  61.271028 18.555 -100.00 -100.00 -100.00
  40    24.313 55050.18059760 29.82  70.383477  61.269561 30.562 -100.00 -100.00 -100.00
  40    24.529 55050.18059819 31.25  70.388007  61.268094   -100 -100.00 -100.00 -100.00
  41    26.542 55060.09623496 31.12  70.375315  61.271728   -100  262.80  264.43  261.48
  41    26.438 55060.09623555 27.02  70.379847  61.270262 18.670  262.80  264.43  261.48
  41    23.882 55060.09623614 25.80  70.384377  61.268796 16.172  262.80  264.43  261.48
  42    23.070 55070.01187612 43.15  70.375412  61.268989   -100  259.65  261.74  257.46
  42    23.230 55070.01187671 48.34  70.379943  61.267523   -100  259.65  261.74  257.46
  42    22.863 55070.01187730 51.51  70.384473  61.266056 28.859  259.65  261.74  257.46
  43    23.603 55079.92752503 38.84  70.368329  61.267722 19.876 -100.00 -100.00 -100.00
  43    23.383 55079.92752562 39.94  70.372860  61.266256 21.828 -100.00 -100.00 -100.00
  43    22.762 55079.92752621 47.19  70.377390  61.264790   -100 -100.00 -100.00 -100.00
  43    22.412 55079.92752680 46.17  70.381920  61.263324 31.087 -100.00 -100.00 -100.00
  44    22.142 55089.84317256 29.75  70.368096  61.266515 25.787 -100.00 -100.00 -100.00
  44    22.311 55089.84317315 28.84  70.372626  61.265049 17.985 -100.00 -100.00 -100.00
  44    21.842 55089.84317374 30.48  70.377156  61.263583 29.196 -100.00 -100.00 -100.00
  44    23.744 55089.84317433 25.97  70.381686  61.262117 13.935 -100.00 -100.00 -100.00
  45    22.158 55099.75881901 29.10  70.370842  61.266790 15.689  255.84  256.90  255.15
  45    21.824 55099.75881961 31.34  70.375372  61.265324 22.878  255.84  256.90  255.15
  45    23.785 55099.75882020 28.10  70.379902  61.263857 13.987  255.84  256.90  255.15
  45    22.174 55099.75882079 33.58  70.384432  61.262391 29.062  255.84  256.90  255.15
  46    25.953 55109.67446467 22.14  70.372205  61.268210  7.829  252.08  253.07  252.60
  46    26.126 55109.67446526 23.74  70.376736  61.266744 10.959  252.08  253.07  252.60
  46    25.619 55109.67446585 24.90  70.381266  61.265277 12.714  252.08  253.07  252.60
  46    23.950 55109.67446644 24.34  70.385796  61.263810 12.735  252.08  253.07  252.60
  47    22.069 55119.59010851 34.20  70.369449  61.269223 27.938  246.38  245.20  244.19
  47    22.547 55119.59010910 34.22  70.373981  61.267756 19.491  246.38  245.20  244.19
  47    21.610 55119.59010969 35.60  70.378511  61.266290   -100  246.38  245.20  244.19
  47    21.444 55119.59011028 30.37  70.383042  61.264823 29.688  246.38  245.20  244.19
  48    22.435 55129.50575036 33.12  70.368783  61.267470 20.981 -100.00 -100.00 -100.00
  48    22.035 55129.50575095 35.47  70.373314  61.266003 30.488 -100.00 -100.00 -100.00
  48    21.609 55129.50575154 31.63  70.377845  61.264537 28.695 -100.00 -100.00 -100.00
  48    23.241 55129.50575213 26.88  70.382375  61.263070 12.590 -100.00 -100.00 -100.00
  49    22.211 55139.42138996 37.90  70.365860  61.266312 19.726 -100.00 -100.00 -100.00
  49    21.761 55139.42139055 40.18  70.370392  61.264845 28.465 -100.00 -100.00 -100.00
  49    21.495 55139.42139114 45.43  70.374923  61.263379   -100 -100.00 -100.00 -100.00
  49    21.511 55139.42139173 49.29  70.379453  61.261912   -100 -100.00 -100.00 -100.00
  49    21.541 55139.42139232 52.09  70.383983  61.260446   -100 -100.00 -100.00 -100.00
  50    22.237 55149.33702899 35.42  70.369571  61.265593   -100  251.94  248.80  242.52
  50    22.068 55149.33702958 37.15  70.374102  61.264126   -100  251.94  248.80  242.52
  50    22.221 55149.33703017 35.85  70.378632  61.262660   -100  251.94  248.80  242.52
  50    22.204 55149.33703077 35.90  70.383163  61.261193   -100  251.94  248.80  242.52
  51    22.627 55159.25266691 29.14  70.369018  61.268981 15.843 -100.00 -100.00 -100.00
  51    22.736 55159.25266750 33.52  70.373549  61.267514 29.030 -100.00 -100.00 -100.00
  51    22.506 55159.25266809 34.12  70.378080  61.266048   -100 -100.00 -100.00 -100.00
  51    22.729 55159.25266868 31.71  70.382611  61.264581 23.432 -100.00 -100.00 -100.00
  52    22.654 55169.16830548 25.16  70.375867  61.270099  9.852  255.41  251.74  243.83
  52    22.801 55169.16830607 24.13  70.380399  61.268633  9.407  255.41  251.74  243.83
  52    22.877 55169.16830666 23.66  70.384929  61.267167  7.205  255.41  251.74  243.83
  53    22.576 55179.08394226 20.75  70.375100  61.271878  5.628  248.94  244.45  233.09
  53    22.450 55179.08394285 21.93  70.379631  61.270412  7.453  248.94  244.45  233.09
  53    22.467 55179.08394344 21.70  70.384163  61.268945  6.753  248.94  244.45  233.09
  53    22.499 55179.08394403 20.89  70.388693  61.267479  6.051  248.94  244.45  233.09
  54    22.331 55188.99958851 17.66  70.374197  61.270677  4.712 -100.00 -100.00 -100.00
  54    22.377 55188.99958910 18.56  70.378728  61.269211  5.571 -100.00 -100.00 -100.00
  54    22.263 55188.99958969 17.71  70.383259  61.267744  4.925 -100.00 -100.00 -100.00
  54    22.337 55188.99959028 17.52  70.387789  61.266278  4.306 -100.00 -100.00 -100.00
  55    21.992 55198.91523945 15.90  70.374760  61.268794  6.021  248.61  240.89  220.23
  55    21.730 55198.91524004 18.16  70.379291  61.267328  9.444  248.61  240.89  220.23
  55    21.820 55198.91524063 17.44  70.383821  61.265861  8.242  248.61  240.89  220.23
  56    21.976 55208.83088917 14.89  70.374614  61.268773  4.703 -100.00 -100.00 -100.00
  56    22.442 55208.83088976 14.52  70.379144  61.267307  4.481 -100.00 -100.00 -100.00
  56    22.577 55208.83089035 14.41  70.383674  61.265840  4.348 -100.00 -100.00 -100.00
  57    21.622 55218.74653795 16.27  70.372723  61.270598  6.403  248.73  239.57  214.48
  57    21.765 55218.74653854 16.15  70.377253  61.269131  7.004  248.73  239.57  214.48
  57    23.002 55218.74653913 14.29  70.381784  61.267665  3.645  248.73  239.57  214.48
  57    23.161 55218.74653972 15.27  70.386314  61.266198  5.575  248.73  239.57  214.48
  58    22.786 55228.66218623 13.72  70.372378  61.270761  3.881 -100.00 -100.00 -100.00
  58    23.318 55228.66218683 13.61  70.376909  61.269294  3.567 -100.00 -100.00 -100.00
  58    23.128 55228.66218742 13.50  70.381439  61.267828  3.563 -100.00 -100.00 -100.00
  58    24.397 55228.66218801 13.65  70.385969  61.266361  3.875 -100.00 -100.00 -100.00
  59    23.281 55238.57783150 14.40  70.371025  61.269690  5.011 -100.00 -100.00 -100.00
  59    23.677 55238.57783209 14.43  70.375556  61.268224  4.767 -100.00 -100.00 -100.00
  59    21.369 55238.57783268 16.93  70.380087  61.266757  8.133 -100.00 -100.00 -100.00
  59    24.279 55238.57783327 13.37  70.384617  61.265291  3.440 -100.00 -100.00 -100.00
  60    23.977 55248.49347328 13.04  70.368903  61.267550  3.867  243.43  228.99  199.62
  60    24.326 55248.49347387 13.63  70.373434  61.266084  4.538  243.43  228.99  199.62
  60    24.057 55248.49347446 13.43  70.377964  61.264617  4.419  243.43  228.99  199.62
  60    24.435 55248.49347505 13.30  70.382494  61.263151  4.156  243.43  228.99  199.62
  61    24.226 55258.40911251 13.81  70.365723  61.266369  3.714  247.38  234.78  206.12
  61    24.131 55258.40911310 14.16  70.370254  61.264903  4.383  247.38  234.78  206.12
  61    24.407 55258.40911369 13.70  70.374784  61.263437  4.196  247.38  234.78  206.12
  61    24.347 55258.40911428 13.14  70.379314  61.261970  3.080  247.38  234.78  206.12
  61    24.289 55258.40911487 13.16  70.383844  61.260503  3.141  247.38  234.78  206.12
  62    23.626 55268.32475127 12.61  70.366204  61.266356  4.413  248.59  235.76  208.35
  62    23.551 55268.32475186 12.28  70.370735  61.264890  3.720  248.59  235.76  208.35
  62    23.841 55268.32475245 12.76  70.375265  61.263424  4.868  248.59  235.76  208.35
  62    24.107 55268.32475304 11.74  70.379795  61.261957  3.309  248.59  235.76  208.35
  62    24.209 55268.32475363 11.75  70.384324  61.260490  3.551  248.59  235.76  208.35
  63    24.307 55278.24038992 12.63  70.369952  61.267375  4.702  248.01  234.79  206.97
  63    25.324 55278.24039051 12.31  70.374483  61.265909  3.791  248.01  234.79  206.97
  63    24.968 55278.24039110 11.95  70.379013  61.264442  3.605  248.01  234.79  206.97
  63    24.911 55278.24039169 11.91  70.383543  61.262976  3.417  248.01  234.79  206.97
  64    25.940 55288.15602720 11.42  70.372729  61.268787  5.194  242.64  231.52  207.79
  64    25.709 55288.15602779 10.93  70.377260  61.267321  4.229  242.64  231.52  207.79
  64    25.958 55288.15602838 10.42  70.381790  61.265854  3.031  242.64  231.52  207.79
  64    25.840 55288.15602897 10.43  70.386320  61.264387  3.345  242.64  231.52  207.79
  65    25.860 55298.07166221 11.74  70.375297  61.269076  5.433 -100.00 -100.00 -100.00
  65    25.774 55298.07166280 11.60  70.379828  61.267610  4.909 -100.00 -100.00 -100.00
  65    29.650 55298.07166339 10.81  70.384358  61.266144  3.210 -100.00 -100.00 -100.00
  66    25.351 55307.98730470 26.84  70.372598  61.268095  9.242  251.41  246.13  226.97
  66    23.848 55307.98730529 28.97  70.377129  61.266629 12.536  251.41  246.13  226.97
  66    24.087 55307.98730588 28.10  70.381659  61.265163 11.810  251.41  246.13  226.97
  66    24.206 55307.98730647 28.71  70.386188  61.263697 11.538  251.41  246.13  226.97
  67    22.734 55317.90295092 36.11  70.369213  61.266806   -100  253.90  253.50  251.03
  67    22.575 55317.90295151 34.43  70.373744  61.265340   -100  253.90  253.50  251.03
  67    22.458 55317.90295210 37.11  70.378274  61.263874   -100  253.90  253.50  251.03
  67    22.491 55317.90295269 39.21  70.382803  61.262408   -100  253.90  253.50  251.03
  68    25.532 55327.81859631 44.19  70.370310  61.266120 21.590 -100.00 -100.00 -100.00
  68    24.804 55327.81859690 48.18  70.374840  61.264654   -100 -100.00 -100.00 -100.00
  68    24.709 55327.81859749 45.07  70.379369  61.263188  3.277 -100.00 -100.00 -100.00
  68    24.646 55327.81859808 43.77  70.383898  61.261722 11.090 -100.00 -100.00 -100.00
  69    26.507 55337.73424076 27.08  70.372639  61.267436 12.057 -100.00 -100.00 -100.00
  69    26.349 55337.73424135 27.85  70.377169  61.265970 14.826 -100.00 -100.00 -100.00
  69    26.471 55337.73424195 27.24  70.381699  61.264503 11.937 -100.00 -100.00 -100.00
  69    26.494 55337.73424254 35.27  70.386228  61.263037   -100 -100.00 -100.00 -100.00
  70    26.739 55347.64988433 49.51  70.372153  61.270113 18.473  221.85  221.07  219.89
  70    26.728 55347.64988492 44.29  70.376684  61.268647   -100  221.85  221.07  219.89
  70    26.763 55347.64988551 43.39  70.381214  61.267181   -100  221.85  221.07  219.89
  70    26.868 55347.64988610 44.90  70.385744  61.265714   -100  221.85  221.07  219.89
  71    27.013 55357.56552703 33.56  70.376517  61.269849 27.240  221.48  222.35  217.05
  71    26.885 55357.56552762 31.35  70.381048  61.268383 21.297  221.48  222.35  217.05
  71    26.918 55357.56552821 34.00  70.385578  61.266916 31.008  221.48  222.35  217.05
  72    27.657 55367.48116707 45.44  70.374668  61.270131   -100  223.44  224.55  217.21
  72    27.210 55367.48116766 48.49  70.379199  61.268664  9.195  223.44  224.55  217.21
  72    27.152 55367.48116825 51.40  70.383729  61.267198 30.668  223.44  224.55  217.21
  73    26.399 55377.39680578 35.02  70.373341  61.270105   -100 -100.00 -100.00 -100.00
  73    27.108 55377.39680637 32.94  70.377873  61.268639 27.028 -100.00 -100.00 -100.00
  73    26.981 55377.39680696 32.51  70.382403  61.267172 26.755 -100.00 -100.00 -100.00
  73    27.309 55377.39680755 35.74  70.386933  61.265706 32.315 -100.00 -100.00 -100.00
  74    27.358 55387.31244396 38.23  70.374944  61.270284   -100  227.14  231.98  222.80
  74    27.314 55387.31244456 33.62  70.379476  61.268818 25.393  227.14  231.98  222.80
  74    27.285 55387.31244515 35.90  70.384006  61.267351   -100  227.14  231.98  222.80
  75    27.339 55397.22808095 37.77  70.374767  61.271825 26.746 -100.00 -100.00 -100.00
  75    27.309 55397.22808154 38.86  70.379298  61.270359 31.252 -100.00 -100.00 -100.00
  75    27.202 55397.22808213 40.71  70.383829  61.268892   -100 -100.00 -100.00 -100.00
  75    27.166 55397.22808272 43.85  70.388360  61.267426   -100 -100.00 -100.00 -100.00
  76    27.083 55407.14372442 40.61  70.377723  61.271468   -100  240.11  247.44  236.06
  76    27.029 55407.14372501 38.51  70.382255  61.270002   -100  240.11  247.44  236.06
  76    27.014 55407.14372560 36.10  70.386785  61.268536 24.332  240.11  247.44  236.06
  77    26.908 55417.05937552 31.71  70.374967  61.270269 23.453  242.58  242.79  238.59
  77    26.469 55417.05937611 30.28  70.379498  61.268803 23.734  242.58  242.79  238.59
  77    26.431 55417.05937670 33.13  70.384029  61.267337 29.447  242.58  242.79  238.59
  78    25.187 55426.97502313 24.98  70.370783  61.268317 11.090  253.18  253.22  251.77
  78    24.722 55426.97502372 24.99  70.375314  61.266851 11.867  253.18  253.22  251.77
  78    26.537 55426.97502432 25.11  70.379844  61.265385 11.357  253.18  253.22  251.77
  78    24.623 55426.97502491 25.39  70.384374  61.263918 11.256  253.18  253.22  251.77
  79    23.717 55436.89066818 29.70  70.368957  61.266561 21.645  257.45  259.08  255.74
  79    24.252 55436.89066877 28.60  70.373487  61.265095 17.130  257.45  259.08  255.74
  79    23.883 55436.89066936 29.80  70.378017  61.263629 23.030  257.45  259.08  255.74
  79    23.858 55436.89066995 29.94  70.382547  61.262162 24.051  257.45  259.08  255.74
  80    23.201 55446.80631146 38.85  70.366356  61.267134   -100  251.32  250.51  250.02
  80    23.292 55446.80631205 38.85  70.370886  61.265668   -100  251.32  250.51  250.02
  80    23.390 55446.80631264 42.17  70.375417  61.264202   -100  251.32  250.51  250.02
  80    23.191 55446.80631323 42.07  70.379946  61.262736  3.829  251.32  250.51  250.02
  80    23.202 55446.80631382 46.50  70.384475  61.261269  7.523  251.32  250.51  250.02
  81    23.397 55456.72195468 40.09  70.368612  61.267766 18.801  246.27  245.34  245.35
  81    22.952 55456.72195527 42.15  70.373143  61.266300 28.269  246.27  245.34  245.35
  81    22.689 55456.72195586 48.31  70.377673  61.264834   -100  246.27  245.34  245.35
  81    22.820 55456.72195645 52.53  70.382203  61.263367   -100  246.27  245.34  245.35
  82    24.113 55466.63759722 26.50  70.371361  61.268519 12.953 -100.00 -100.00 -100.00
  82    24.024 55466.63759781 25.79  70.375891  61.267053  9.316 -100.00 -100.00 -100.00
  82    24.101 55466.63759840 25.72  70.380422  61.265586 10.651 -100.00 -100.00 -100.00
  82    23.968 55466.63759899 25.46  70.384952  61.264120  8.642 -100.00 -100.00 -100.00
  83    22.237 55476.55323673 32.85  70.373958  61.268133 22.906  252.73  254.12  253.21
  83    22.125 55476.55323732 36.38  70.378489  61.266667   -100  252.73  254.12  253.21
  83    22.061 55476.55323791 35.95  70.383020  61.265200   -100  252.73  254.12  253.21
  84    24.816 55486.46887228 23.89  70.369383  61.268870 11.161 -100.00 -100.00 -100.00
  84    24.531 55486.46887287 23.40  70.373915  61.267403  9.851 -100.00 -100.00 -100.00
  84    26.405 55486.46887346 23.01  70.378446  61.265937  8.401 -100.00 -100.00 -100.00
  84    23.754 55486.46887405 24.23  70.382977  61.264471  9.908 -100.00 -100.00 -100.00
  85    23.649 55496.38450643 24.68  70.370171  61.267780  9.958 -100.00 -100.00 -100.00
  85    23.901 55496.38450702 25.24  70.374702  61.266313 12.156 -100.00 -100.00 -100.00
  85    23.296 55496.38450761 27.54  70.379234  61.264847 15.617 -100.00 -100.00 -100.00
  85    24.735 55496.38450820 26.17  70.383764  61.263381 10.558 -100.00 -100.00 -100.00
  86    25.809 55506.30014180 23.07  70.369786  61.268877  7.529  250.70  250.20  251.00
  86    24.659 55506.30014239 23.70  70.374318  61.267411  8.513  250.70  250.20  251.00
  86    23.905 55506.30014298 24.69  70.378849  61.265945 10.558  250.70  250.20  251.00
  86    23.683 55506.30014357 24.38  70.383380  61.264478 10.146  250.70  250.20  251.00
  87    21.932 55516.21579290 33.25  70.374561  61.268396 29.862 -100.00 -100.00 -100.00
  87    22.971 55516.21579349 24.93  70.379093  61.266929  9.846 -100.00 -100.00 -100.00
  87    24.146 55516.21579408 23.59  70.383623  61.265463  7.969 -100.00 -100.00 -100.00
  88    21.920 55526.13144237 36.73  70.374249  61.270151   -100  248.52  245.95  245.00
  88    22.155 55526.13144296 38.43  70.378780  61.268684   -100  248.52  245.95  245.00
  88    21.923 55526.13144355 39.38  70.383311  61.267218   -100  248.52  245.95  245.00
  88    21.734 55526.13144414 34.08  70.387842  61.265751 30.573  248.52  245.95  245.00
  89    22.423 55536.04709030 29.41  70.376406  61.269892 23.383 -100.00 -100.00 -100.00
  89    22.294 55536.04709089 32.23  70.380937  61.268426   -100 -100.00 -100.00 -100.00
  89    22.239 55536.04709148 29.21  70.385467  61.266959 22.667 -100.00 -100.00 -100.00
  90    22.711 55545.96273556 25.96  70.373708  61.270063 14.697 -100.00 -100.00 -100.00
  90    22.563 55545.96273615 30.40  70.378239  61.268597 28.844 -100.00 -100.00 -100.00
  90    22.569 55545.96273674 30.74  70.382769  61.267130 28.094 -100.00 -100.00 -100.00
  90    22.360 55545.96273733 25.72  70.387299  61.265664 15.314 -100.00 -100.00 -100.00
  91    22.339 55555.87837896 20.56  70.371236  61.270149  6.238 -100.00 -100.00 -100.00
  91    22.624 55555.87837955 21.11  70.375767  61.268683  6.781 -100.00 -100.00 -100.00
  91    22.453 55555.87838014 22.63  70.380298  61.267216  9.416 -100.00 -100.00 -100.00
  91    22.420 55555.87838073 21.38  70.384828  61.265749  6.694 -100.00 -100.00 -100.00
  92    22.131 55565.79402172 19.03  70.372063  61.270049  6.234 -100.00 -100.00 -100.00
  92    22.296 55565.79402231 19.80  70.376594  61.268583  7.752 -100.00 -100.00 -100.00
  92    22.170 55565.79402290 19.69  70.381124  61.267116  6.774 -100.00 -100.00 -100.00
  92    22.646 55565.79402349 18.85  70.385654  61.265649  6.369 -100.00 -100.00 -100.00
  93    21.931 55575.70966395 20.32  70.374350  61.269901  8.463  254.41  248.94  234.67
  93    22.108 55575.70966454 19.86  70.378881  61.268435  7.489  254.41  248.94  234.67
  93    21.950 55575.70966513 19.34  70.383411  61.266968  6.171  254.41  248.94  234.67
  94    21.648 55585.62530446 20.55  70.376015  61.269070  8.908  249.67  242.03  222.07
  94    21.920 55585.62530505 19.65  70.380546  61.267603  7.170  249.67  242.03  222.07
  94    21.704 55585.62530564 19.97  70.385076  61.266137  7.919  249.67  242.03  222.07
  95    21.416 55595.54094129 18.48  70.373954  61.268787  4.797  250.69  242.01  219.66
  95    21.897 55595.54094188 18.32  70.378485  61.267321  5.450  250.69  242.01  219.66
  95    21.625 55595.54094247 19.24  70.383016  61.265854  5.932  250.69  242.01  219.66
  96    21.890 55605.45657495 17.28  70.371827  61.268593  4.203  249.16  240.10  216.55
  96    22.536 55605.45657554 17.25  70.376359  61.267127  4.461  249.16  240.10  216.55
  96    22.532 55605.45657613 17.24  70.380890  61.265661  4.979  249.16  240.10  216.55
  96    23.757 55605.45657672 17.12  70.385420  61.264194  4.024  249.16  240.10  216.55
  97    21.544 55615.37220655 16.73  70.370227  61.269296  4.436  251.03  240.75  216.55
  97    22.036 55615.37220714 16.56  70.374759  61.267830  4.529  251.03  240.75  216.55
  97    22.331 55615.37220773 16.52  70.379290  61.266364  4.384  251.03  240.75  216.55
  97    22.968 55615.37220833 16.84  70.383821  61.264897  5.005  251.03  240.75  216.55
  98    22.115 55625.28784779 15.40  70.374844  61.268560  3.653  248.38  237.08  209.94
  98    22.401 55625.28784838 15.70  70.379375  61.267094  4.291  248.38  237.08  209.94
  98    23.581 55625.28784897 15.59  70.383906  61.265628  4.062  248.38  237.08  209.94
  99    21.604 55635.20350005 15.00  70.373673  61.268824  5.149 -100.00 -100.00 -100.00
  99    22.119 55635.20350064 14.96  70.378204  61.267357  3.973 -100.00 -100.00 -100.00
  99    22.453 55635.20350123 14.81  70.382734  61.265891  4.216 -100.00 -100.00 -100.00
  99    22.474 55635.20350183 15.34  70.387264  61.264425  5.163 -100.00 -100.00 -100.00
 100    21.612 55645.11915035 15.57  70.373639  61.268492  5.737  253.33  244.42  214.93
 100    21.748 55645.11915094 15.33  70.378170  61.267025  4.757  253.33  244.42  214.93
 100    22.763 55645.11915153 15.25  70.382700  61.265559  4.573  253.33  244.42  214.93
 100    23.061 55645.11915212 15.05  70.387230  61.264093  4.240  253.33  244.42  214.93
 101    21.874 55655.03479758 14.56  70.370973  61.268419  6.597  244.18  232.74  201.24
 101    25.321 55655.03479817 12.95  70.375503  61.266953  4.230  244.18  232.74  201.24
 101    25.302 55655.03479876 12.44  70.380034  61.265487  3.852  244.18  232.74  201.24
 101    25.017 55655.03479935 12.31  70.384563  61.264020  3.243  244.18  232.74  201.24
 102    21.531 55664.95044040 31.28  70.369516  61.267913 25.877  251.90  251.07  249.17
 102    23.757 55664.95044099 29.44  70.374046  61.266447 17.989  251.90  251.07  249.17
 102    23.251 55664.95044158 30.01  70.378576  61.264981 18.885  251.90  251.07  249.17
 102    23.973 55664.95044217 28.66  70.383106  61.263515 16.930  251.90  251.07  249.17
 103    22.876 55674.86608045 31.55  70.370785  61.267233 27.833  245.51  245.79  247.95
 103    22.711 55674.86608104 34.76  70.375315  61.265767   -100  245.51  245.79  247.95
 103    22.973 55674.86608163 35.84  70.379845  61.264301   -100  245.51  245.79  247.95
 103    23.045 55674.86608222 36.45  70.384375  61.262834   -100  245.51  245.79  247.95
 104    26.244 55684.78171824 40.00  70.369255  61.268806 29.812  239.45  238.77  240.07
 104    26.092 55684.78171883 42.31  70.373786  61.267340 32.626  239.45  238.77  240.07
 104    25.960 55684.78171942 49.75  70.378316  61.265873   -100  239.45  238.77  240.07
 104    25.995 55684.78172001 52.77  70.382846  61.264407   -100  239.45  238.77  240.07
 105    25.573 55694.69735560 36.26  70.374844  61.269171   -100  232.82  232.03  231.92
 105    25.980 55694.69735619 35.28  70.379374  61.267705   -100  232.82  232.03  231.92
 105    25.995 55694.69735678 34.96  70.383905  61.266239   -100  232.82  232.03  231.92
 106    26.687 55704.61299101 34.84  70.376071  61.271158   -100  230.23  228.97  227.83
 106    26.641 55704.61299160 29.99  70.380602  61.269692 19.121  230.23  228.97  227.83
 106    26.622 55704.61299219 29.48  70.385133  61.268226 19.669  230.23  228.97  227.83
 107    26.729 55714.52863759 32.37  70.375434  61.271641 28.542 -100.00 -100.00 -100.00
 107    26.488 55714.52863818 32.69  70.379965  61.270175   -100 -100.00 -100.00 -100.00
 107    26.605 55714.52863877 34.68  70.384496  61.268708   -100 -100.00 -100.00 -100.00
 108    26.636 55724.44428658 29.81  70.374832  61.270933 19.213  246.69  251.85  247.83
 108    26.378 55724.44428717 29.19  70.379363  61.269467 21.077  246.69  251.85  247.83
 108    26.633 55724.44428776 30.79  70.383894  61.268000 26.322  246.69  251.85  247.83
 109    26.445 55734.35993362 31.85  70.373880  61.270643 26.709  247.31  249.93  243.80
 109    26.126 55734.35993421 33.12  70.378411  61.269177   -100  247.31  249.93  243.80
 109    26.123 55734.35993480 32.53  70.382941  61.267710   -100  247.31  249.93  243.80
 109    26.381 55734.35993539 31.95  70.387472  61.266243 29.859  247.31  249.93  243.80
 110    25.566 55744.27557950 35.53  70.373809  61.270583   -100  255.28  254.86  253.24
 110    26.470 55744.27558009 26.63  70.378340  61.269117 15.636  255.28  254.86  253.24
 110    25.041 55744.27558068 26.63  70.382870  61.267650 20.295  255.28  254.86  253.24
 110    25.390 55744.27558127 26.70  70.387401  61.266184 16.429  255.28  254.86  253.24
 111    26.243 55754.19122383 34.22  70.373107  61.270492   -100  262.60  262.82  261.45
 111    24.107 55754.19122442 32.64  70.377638  61.269025   -100  262.60  262.82  261.45
 111    24.020 55754.19122501 27.84  70.382168  61.267559 20.976  262.60  262.82  261.45
 111    24.422 55754.19122560 28.31  70.386698  61.266092 23.027  262.60  262.82  261.45
 112    26.356 55764.10686610 28.17  70.373508  61.269325 20.338  266.70  268.26  265.64
 112    26.206 55764.10686669 27.64  70.378039  61.267859 20.789  266.70  268.26  265.64
 112    23.556 55764.10686728 28.59  70.382570  61.266393 25.208  266.70  268.26  265.64
 112    23.522 55764.10686787 32.50  70.387099  61.264926   -100  266.70  268.26  265.64
 113    24.277 55774.02250524 33.74  70.371014  61.268628 17.009  261.71  262.37  260.91
 113    23.125 55774.02250583 35.80  70.375545  61.267162   -100  261.71  262.37  260.91
 113    23.031 55774.02250642 31.69  70.380075  61.265696   -100  261.71  262.37  260.91
 113    23.255 55774.02250701 32.42  70.384605  61.264229   -100  261.71  262.37  260.91
 114    23.115 55783.93814137 35.78  70.371676  61.267338 27.444  264.20  266.95  263.85
 114    22.786 55783.93814196 41.73  70.376206  61.265872 27.164  264.20  266.95  263.85
 114    22.706 55783.93814255 33.55  70.380736  61.264405   -100  264.20  266.95  263.85
 114    23.299 55783.93814314 33.95  70.385266  61.262939   -100  264.20  266.95  263.85
 115    23.637 55793.85377490 35.72  70.373510  61.267845 17.425  255.87  256.46  255.47
 115    22.668 55793.85377549 42.60  70.378040  61.266379   -100  255.87  256.46  255.47
 115    22.418 55793.85377608 42.50  70.382571  61.264913 28.848  255.87  256.46  255.47
 116    26.228 55803.76941100 26.74  70.374327  61.269644 12.502  258.14  258.33  258.05
 116    26.231 55803.76941159 25.66  70.378858  61.268178 10.168  258.14  258.33  258.05
 116    23.200 55803.76941218 23.99  70.383389  61.266712  8.758  258.14  258.33  258.05
 117    26.210 55813.68506069 25.34  70.375950  61.269446 14.905  259.57  258.73  258.99
 117    26.033 55813.68506128 23.17  70.380481  61.267979 11.449  259.57  258.73  258.99
 117    23.123 55813.68506187 25.16  70.385012  61.266513 16.372  259.57  258.73  258.99
 118    26.263 55823.60070817 26.70  70.374726  61.268943 17.749  260.17  259.87  259.34
 118    26.083 55823.60070876 23.81  70.379257  61.267477 10.990  260.17  259.87  259.34
 118    23.454 55823.60070936 23.81  70.383788  61.266011 11.731  260.17  259.87  259.34
 119    25.871 55833.51635073 24.30  70.371481  61.268687  8.018  258.24  258.45  257.96
 119    22.922 55833.51635132 25.71  70.376013  61.267221 10.849  258.24  258.45  257.96
 119    22.214 55833.51635191 28.56  70.380544  61.265754 16.605  258.24  258.45  257.96
 119    22.429 55833.51635250 29.77  70.385074  61.264288 19.155  258.24  258.45  257.96
 120    21.555 55843.43198960 24.26  70.372117  61.267970 14.968 -100.00 -100.00 -100.00
 120    26.011 55843.43199019 24.88  70.376649  61.266504 13.947 -100.00 -100.00 -100.00
 120    23.281 55843.43199078 25.35  70.381180  61.265038 14.582 -100.00 -100.00 -100.00
 120    23.513 55843.43199137 25.84  70.385711  61.263571 16.856 -100.00 -100.00 -100.00
 121    21.416 55853.34762554 31.27  70.374419  61.268415   -100 -100.00 -100.00 -100.00
 121    25.643 55853.34762613 28.39  70.378951  61.266949 24.096 -100.00 -100.00 -100.00
 121    23.073 55853.34762672 28.16  70.383482  61.265482 23.868 -100.00 -100.00 -100.00
 122    26.171 55863.26326177 20.84  70.375089  61.270510  7.722 -100.00 -100.00 -100.00
 122    26.170 55863.26326236 19.94  70.379621  61.269044  5.513 -100.00 -100.00 -100.00
 122    25.757 55863.26326295 20.44  70.384152  61.267578  5.652 -100.00 -100.00 -100.00
 123    21.753 55873.17891614 39.33  70.377555  61.269966 24.961  256.67  254.80  253.10
 123    21.098 55873.17891673 44.68  70.382086  61.268499  9.794  256.67  254.80  253.10
 123    20.874 55873.17891732 39.62  70.386617  61.267032  4.537  256.67  254.80  253.10
 133    20.915 55972.33535294 17.50  70.370656  61.267244  7.518  252.22  240.39  209.47
 133    20.930 55972.33535353 19.16  70.375187  61.265778  9.859  252.22  240.39  209.47
 133    20.807 55972.33535412 21.02  70.379717  61.264311 12.453  252.22  240.39  209.47
 133    20.601 55972.33535471 23.96  70.384247  61.262845 19.811  252.22  240.39  209.47
 134    24.888 55982.25098908 16.88  70.372831  61.269506  4.636  250.74  238.44  205.53
 134    22.067 55982.25098967 17.83  70.377363  61.268040  6.116  250.74  238.44  205.53
 134    24.835 55982.25099026 17.12  70.381893  61.266573  5.581  250.74  238.44  205.53
 134    21.043 55982.25099086 19.05  70.386424  61.265107  8.191  250.74  238.44  205.53
 135    25.760 55992.16662354 18.73  70.373347  61.271418  5.777 -100.00 -100.00 -100.00
 135    25.093 55992.16662413 19.29  70.377878  61.269952  6.255 -100.00 -100.00 -100.00
 135    25.054 55992.16662473 18.50  70.382409  61.268486  5.277 -100.00 -100.00 -100.00
 135    24.969 55992.16662532 18.52  70.386940  61.267019  5.276 -100.00 -100.00 -100.00
 136    25.418 56002.08227157 16.96  70.374706  61.269623  5.001  249.31  234.67  199.25
 136    24.868 56002.08227216 17.06  70.379237  61.268157  4.730  249.31  234.67  199.25
 136    25.229 56002.08227275 16.20  70.383767  61.266690  4.656  249.31  234.67  199.25
 137    25.118 56011.99792156 14.71  70.372009  61.267501  4.518  246.90  230.81  195.37
 137    24.932 56011.99792215 14.46  70.376539  61.266035  3.702  246.90  230.81  195.37
 137    24.670 56011.99792275 14.44  70.381069  61.264569  4.366  246.90  230.81  195.37
 137    24.324 56011.99792334 14.65  70.385599  61.263103  4.087  246.90  230.81  195.37
 139    23.138 56031.82921100 30.75  70.369563  61.267850 17.919  253.64  256.15  256.67
 139    20.963 56031.82921159 33.63  70.374094  61.266384 29.661  253.64  256.15  256.67
 139    20.863 56031.82921218 35.30  70.378624  61.264918   -100  253.64  256.15  256.67
 139    23.391 56031.82921277 34.00  70.383153  61.263451 27.501  253.64  256.15  256.67
 141    24.479 56051.66049129 35.75  70.375671  61.270829   -100  242.70  243.64  243.49
 141    25.962 56051.66049189 29.07  70.380202  61.269363 21.409  242.70  243.64  243.49
 141    24.435 56051.66049248 32.92  70.384732  61.267897   -100  242.70  243.64  243.49
 142    26.513 56061.57612735 29.11  70.376848  61.271483 24.424 -100.00 -100.00 -100.00
 142    25.947 56061.57612794 30.35  70.381379  61.270017   -100 -100.00 -100.00 -100.00
 142    24.551 56061.57612853 34.10  70.385909  61.268550   -100 -100.00 -100.00 -100.00
 143    26.261 56071.49176622 30.18  70.377913  61.270605 26.025  249.34  249.81  250.62
 143    24.695 56071.49176681 31.89  70.382444  61.269139   -100  249.34  249.81  250.62
 143    24.807 56071.49176740 35.01  70.386975  61.267672   -100  249.34  249.81  250.62
 144    26.031 56081.40741667 37.27  70.375923  61.269631 21.664 -100.00 -100.00 -100.00
 144    24.642 56081.40741726 38.20  70.380454  61.268165 29.648 -100.00 -100.00 -100.00
 144    24.789 56081.40741785 39.79  70.384984  61.266698   -100 -100.00 -100.00 -100.00
 145    26.208 56091.32306455 31.47  70.375111  61.269718   -100 -100.00 -100.00 -100.00
 145    26.309 56091.32306514 25.24  70.379642  61.268252 16.815 -100.00 -100.00 -100.00
 145    24.147 56091.32306573 26.41  70.384173  61.266785 24.062 -100.00 -100.00 -100.00
 146    26.440 56101.23871002 30.53  70.374602  61.270788 32.501 -100.00 -100.00 -100.00
 146    26.071 56101.23871061 27.30  70.379133  61.269322 23.211 -100.00 -100.00 -100.00
 146    23.131 56101.23871120 26.13  70.383663  61.267855 22.534 -100.00 -100.00 -100.00
 146    23.394 56101.23871179 25.51  70.388193  61.266389 20.234 -100.00 -100.00 -100.00
 147    22.398 56111.15434156 38.72  70.375270  61.270392 32.026  276.01  276.46  274.51
 147    22.016 56111.15434215 42.09  70.379801  61.268926  4.827  276.01  276.46  274.51
 147    22.381 56111.15434274 43.64  70.384331  61.267459   -100  276.01  276.46  274.51
 148    26.235 56121.06998123 23.92  70.373985  61.269233 13.248  270.82  272.78  270.49
 148    26.075 56121.06998182 25.13  70.378515  61.267767 16.149  270.82  272.78  270.49
 148    22.956 56121.06998242 25.68  70.383046  61.266301 19.036  270.82  272.78  270.49
 148    23.580 56121.06998301 21.95  70.387575  61.264834 10.481  270.82  272.78  270.49
 149    20.674 56130.98561688 26.41  70.370167  61.268529 17.555  268.36  269.28  266.46
 149    20.836 56130.98561747 29.56  70.374697  61.267064 24.369  268.36  269.28  266.46
 149    20.729 56130.98561806 30.54  70.379228  61.265598 27.943  268.36  269.28  266.46
 149    20.894 56130.98561865 30.85  70.383758  61.264131 27.963  268.36  269.28  266.46
 150    20.533 56140.90125159 32.89  70.371772  61.267434 31.410  272.02  272.79  270.52
 150    20.664 56140.90125218 36.99  70.376303  61.265968  0.335  272.02  272.79  270.52
 150    20.660 56140.90125277 38.09  70.380833  61.264502 24.605  272.02  272.79  270.52
 150    20.852 56140.90125336 33.97  70.385363  61.263036   -100  272.02  272.79  270.52
 151    20.772 56150.81690223 31.32  70.370056  61.268277 29.452  260.65  260.87  259.90
 151    20.707 56150.81690282 32.60  70.374587  61.266811   -100  260.65  260.87  259.90
 151    20.660 56150.81690341 33.97  70.379117  61.265345   -100  260.65  260.87  259.90
 151    20.940 56150.81690400 35.08  70.383647  61.263878 32.573  260.65  260.87  259.90
 152    20.282 56160.73255111 31.99  70.371023  61.269884 30.223 -100.00 -100.00 -100.00
 152    21.618 56160.73255170 33.97  70.375554  61.268418 16.558 -100.00 -100.00 -100.00
 152    20.317 56160.73255229 40.92  70.380084  61.266951   -100 -100.00 -100.00 -100.00
 152    20.257 56160.73255288 42.50  70.384615  61.265485 23.422 -100.00 -100.00 -100.00
 153    26.049 56170.64819856 28.52  70.373067  61.270289 21.986  267.40  269.65  267.84
 153    25.924 56170.64819915 27.59  70.377598  61.268822 17.283  267.40  269.65  267.84
 153    20.368 56170.64819974 30.44  70.382128  61.267356 29.054  267.40  269.65  267.84
 153    20.052 56170.64820033 31.69  70.386659  61.265889   -100  267.40  269.65  267.84
 154    20.058 56180.56384209 34.33  70.373901  61.268935 25.957  265.61  267.27  265.40
 154    20.121 56180.56384268 35.29  70.378432  61.267469 28.735  265.61  267.27  265.40
 154    20.287 56180.56384327 36.70  70.382962  61.266003 31.721  265.61  267.27  265.40
 155    20.727 56190.47948119 25.79  70.370168  61.268171 18.076 -100.00 -100.00 -100.00
 155    20.354 56190.47948178 27.60  70.374699  61.266705 25.722 -100.00 -100.00 -100.00
 155    25.730 56190.47948237 25.80  70.379230  61.265239 16.589 -100.00 -100.00 -100.00
 155    23.523 56190.47948296 27.02  70.383761  61.263772 21.896 -100.00 -100.00 -100.00
 156    20.270 56200.39511794 27.27  70.371233  61.267135 25.952 -100.00 -100.00 -100.00
 156    22.532 56200.39511853 27.79  70.375765  61.265669 25.068 -100.00 -100.00 -100.00
 156    23.217 56200.39511912 26.98  70.380295  61.264203 22.018 -100.00 -100.00 -100.00
 156    24.973 56200.39511971 23.07  70.384826  61.262736 13.306 -100.00 -100.00 -100.00
 157    26.135 56210.31075209 27.26  70.372915  61.269045 19.316 -100.00 -100.00 -100.00
 157    20.688 56210.31075268 30.57  70.377446  61.267579 31.797 -100.00 -100.00 -100.00
 157    20.874 56210.31075327 31.52  70.381977  61.266112 32.343 -100.00 -100.00 -100.00
 157    20.531 56210.31075386 33.94  70.386508  61.264646   -100 -100.00 -100.00 -100.00
 158    26.324 56220.22638442 28.68  70.375853  61.272089 21.637  249.70  251.19  250.52
 158    21.060 56220.22638501 28.90  70.380385  61.270623 22.505  249.70  251.19  250.52
 158    21.006 56220.22638560 32.35  70.384916  61.269156   -100  249.70  251.19  250.52
 159    21.423 56230.14203443 27.92  70.376986  61.273192 12.433  247.46  249.66  251.42
 159    22.110 56230.14203502 28.53  70.381518  61.271726 13.290  247.46  249.66  251.42
 159    20.755 56230.14203561 34.53  70.386049  61.270259 30.064  247.46  249.66  251.42
 160    20.686 56240.05768813 38.58  70.378622  61.271446   -100  248.74  246.71  241.44
 160    20.502 56240.05768872 38.16  70.383154  61.269980   -100  248.74  246.71  241.44
 160    20.419 56240.05768931 36.17  70.387684  61.268514   -100  248.74  246.71  241.44
 161    21.583 56249.97333701 31.33  70.373054  61.271155 21.759  248.19  244.94  240.10
 161    21.460 56249.97333760 30.73  70.377585  61.269688 20.121  248.19  244.94  240.10
 161    21.549 56249.97333819 31.57  70.382116  61.268222 22.491  248.19  244.94  240.10
 161    21.711 56249.97333878 28.40  70.386647  61.266755 12.935  248.19  244.94  240.10
 162    21.507 56259.88898170 29.05  70.373122  61.269701 17.841 -100.00 -100.00 -100.00
 162    21.595 56259.88898229 25.72  70.377653  61.268235 10.661 -100.00 -100.00 -100.00
 162    21.596 56259.88898288 26.03  70.382183  61.266768 10.456 -100.00 -100.00 -100.00
 162    21.382 56259.88898347 25.78  70.386713  61.265302 11.045 -100.00 -100.00 -100.00
 163    21.542 56269.80462379 24.47  70.375614  61.269356 11.790  251.58  247.55  239.00
 163    21.329 56269.80462438 24.22  70.380145  61.267890 11.759  251.58  247.55  239.00
 163    21.262 56269.80462497 23.15  70.384675  61.266423  9.744  251.58  247.55  239.00
 164    21.022 56279.72026357 22.07  70.374486  61.270750  8.869 -100.00 -100.00 -100.00
 164    21.474 56279.72026416 20.37  70.379017  61.269284  5.836 -100.00 -100.00 -100.00
 164    21.151 56279.72026475 21.16  70.383547  61.267817  6.656 -100.00 -100.00 -100.00
 164    21.118 56279.72026534 21.93  70.388078  61.266350  8.145 -100.00 -100.00 -100.00
 165    21.350 56289.63591477 18.51  70.376133  61.269739  5.081  253.80  248.52  232.20
 165    20.814 56289.63591536 19.31  70.380664  61.268272  5.711  253.80  248.52  232.20
 165    22.188 56289.63591595 18.62  70.385194  61.266806  4.976  253.80  248.52  232.20
 166    21.024 56299.55156272 18.54  70.372169  61.268761  5.250 -100.00 -100.00 -100.00
 166    21.208 56299.55156331 18.14  70.376700  61.267295  4.743 -100.00 -100.00 -100.00
 166    22.167 56299.55156390 18.38  70.381231  61.265828  5.305 -100.00 -100.00 -100.00
 166    22.548 56299.55156449 18.25  70.385761  61.264361  5.189 -100.00 -100.00 -100.00
 167    21.195 56309.46720667 18.48  70.367478  61.267523  4.378 -100.00 -100.00 -100.00
 167    21.382 56309.46720726 18.78  70.372009  61.266057  4.571 -100.00 -100.00 -100.00
 167    21.556 56309.46720785 18.93  70.376540  61.264590  5.010 -100.00 -100.00 -100.00
 167    23.311 56309.46720844 18.09  70.381070  61.263124  4.080 -100.00 -100.00 -100.00
 167    23.707 56309.46720903 17.90  70.385600  61.261657  4.402 -100.00 -100.00 -100.00
 168    20.913 56319.38284894 16.76  70.368872  61.265724  4.201  248.56  236.96  207.62
 168    21.158 56319.38284953 17.34  70.373403  61.264258  5.410  248.56  236.96  207.62
 168    22.716 56319.38285012 16.63  70.377933  61.262791  4.079  248.56  236.96  207.62
 168    23.476 56319.38285071 16.08  70.382463  61.261325  3.796  248.56  236.96  207.62
 169    20.468 56329.29848963 17.21  70.367272  61.267690  4.432  249.87  238.69  206.65
 169    20.310 56329.29849022 17.83  70.371803  61.266224  5.716  249.87  238.69  206.65
 169    21.419 56329.29849081 17.30  70.376334  61.264757  5.296  249.87  238.69  206.65
 169    23.524 56329.29849140 16.60  70.380864  61.263291  4.990  249.87  238.69  206.65
 169    23.760 56329.29849199 15.97  70.385394  61.261824  3.608  249.87  238.69  206.65
 170    20.716 56339.21413023 16.61  70.372274  61.269006  4.552 -100.00 -100.00 -100.00
 170    22.456 56339.21413082 16.10  70.376805  61.267539  4.429 -100.00 -100.00 -100.00
 170    21.769 56339.21413141 16.94  70.381335  61.266073  6.160 -100.00 -100.00 -100.00
 170    23.136 56339.21413200 15.85  70.385865  61.264606  5.077 -100.00 -100.00 -100.00
 171    21.147 56349.12976880 16.93  70.377020  61.269833  5.273  244.75  229.38  195.37
 171    19.859 56349.12976939 17.38  70.381551  61.268367  6.804  244.75  229.38  195.37
 171    23.232 56349.12976998 16.05  70.386081  61.266900  5.127  244.75  229.38  195.37
 172    25.234 56359.04540459 15.14  70.377087  61.269725  4.511  244.42  227.69  192.91
 172    23.096 56359.04540518 15.69  70.381618  61.268259  5.727  244.42  227.69  192.91
 172    24.122 56359.04540577 15.63  70.386148  61.266792  4.788  244.42  227.69  192.91
 173    25.127 56368.96105508 13.50  70.372682  61.267799  4.224  247.20  235.02  202.58
 173    24.833 56368.96105567 13.38  70.377213  61.266333  4.338  247.20  235.02  202.58
 173    24.000 56368.96105626 13.49  70.381743  61.264866  4.874  247.20  235.02  202.58
 173    24.453 56368.96105685 13.26  70.386272  61.263400  4.259  247.20  235.02  202.58
 175    26.471 56388.79234771 11.75  70.368714  61.268456  3.643  241.74  231.12  204.30
 175    26.442 56388.79234830 11.63  70.373245  61.266990  3.187  241.74  231.12  204.30
 175    26.304 56388.79234889 11.30  70.377775  61.265524  3.285  241.74  231.12  204.30
 175    26.373 56388.79234948 11.44  70.382304  61.264057  3.119  241.74  231.12  204.30
 176    29.805 56398.70799112 14.59  70.372521  61.270362  9.828  264.00  261.99  258.94
 176    29.754 56398.70799171 13.12  70.377052  61.268896  7.508  264.00  261.99  258.94
 176    29.779 56398.70799230 11.87  70.381582  61.267429  5.185  264.00  261.99  258.94
 176    29.994 56398.70799289 11.70  70.386112  61.265963  5.420  264.00  261.99  258.94
 177    25.553 56408.62363193 30.65  70.374899  61.272027 21.357  259.05  257.26  250.14
 177    20.973 56408.62363252 33.88  70.379430  61.270561   -100  259.05  257.26  250.14
 177    21.007 56408.62363311 37.26  70.383960  61.269094   -100  259.05  257.26  250.14
 177    23.455 56408.62363370 34.04  70.388490  61.267628   -100  259.05  257.26  250.14
 178    24.210 56418.53926852 40.87  70.376178  61.272168   -100  238.98  241.94  243.67
 178    24.286 56418.53926911 40.04  70.380710  61.270702   -100  238.98  241.94  243.67
 178    24.311 56418.53926970 41.98  70.385240  61.269236   -100  238.98  241.94  243.67
 179    26.416 56428.45490159 34.19  70.377013  61.271409 29.845 -100.00 -100.00 -100.00
 179    26.391 56428.45490218 32.29  70.381544  61.269942 22.691 -100.00 -100.00 -100.00
 179    26.317 56428.45490277 33.87  70.386075  61.268476 31.321 -100.00 -100.00 -100.00
 180    26.860 56438.37055551 49.24  70.375482  61.269335 18.146  229.30  232.26  227.47
 180    26.853 56438.37055610 51.02  70.380013  61.267868 24.389  229.30  232.26  227.47
 180    26.966 56438.37055669 51.20  70.384544  61.266402 11.166  229.30  232.26  227.47
 181    26.961 56448.28620674 40.23  70.374096  61.268802 32.607  220.50  223.43  217.96
 181    27.013 56448.28620733 38.39  70.378626  61.267335 28.400  220.50  223.43  217.96
 181    26.982 56448.28620792 37.31  70.383157  61.265869 27.225  220.50  223.43  217.96
 182    27.359 56458.20185545 32.62  70.371084  61.270087 27.826  213.59  213.84  209.18
 182    27.360 56458.20185604 29.48  70.375615  61.268621 16.866  213.59  213.84  209.18
 182    27.169 56458.20185663 31.90  70.380146  61.267154 23.022  213.59  213.84  209.18
 182    27.415 56458.20185722 33.15  70.384676  61.265687 26.220  213.59  213.84  209.18
 183    26.877 56468.11750168 36.58  70.373475  61.268850   -100  217.43  224.38  211.53
 183    26.834 56468.11750227 40.11  70.378006  61.267384   -100  217.43  224.38  211.53
 183    27.312 56468.11750286 32.79  70.382536  61.265917 24.603  217.43  224.38  211.53
 183    27.517 56468.11750345 35.21  70.387065  61.264450 31.371  217.43  224.38  211.53
 184    28.489 56478.03314337 46.07  70.371497  61.268354 23.249 -100.00 -100.00 -100.00
 184    28.032 56478.03314396 49.20  70.376027  61.266888   -100 -100.00 -100.00 -100.00
 184    27.759 56478.03314455 53.15  70.380557  61.265421  9.865 -100.00 -100.00 -100.00
 184    27.655 56478.03314514 54.32  70.385087  61.263955   -100 -100.00 -100.00 -100.00
 185    27.300 56487.94878147 31.69  70.371400  61.267020 16.531  224.58  238.53  232.54
 185    27.327 56487.94878206 31.84  70.375930  61.265554 17.078  224.58  238.53  232.54
 185    27.475 56487.94878265 31.81  70.380460  61.264088 17.010  224.58  238.53  232.54
 185    27.780 56487.94878324 31.71  70.384989  61.262621 15.859  224.58  238.53  232.54
 187    26.817 56507.78005070 36.94  70.372605  61.268655   -100  235.30  238.55  230.30
 187    26.755 56507.78005129 30.10  70.377135  61.267189 19.056  235.30  238.55  230.30
 187    26.757 56507.78005188 30.25  70.381666  61.265723 18.746  235.30  238.55  230.30
 187    27.060 56507.78005247 32.47  70.386196  61.264256 23.911  235.30  238.55  230.30
 188    25.717 56517.69568845 35.93  70.377003  61.269964 18.535 -100.00 -100.00 -100.00
 188    24.481 56517.69568904 34.79  70.381535  61.268498 16.673 -100.00 -100.00 -100.00
 188    24.358 56517.69568963 35.37  70.386065  61.267032 21.899 -100.00 -100.00 -100.00
 189    26.092 56527.61134234 28.93  70.375437  61.270523 12.286  261.70  263.75  260.77
 189    24.670 56527.61134293 32.15  70.379969  61.269056 21.963  261.70  263.75  260.77
 189    24.536 56527.61134352 29.20  70.384500  61.267590 15.162  261.70  263.75  260.77
 190    26.182 56537.52699196 29.84  70.372716  61.270402 22.750  260.15  261.38  259.25
 190    26.249 56537.52699255 25.24  70.377248  61.268936  9.996  260.15  261.38  259.25
 190    22.670 56537.52699314 31.42  70.381779  61.267470 28.526  260.15  261.38  259.25
 190    23.076 56537.52699373 32.18  70.386310  61.266003 24.872  260.15  261.38  259.25
 192    22.311 56557.35828129 28.41  70.369528  61.268489 21.009  259.23  259.20  257.99
 192    23.791 56557.35828188 26.03  70.374060  61.267023 15.845  259.23  259.20  257.99
 192    25.424 56557.35828247 26.87  70.378590  61.265557 17.195  259.23  259.20  257.99
 192    22.544 56557.35828306 30.76  70.383121  61.264090 30.374  259.23  259.20  257.99
 193    26.256 56567.27392397 23.12  70.371431  61.269019  7.061 -100.00 -100.00 -100.00
 193    26.132 56567.27392456 23.36  70.375962  61.267553  7.470 -100.00 -100.00 -100.00
 193    25.436 56567.27392515 24.52  70.380493  61.266086  9.911 -100.00 -100.00 -100.00
 193    23.830 56567.27392574 25.44  70.385023  61.264619 12.578 -100.00 -100.00 -100.00
 194    25.927 56577.18956547 22.33  70.375691  61.270397  7.545  256.20  256.27  256.29
 194    24.114 56577.18956606 21.84  70.380222  61.268930  7.427  256.20  256.27  256.29
 194    23.882 56577.18956665 22.18  70.384753  61.267464  7.614  256.20  256.27  256.29
 195    20.990 56587.10520311 27.99  70.376849  61.272552 13.526  242.39  238.57  230.78
 195    21.780 56587.10520370 25.57  70.381380  61.271086 10.358  242.39  238.57  230.78
 195    22.596 56587.10520429 25.25  70.385912  61.269619  8.658  242.39  238.57  230.78
 196    25.396 56597.02084328 23.34  70.375221  61.273471  7.570  250.82  250.11  248.63
 196    24.805 56597.02084387 23.75  70.379752  61.272005  7.411  250.82  250.11  248.63
 196    24.411 56597.02084446 24.61  70.384284  61.270538  7.727  250.82  250.11  248.63
 196    24.231 56597.02084505 25.18  70.388815  61.269072  9.294  250.82  250.11  248.63
 197    22.502 56606.93649580 40.73  70.377869  61.270065 27.197  251.07  250.73  251.42
 197    21.807 56606.93649639 44.53  70.382400  61.268599  6.354  251.07  250.73  251.42
 197    21.914 56606.93649698 45.29  70.386930  61.267133 17.753  251.07  250.73  251.42
 198    22.483 56616.85214264 38.04  70.375808  61.268959   -100 -100.00 -100.00 -100.00
 198    22.582 56616.85214323 39.67  70.380339  61.267493   -100 -100.00 -100.00 -100.00
 198    22.642 56616.85214382 33.73  70.384869  61.266026 25.101 -100.00 -100.00 -100.00
 199    23.205 56626.76778558 39.00  70.372094  61.269865 22.529  248.35  245.83  241.09
 199    22.836 56626.76778617 40.96  70.376625  61.268399   -100  248.35  245.83  241.09
 199    22.385 56626.76778676 46.35  70.381156  61.266932  9.230  248.35  245.83  241.09
 199    22.514 56626.76778735 40.05  70.385686  61.265466   -100  248.35  245.83  241.09
 200    23.301 56636.68342652 30.73  70.375269  61.269383 20.558  251.25  248.63  244.21
 200    23.209 56636.68342711 33.07  70.379800  61.267917 32.071  251.25  248.63  244.21
 200    23.081 56636.68342771 33.68  70.384330  61.266450   -100  251.25  248.63  244.21
 201    23.542 56646.59906701 33.25  70.373852  61.270083 24.691  248.34  245.02  238.56
 201    23.126 56646.59906760 26.93  70.378383  61.268617 14.112  248.34  245.02  238.56
 201    23.082 56646.59906819 25.94  70.382914  61.267150 12.693  248.34  245.02  238.56
 201    23.172 56646.59906879 25.87  70.387445  61.265684 11.575  248.34  245.02  238.56
 202    22.892 56656.51471917 20.64  70.372333  61.268565  5.393  255.82  253.43  244.59
 202    22.998 56656.51471976 20.45  70.376864  61.267098  5.588  255.82  253.43  244.59
 202    23.104 56656.51472035 20.06  70.381395  61.265632  5.181  255.82  253.43  244.59
 202    23.115 56656.51472094 21.17  70.385926  61.264165  6.354  255.82  253.43  244.59
 203    22.575 56666.43036688 21.10  70.369769  61.267446  6.305  253.74  250.29  239.29
 203    22.535 56666.43036747 21.38  70.374300  61.265979  6.333  253.74  250.29  239.29
 203    23.104 56666.43036806 20.69  70.378831  61.264513  6.006  253.74  250.29  239.29
 203    23.643 56666.43036865 20.87  70.383361  61.263046  5.980  253.74  250.29  239.29
 205    22.456 56686.26165617 20.13  70.368440  61.268535  5.171  249.49  242.79  225.13
 205    25.100 56686.26165676 20.05  70.372972  61.267069  5.667  249.49  242.79  225.13
 205    24.154 56686.26165735 20.47  70.377502  61.265602  6.326  249.49  242.79  225.13
 205    24.127 56686.26165794 20.26  70.382033  61.264136  6.108  249.49  242.79  225.13
 205    23.839 56686.26165853 19.82  70.386562  61.262669  4.659  249.49  242.79  225.13
 206    22.432 56696.17729885 19.02  70.372909  61.268771  4.942  251.10  243.56  222.74
 206    23.136 56696.17729944 18.94  70.377440  61.267304  4.738  251.10  243.56  222.74
 206    24.309 56696.17730003 18.59  70.381971  61.265838  4.735  251.10  243.56  222.74
 206    23.855 56696.17730062 18.25  70.386501  61.264371  4.163  251.10  243.56  222.74
 207    22.286 56706.09293679 18.17  70.375772  61.269248  5.202  250.59  242.08  216.84
 207    23.156 56706.09293738 17.58  70.380303  61.267782  3.743  250.59  242.08  216.84
 207    23.160 56706.09293797 17.46  70.384833  61.266316  3.760  250.59  242.08  216.84
 208    25.444 56716.00856961 17.22  70.374300  61.270290  3.527  253.64  245.10  220.89
 208    24.863 56716.00857020 16.80  70.378831  61.268824  3.462  253.64  245.10  220.89
 208    24.700 56716.00857079 17.24  70.383361  61.267358  4.126  253.64  245.10  220.89
 208    24.151 56716.00857138 16.92  70.387891  61.265891  3.215  253.64  245.10  220.89
 209    25.783 56725.92422304 17.79  70.371759  61.268981  3.691 -100.00 -100.00 -100.00
 209    25.157 56725.92422363 17.72  70.376289  61.267515  3.698 -100.00 -100.00 -100.00
 209    24.997 56725.92422422 17.46  70.380819  61.266049  4.116 -100.00 -100.00 -100.00
 209    24.717 56725.92422481 17.55  70.385349  61.264582  3.567 -100.00 -100.00 -100.00
 211    26.017 56745.75551851 12.93  70.372529  61.269285  4.492 -100.00 -100.00 -100.00
 211    25.813 56745.75551910 12.72  70.377060  61.267819  3.318 -100.00 -100.00 -100.00
 211    25.400 56745.75551969 12.69  70.381590  61.266352  3.863 -100.00 -100.00 -100.00
 211    25.994 56745.75552028 12.42  70.386119  61.264886  3.479 -100.00 -100.00 -100.00
 212    21.492 56755.67116012 15.43  70.373785  61.270936 11.606  261.89  259.42  253.53
 212    24.792 56755.67116071 15.06  70.378316  61.269470 10.911  261.89  259.42  253.53
 212    24.787 56755.67116130 13.82  70.382846  61.268004  8.969  261.89  259.42  253.53
 212    26.014 56755.67116189 11.38  70.387376  61.266537  5.745  261.89  259.42  253.53
 213    21.852 56765.58679615 31.37  70.375444  61.272110   -100  259.92  260.53  261.59
 213    21.727 56765.58679674 34.51  70.379975  61.270644   -100  259.92  260.53  261.59
 213    21.744 56765.58679733 34.42  70.384506  61.269178   -100  259.92  260.53  261.59
 214    23.750 56775.50243560 29.58  70.377049  61.271374 32.610  255.96  250.00  240.74
 214    23.856 56775.50243619 31.13  70.381580  61.269908   -100  255.96  250.00  240.74
 214    23.938 56775.50243678 31.96  70.386111  61.268442   -100  255.96  250.00  240.74
 215    26.744 56785.41809215 40.27  70.373913  61.270010   -100 -100.00 -100.00 -100.00
 215    26.721 56785.41809274 38.61  70.378444  61.268544   -100 -100.00 -100.00 -100.00
 215    26.704 56785.41809333 37.61  70.382975  61.267077   -100 -100.00 -100.00 -100.00
 215    26.718 56785.41809392 39.86  70.387505  61.265610   -100 -100.00 -100.00 -100.00
 216    27.329 56795.33374539 39.64  70.373440  61.268488   -100  200.63  199.47  198.78
 216    27.308 56795.33374598 38.53  70.377970  61.267021 32.291  200.63  199.47  198.78
 216    27.216 56795.33374657 35.51  70.382500  61.265555 22.055  200.63  199.47  198.78
 216    27.690 56795.33374716 39.42  70.387030  61.264088 30.613  200.63  199.47  198.78
 217    27.628 56805.24939440 38.91  70.371998  61.268196 21.072  191.96  191.01  189.78
 217    27.373 56805.24939499 38.76  70.376529  61.266730 23.840  191.96  191.01  189.78
 217    27.626 56805.24939558 39.40  70.381059  61.265263 23.350  191.96  191.01  189.78
 217    27.576 56805.24939617 40.23  70.385588  61.263796 28.346  191.96  191.01  189.78
 219    27.639 56825.08067561 31.47  70.372325  61.267544 16.126  205.49  212.51  203.94
 219    27.443 56825.08067620 31.00  70.376855  61.266078 15.950  205.49  212.51  203.94
 219    27.761 56825.08067680 29.19  70.381385  61.264611 12.054  205.49  212.51  203.94
 219    27.675 56825.08067739 26.94  70.385914  61.263145  7.855  205.49  212.51  203.94
 220    27.020 56834.99631031 35.71  70.369525  61.268295 25.423  213.81  222.83  213.35
 220    27.409 56834.99631090 32.31  70.374056  61.266829 13.322  213.81  222.83  213.35
 220    27.351 56834.99631149 31.99  70.378586  61.265362 15.050  213.81  222.83  213.35
 220    27.563 56834.99631208 31.25  70.383116  61.263896 13.021  213.81  222.83  213.35
 221    26.696 56844.91194197 38.57  70.370702  61.269008   -100  220.43  225.76  215.67
 221    26.783 56844.91194256 37.25  70.375233  61.267543   -100  220.43  225.76  215.67
 221    27.124 56844.91194315 35.46  70.379763  61.266077 27.645  220.43  225.76  215.67
 221    27.338 56844.91194374 34.55  70.384293  61.264610 25.137  220.43  225.76  215.67
 223    27.628 56864.74324085 29.19  70.370950  61.269650  9.170 -100.00 -100.00 -100.00
 223    26.391 56864.74324144 31.67  70.375480  61.268184 14.339 -100.00 -100.00 -100.00
 223    26.638 56864.74324203 30.03  70.380011  61.266718 11.540 -100.00 -100.00 -100.00
 223    26.579 56864.74324262 31.18  70.384541  61.265251 13.069 -100.00 -100.00 -100.00
 224    25.886 56874.65889398 43.00  70.373507  61.268428 26.913 -100.00 -100.00 -100.00
 224    25.525 56874.65889457 47.12  70.378038  61.266961   -100 -100.00 -100.00 -100.00
 224    25.275 56874.65889516 50.71  70.382568  61.265495   -100 -100.00 -100.00 -100.00
 224    25.309 56874.65889575 52.67  70.387098  61.264028   -100 -100.00 -100.00 -100.00
 225    24.229 56884.57454360 42.33  70.373056  61.267830 26.424  257.96  258.86  255.63
 225    24.111 56884.57454419 46.00  70.377587  61.266364   -100  257.96  258.86  255.63
 225    23.759 56884.57454478 50.58  70.382117  61.264897 18.941  257.96  258.86  255.63
 225    23.738 56884.57454537 52.64  70.386647  61.263430   -100  257.96  258.86  255.63
 226    23.762 56894.49018997 28.01  70.371282  61.267652 20.449  256.63  256.42  255.76
 226    23.893 56894.49019057 27.87  70.375813  61.266185 19.950  256.63  256.42  255.76
 226    23.436 56894.49019116 28.79  70.380343  61.264719 20.708  256.63  256.42  255.76
 226    23.105 56894.49019175 33.36  70.384873  61.263252   -100  256.63  256.42  255.76
 227    25.113 56904.40583314 25.09  70.369567  61.268138 12.645 -100.00 -100.00 -100.00
 227    22.626 56904.40583373 30.29  70.374098  61.266671 28.619 -100.00 -100.00 -100.00
 227    23.003 56904.40583432 30.51  70.378629  61.265204 25.981 -100.00 -100.00 -100.00
 227    23.449 56904.40583491 27.98  70.383159  61.263738 19.394 -100.00 -100.00 -100.00
 228    22.765 56914.32147471 35.32  70.371980  61.268401   -100  251.27  250.80  250.41
 228    24.165 56914.32147530 28.04  70.376511  61.266934 16.078  251.27  250.80  250.41
 228    22.719 56914.32147589 30.46  70.381041  61.265468 24.599  251.27  250.80  250.41
 228    22.579 56914.32147649 35.29  70.385571  61.264001   -100  251.27  250.80  250.41
 229    27.132 56924.23711434 29.47  70.373359  61.269911 21.206  253.24  253.86  252.41
 229    22.574 56924.23711493 27.78  70.377890  61.268444 16.500  253.24  253.86  252.41
 229    22.949 56924.23711552 28.58  70.382421  61.266977 20.952  253.24  253.86  252.41
 229    22.632 56924.23711611 34.48  70.386951  61.265510   -100  253.24  253.86  252.41
 230    27.088 56934.15275135 31.21  70.375050  61.271347 26.200  245.13  246.43  246.31
 230    26.976 56934.15275195 27.30  70.379581  61.269880 15.865  245.13  246.43  246.31
 230    23.891 56934.15275254 28.16  70.384112  61.268414 17.731  245.13  246.43  246.31
 231    22.860 56944.06838309 39.02  70.376092  61.272332 28.144 -100.00 -100.00 -100.00
 231    22.518 56944.06838368 35.56  70.380624  61.270866 27.246 -100.00 -100.00 -100.00
 231    22.655 56944.06838427 34.44  70.385155  61.269400 23.981 -100.00 -100.00 -100.00
 232    22.039 56953.98403121 39.07  70.376364  61.270763   -100  252.32  251.32  250.01
 232    22.109 56953.98403180 39.17  70.380895  61.269297   -100  252.32  251.32  250.01
 232    21.834 56953.98403239 41.25  70.385425  61.267830  0.710  252.32  251.32  250.01
 233    23.146 56963.89968103 38.96  70.372349  61.270148   -100  239.75  234.68  227.42
 233    23.121 56963.89968162 42.01  70.376880  61.268682   -100  239.75  234.68  227.42
 233    22.706 56963.89968221 44.97  70.381410  61.267216 22.568  239.75  234.68  227.42
 233    22.811 56963.89968280 38.71  70.385941  61.265749   -100  239.75  234.68  227.42
 234    24.115 56973.81532669 36.38  70.374738  61.269025   -100  250.64  250.52  247.51
 234    24.132 56973.81532728 35.35  70.379269  61.267558   -100  250.64  250.52  247.51
 234    24.017 56973.81532787 38.19  70.383799  61.266092   -100  250.64  250.52  247.51
 235    24.456 56983.73096722 27.94  70.372677  61.270524 18.478  240.47  235.64  227.66
 235    24.420 56983.73096781 32.53  70.377208  61.269057   -100  240.47  235.64  227.66
 235    24.462 56983.73096840 30.52  70.381738  61.267591 27.479  240.47  235.64  227.66
 235    24.507 56983.73096899 28.07  70.386269  61.266124 17.828  240.47  235.64  227.66
 236    24.253 56993.64660344 21.98  70.374881  61.270483  8.061  242.25  236.92  226.60
 236    24.146 56993.64660403 23.18  70.379412  61.269016 11.120  242.25  236.92  226.60
 236    24.103 56993.64660462 20.98  70.383943  61.267550  7.206  242.25  236.92  226.60
 237    23.689 57003.56224067 19.65  70.373820  61.270083  6.370  247.45  243.29  231.25
 237    23.641 57003.56224126 19.24  70.378351  61.268617  5.593  247.45  243.29  231.25
 237    23.795 57003.56224185 18.77  70.382882  61.267151  4.729  247.45  243.29  231.25
 237    23.688 57003.56224244 19.28  70.387413  61.265684  5.608  247.45  243.29  231.25
 238    23.287 57013.47789675 17.31  70.369296  61.268445  5.320  249.84  245.59  232.84
 238    23.000 57013.47789734 17.16  70.373828  61.266979  4.725  249.84  245.59  232.84
 238    23.081 57013.47789793 17.68  70.378359  61.265513  5.470  249.84  245.59  232.84
 238    23.021 57013.47789852 19.01  70.382889  61.264046  7.801  249.84  245.59  232.84
 239    24.242 57023.39354815 17.32  70.370356  61.266936  4.115 -100.00 -100.00 -100.00
 239    23.979 57023.39354874 17.62  70.374887  61.265470  4.627 -100.00 -100.00 -100.00
 239    24.425 57023.39354933 17.21  70.379417  61.264003  4.039 -100.00 -100.00 -100.00
 239    24.335 57023.39354992 16.87  70.383948  61.262537  3.700 -100.00 -100.00 -100.00
 240    23.798 57033.30919693 15.57  70.372615  61.267587  3.731  244.51  237.32  217.43
 240    23.279 57033.30919752 15.93  70.377146  61.266121  4.368  244.51  237.32  217.43
 240    22.761 57033.30919811 16.19  70.381677  61.264654  4.276  244.51  237.32  217.43
 240    23.852 57033.30919870 15.50  70.386207  61.263187  3.466  244.51  237.32  217.43
 241    22.224 57043.22484319 15.69  70.373247  61.269231  5.681  246.31  237.83  217.26
 241    23.409 57043.22484378 14.89  70.377778  61.267765  4.136  246.31  237.83  217.26
 241    22.305 57043.22484437 16.95  70.382309  61.266298  7.213  246.31  237.83  217.26
 241    23.620 57043.22484496 15.32  70.386839  61.264831  4.290  246.31  237.83  217.26
 242    23.750 57053.14048716 14.42  70.373391  61.269826  4.175 -100.00 -100.00 -100.00
 242    23.538 57053.14048775 14.96  70.377922  61.268360  4.721 -100.00 -100.00 -100.00
 242    23.946 57053.14048834 14.73  70.382452  61.266893  4.148 -100.00 -100.00 -100.00
 242    23.791 57053.14048893 14.77  70.386982  61.265427  4.311 -100.00 -100.00 -100.00
 243    23.033 57063.05612694 13.69  70.374627  61.268704  3.581  248.41  239.43  213.66
 243    23.369 57063.05612753 13.40  70.379158  61.267238  3.441  248.41  239.43  213.66
 243    23.850 57063.05612812 13.87  70.383688  61.265772  4.794  248.41  239.43  213.66
 244    23.982 57072.97176093 14.66  70.371650  61.269429  4.584  246.09  234.82  207.20
 244    25.287 57072.97176152 14.14  70.376181  61.267963  3.853  246.09  234.82  207.20
 244    24.860 57072.97176211 14.17  70.380712  61.266497  3.805  246.09  234.82  207.20
 244    24.360 57072.97176270 14.07  70.385241  61.265031  3.373  246.09  234.82  207.20
 245    25.291 57082.88739151 14.63  70.374294  61.270320  4.072  250.29  240.82  217.49
 245    25.203 57082.88739210 15.23  70.378825  61.268854  5.546  250.29  240.82  217.49
 245    23.138 57082.88739269 14.68  70.383355  61.267388  4.663  250.29  240.82  217.49
 245    23.827 57082.88739328 14.15  70.387885  61.265922  3.691  250.29  240.82  217.49
 246    25.793 57092.80303929 15.44  70.375957  61.271414  3.863  246.60  235.78  209.89
 246    25.775 57092.80303988 15.47  70.380488  61.269948  3.963  246.60  235.78  209.89
 246    25.865 57092.80304047 15.15  70.385018  61.268481  3.126  246.60  235.78  209.89
 247    26.072 57102.71869649 14.21  70.378244  61.271408  7.547 -100.00 -100.00 -100.00
 247    28.778 57102.71869708 11.58  70.382774  61.269941  5.046 -100.00 -100.00 -100.00
 247    26.780 57102.71869767 11.81  70.387305  61.268475  5.589 -100.00 -100.00 -100.00
 248    29.447 57112.63434961 15.07  70.376516  61.271619  6.680  238.38  229.30  201.70
 248    29.089 57112.63435020 13.12  70.381047  61.270153  3.446  238.38  229.30  201.70
 248    26.581 57112.63435079 13.79  70.385578  61.268686  4.622  238.38  229.30  201.70
 249    21.316 57122.54999693 33.53  70.374949  61.270516   -100  261.07  261.08  261.48
 249    21.304 57122.54999752 34.29  70.379480  61.269050   -100  261.07  261.08  261.48
 249    21.407 57122.54999811 33.98  70.384010  61.267583   -100  261.07  261.08  261.48
 250    25.509 57132.46563859 26.66  70.371671  61.269740 14.286  258.32  257.41  256.89
 250    24.888 57132.46563918 27.16  70.376202  61.268274 17.141  258.32  257.41  256.89
 250    24.556 57132.46563977 27.41  70.380732  61.266807 16.965  258.32  257.41  256.89
 250    24.239 57132.46564036 26.99  70.385263  61.265341 15.862  258.32  257.41  256.89
