# NaN NaN NaN ;Mean Elev.(m), Avg Gradient(m/km), RMS Gradient(m/km) - SRTM1     
#   23.606     NaN     NaN ;Mean Elev.(m), Avg Gradient(m/km), RMS Gradient(m/km) - ASTER GDEM
#    3.723   0.075   3.282 ;Mean Elev.(m), Avg Gradient(m/km), RMS Gradient(m/km) - GMTED2010 
   2  65.668607  64.996500     8.783     8.674  3 54674.23970129 38.529
   3  65.667583  64.997980    -2.682    -2.656  3 54684.15534465 19.917
   4  65.666669  64.998455     8.708     8.711  3 54694.07098654 32.973
   5  65.667914  64.997331    -1.893    -1.921  4 54703.98662600 23.736
   6  65.670186  64.995432     8.193     8.512  3 54713.90227646 30.481
   7  65.672825  64.994009     7.279     7.624  4 54723.81792718 30.796
   8  65.672404  64.993916     7.847     7.906  3 54733.73357546 27.994
   9  65.670579  64.995460     7.719     7.742  4 54743.64922236 32.084
  10  65.668636  64.996591     5.496     4.731  3 54753.56486891 41.520
  11  65.671030  64.996487     4.812     4.782  3 54763.48051518 40.325
  12  65.674010  64.994720     4.988     4.971  4 54773.39615879 43.257
  13  65.675422  64.993167     6.047     6.030  3 54783.31179951 37.936
  14  65.677183  64.993461     5.249     5.214  3 54793.22743814 33.368
  17  65.671428  64.996069     5.661     5.179  3 54822.97435549 23.952
  18  65.670323  64.995435     7.366     7.372  3 54832.88999557 20.090
  19  65.671684  64.995947     7.985     7.796  3 54842.80564579 18.358
  20  65.667102  64.996963     8.325     8.302  4 54852.72129440 17.276
  21  65.665228  64.998829     8.562     8.513  4 54862.63694303 17.627
  22  65.664304  64.999595     8.512     8.526  4 54872.55259163 17.714
  23  65.665124  64.998337     8.127     8.298  4 54882.46823823 17.033
  24  65.671527  64.996264     7.691     7.529  3 54892.38388194 17.478
  25  65.672716  64.994157     7.625     7.400  3 54902.29952236 17.825
  26  65.672915  64.994332     8.629     8.587  3 54912.21516133 18.329
  27  65.670599  64.995717     8.181     8.210  3 54922.13079914 16.587
  28  65.669572  64.996624     8.044     7.905  3 54932.04643630 16.547
  29  65.670109  64.995498     9.787     9.825  3 54941.96207183 13.238
  30  65.675618  64.993630     6.462     6.753  3 54951.87770601 13.473
  31  65.677835  64.992197     6.634     6.595  4 54961.79334813 32.822
  32  65.675784  64.992802     8.965     8.967  3 54971.70899663 33.970
  33  65.671319  64.994373     9.656     9.609  3 54981.62464391 31.453
  34  65.670460  64.996258     9.667     9.665  3 54991.54029123 33.106
  35  65.667402  64.996349     9.599     9.503  3 55001.45593774 43.327
  36  65.667756  64.996180     9.354     9.237  3 55011.37158274 32.180
  37  65.668316  64.995836     9.132     8.994  3 55021.28722625 38.606
  38  65.669345  64.996834     8.681     8.695  4 55031.20286884 34.510
  39  65.667021  64.997835     8.371     8.209  4 55041.11851041 26.731
  40  65.666044  64.998140     7.688     7.540  4 55051.03415058 32.625
  41  65.668622  64.996909     7.728     7.527  4 55060.94978882 30.483
  42  65.671678  64.994661     7.582     7.284  3 55070.86543077 29.009
  43  65.675966  64.993347     5.910     5.976  4 55080.78108008 47.704
  44  65.675810  64.993573     8.455     8.428  4 55090.69672735 22.515
  45  65.671736  64.994992     7.398     7.469  3 55100.61237355 26.120
  46  65.668903  64.996439     7.797     7.559  3 55110.52801942 25.841
  47  65.669294  64.996120     7.288     7.268  4 55120.44366368 33.162
  48  65.672210  64.994284     7.308     7.279  4 55130.35930537 29.622
  49  65.676145  64.992791     4.698     4.684  4 55140.27494517 42.277
  50  65.676992  64.993149     3.540     3.551  4 55150.19058383 32.926
  51  65.674418  64.994797     3.825     3.798  3 55160.10622210 30.327
  52  65.669758  64.995983     6.758     6.851  4 55170.02185975 21.820
  53  65.668476  64.996169     7.196     7.212  4 55179.93749638 19.848
  54  65.670004  64.995912     7.442     7.520  4 55189.85314372 16.642
  55  65.670323  64.996251     7.165     7.235  4 55199.76879419 16.612
  56  65.669610  64.997189     7.753     7.770  3 55209.68444389 16.746
  57  65.666489  64.997984     7.224     6.934  3 55219.60009290 15.834
  58  65.665987  64.997859     8.103     8.045  3 55229.51574120 15.485
  59  65.668514  64.996879     8.338     8.404  4 55239.43138654 15.488
  60  65.671104  64.995094     7.941     7.662  3 55249.34702822 15.827
  61  65.674513  64.994193     7.854     7.800  4 55259.26266766 15.238
  62  65.674467  64.994244     8.058     8.220  3 55269.17830607 15.698
  63  65.671482  64.994920     8.387     8.325  4 55279.09394404 14.885
  64  65.671636  64.995461     7.113     7.199  4 55289.00958100 17.357
  65  65.671922  64.994787     3.390     3.418  4 55298.92521550 23.101
  66  65.674940  64.993719     3.274     3.298  3 55308.84085933 23.344
  67  65.676958  64.993101     7.066     7.030  4 55318.75650548 37.025
  68  65.675385  64.993438     8.722     8.707  3 55328.67215038 45.384
  69  65.671659  64.994769     9.090     9.041  4 55338.58779466 38.119
  70  65.670970  64.996356     9.063     8.973  3 55348.50343885 36.881
  71  65.669254  64.996813     8.896     8.800  4 55358.41908103 36.310
  72  65.668969  64.996679     8.689     8.678  3 55368.33472119 36.355
  73  65.670556  64.996655     8.619     8.608  3 55378.25036003 34.810
  74  65.670677  64.996807     8.973     8.959  3 55388.16599795 45.685
  75  65.670591  64.996831     8.446     8.454  3 55398.08163489 31.111
  76  65.669906  64.996140     8.531     8.550  4 55407.99727923 51.640
  77  65.671458  64.995179     8.142     8.176  3 55417.91293021 32.207
  78  65.672859  64.993957     7.634     7.576  3 55427.82857771 33.257
  79  65.673917  64.993695     7.916     7.979  4 55437.74422259 32.507
  80  65.675113  64.994559     7.771     7.685  3 55447.65986625 27.914
  81  65.672049  64.995047     7.561     7.477  4 55457.57550920 33.873
  82  65.671171  64.995241     7.809     7.764  4 55467.49115164 35.604
  83  65.672328  64.994480     7.639     7.620  4 55477.40679096 32.532
  84  65.674363  64.993441     8.082     8.122  3 55487.32242717 28.190
  85  65.675378  64.992774     7.750     7.753  4 55497.23806106 30.979
  86  65.673592  64.993371     5.930     5.708  3 55507.15369776 38.803
  87  65.671402  64.994820     5.183     5.197  4 55517.06934806 44.238
  88  65.671391  64.996219     4.352     4.330  3 55526.98499762 34.306
  89  65.668743  64.996458     3.901     3.867  3 55536.90064486 32.634
  90  65.670054  64.996861     4.240     4.225  3 55546.81629027 24.130
  91  65.667952  64.997098     4.666     4.139  3 55556.73193359 22.029
  92  65.667871  64.997707     5.770     5.918  3 55566.64757626 19.935
  93  65.668012  64.997352     6.614     6.371  4 55576.56321823 19.676
  94  65.669016  64.995779     7.712     7.696  3 55586.47885831 17.598
  95  65.675586  64.994411     6.793     7.151  3 55596.39449572 18.740
  96  65.674257  64.992937     7.217     7.133  3 55606.31012936 20.074
  97  65.674886  64.992969     6.852     6.922  3 55616.22576115 20.007
  98  65.672313  64.993860     6.720     6.997  3 55626.14140329 19.818
  99  65.672214  64.994622     6.786     6.897  4 55636.05705522 19.245
 100  65.672536  64.994421     6.697     6.988  3 55645.97270503 15.747
 101  65.673670  64.993624     9.742     9.808  3 55655.88835212 13.158
 102  65.675530  64.993358     7.003     6.982  4 55665.80399483 23.268
 103  65.674724  64.993746     7.014     6.156  3 55675.71963444 39.546
 104  65.673496  64.994871     8.797     8.820  4 55685.63527234 50.781
 105  65.670855  64.995553     9.123     9.028  3 55695.55090895 34.865
 106  65.669012  64.995453     9.073     8.979  3 55705.46654432 39.488
 107  65.672094  64.995859     9.092     9.089  3 55715.38219292 44.168
 108  65.669586  64.995940     8.772     8.653  3 55725.29784160 33.301
 109  65.667912  64.996710     8.604     8.614  4 55735.21348848 36.253
 110  65.665883  64.997369     8.293     8.285  3 55745.12913404 29.651
 111  65.669459  64.997512     7.664     7.680  3 55755.04477838 28.857
 112  65.672384  64.995818     6.559     6.606  3 55764.96042018 37.345
 113  65.675176  64.993663     7.812     7.844  4 55774.87605911 27.625
 114  65.675198  64.992349     7.755     7.950  3 55784.79169471 30.110
 115  65.674334  64.993112     8.079     8.051  3 55794.70732819 25.797
 116  65.674347  64.994729     7.415     7.328  3 55804.62296625 28.342
 117  65.670916  64.995128     7.559     7.548  4 55814.53861547 29.001
 118  65.673277  64.994316     7.419     7.453  3 55824.45426287 28.058
 119  65.677418  64.993182     5.633     4.930  3 55834.36990577 37.642
 120  65.676266  64.992315     7.493     7.366  3 55844.28554435 30.356
 121  65.674157  64.993144     6.542     7.353  3 55854.20117995 35.322
 122  65.671827  64.994900     5.446     4.390  3 55864.11681798 35.666
 123  65.669327  64.996426     4.071     4.063  3 55874.03247136 38.440
 133  65.674291  64.993567     7.248     7.209  3 55973.18890751 18.649
 134  65.672815  64.995366     6.692     6.942  4 55983.10454356 17.599
 135  65.672735  64.995638     6.679     6.574  3 55993.02017771 17.322
 136  65.672468  64.994492     6.793     6.868  3 56002.93582657 18.081
 137  65.675217  64.992990     7.052     7.125  4 56012.85147606 18.524
 139  65.673961  64.994288     3.406     3.306  3 56032.68276531 17.967
 141  65.666622  64.997259     7.487     7.496  4 56052.51404485 34.779
 142  65.667612  64.996798     8.863     8.868  4 56062.42968064 37.329
 143  65.671737  64.995840     8.686     8.721  3 56072.34532124 29.317
 144  65.670746  64.995548     7.952     8.002  4 56082.26097143 32.019
 145  65.670435  64.996406     7.735     7.502  4 56092.17661921 33.274
 146  65.667649  64.997202     7.729     7.538  4 56102.09226446 34.259
 147  65.666560  64.996720     7.115     7.469  3 56112.00789541 36.629
 148  65.672774  64.995490     7.657     7.514  3 56121.92353501 27.091
 149  65.675768  64.993066     6.096     5.973  4 56131.83917046 31.697
 150  65.677994  64.992121     6.973     7.771  4 56141.75480647 28.827
 151  65.675189  64.993424     4.892     3.973  4 56151.67045722 35.595
 152  65.672466  64.995460     7.442     7.467  3 56161.58610631 24.237
 153  65.668206  64.995942     7.392     7.346  3 56171.50175335 28.198
 154  65.672994  64.995406     5.916     7.149  3 56181.41739672 32.410
 155  65.674499  64.993665     7.367     7.335  4 56191.33303585 28.183
 156  65.675202  64.992885     7.430     7.456  3 56201.24867221 25.471
 157  65.675517  64.994160     7.219     7.240  3 56211.16430646 27.828
 158  65.669926  64.995444     7.346     7.460  3 56221.07993825 25.563
 159  65.668872  64.997348     7.829     7.838  4 56230.99559029 26.570
 160  65.667835  64.997322     3.615     3.634  3 56240.91124303 40.859
 161  65.669196  64.996680     3.255     3.207  3 56250.82689190 34.701
 162  65.670107  64.995908     3.638     3.684  3 56260.74253600 28.452
 163  65.670126  64.996078     3.778     3.652  4 56270.65817774 28.136
 164  65.668835  64.996285     5.080     4.824  4 56280.57381767 22.865
 165  65.669352  64.996714     5.151     4.599  3 56290.48946998 21.670
 166  65.670862  64.995619     5.814     6.070  4 56300.40511810 21.638
 167  65.675403  64.994288     6.898     6.790  3 56310.32076238 18.565
 168  65.676344  64.993474     7.040     7.186  3 56320.23640403 18.610
 169  65.673351  64.994085     6.652     6.613  4 56330.15204463 18.535
 170  65.669850  64.995192     7.616     7.623  3 56340.06768451 14.989
 171  65.671521  64.995958     7.839     7.813  3 56349.98332264 15.659
 172  65.671376  64.994698     7.909     7.867  4 56359.89895950 14.965
 173  65.673495  64.993925     7.971     7.996  3 56369.81460971 14.260
 175  65.669297  64.995315     9.243     9.223  3 56389.64590194 14.497
 176  65.667359  64.997063     9.564     9.577  4 56399.56154523  8.085
 177  65.667528  64.998023     3.100     3.099  3 56409.47718608 34.563
 178  65.669198  64.997540     9.024     9.126  3 56419.39282239 32.444
 179  65.668067  64.996016     9.382     9.264  3 56429.30845700 43.238
 180  65.670277  64.996340     8.981     8.894  3 56439.22411069 36.328
 181  65.670461  64.996726     8.807     8.807  3 56449.13976169 35.420
 182  65.667213  64.996506     8.735     8.727  3 56459.05541014 38.898
 183  65.670251  64.996165     8.698     8.690  3 56468.97105582 37.114
 184  65.671454  64.995170     8.628     8.615  3 56478.88669734 31.920
 185  65.675567  64.994403     8.493     8.505  3 56488.80233524 29.266
 187  65.674733  64.994052     8.329     8.330  4 56508.63360415 31.386
 188  65.672186  64.994419     8.147     8.195  3 56518.54924359 28.521
 189  65.673443  64.995280     8.138     8.143  3 56528.46489785 24.635
 190  65.671315  64.994935     7.896     7.999  4 56538.38054750 31.188
 191  65.671260  64.994555     7.744     7.854  3 56548.29619325 28.044
 192  65.673516  64.995390     7.569     7.715  3 56558.21183674 26.054
 193  65.670785  64.996212     7.436     7.480  3 56568.12747884 27.729
 194  65.668469  64.997285     7.600     7.643  4 56578.04311968 30.615
 195  65.666187  64.997169     4.354     4.292  3 56587.95875679 41.912
 196  65.667304  64.996732     5.828     5.725  3 56597.87439890 42.693
 197  65.668645  64.996494     5.655     5.654  4 56607.79005039 35.262
 198  65.669033  64.996545     5.691     5.689  4 56617.70569692 30.906
 199  65.670616  64.996786     5.163     5.139  3 56627.62134025 30.383
 200  65.668855  64.996064     4.544     4.555  3 56637.53698042 25.825
 201  65.671981  64.995199     6.449     6.148  4 56647.45262295 22.391
 202  65.672083  64.994324     5.667     4.777  3 56657.36827489 25.958
 203  65.675629  64.994368     5.415     4.492  3 56667.28392287 24.183
 205  65.670109  64.995475     5.983     5.992  4 56687.11521129 23.645
 206  65.671441  64.995956     4.885     4.825  3 56697.03085317 23.939
 207  65.672096  64.995197     4.548     4.121  3 56706.94649032 25.622
 208  65.673453  64.994294     3.837     3.848  3 56716.86212523 27.250
 209  65.673036  64.994961     7.109     7.067  3 56726.77777825 18.788
 211  65.666857  64.997758     9.098     9.200  3 56746.60907263 14.105
 212  65.665616  64.998031     8.503     8.681  4 56756.52471388 14.177
 213  65.665983  64.997032     3.722     3.676  3 56766.44034941 37.890
 214  65.668438  64.996215     4.400     4.411  4 56776.35599125 30.395
 215  65.668027  64.996555     7.735     7.690  4 56786.27164771 33.276
 216  65.668852  64.997628     9.430     9.422  3 56796.18730067 39.510
 217  65.665433  64.997716     9.542     9.502  4 56806.10294859 41.229
 219  65.670979  64.995331     9.460     9.465  3 56825.93422888 33.182
 220  65.676128  64.994162     9.481     9.527  3 56835.84986396 36.856
 221  65.674281  64.993551     9.558     9.540  3 56845.76549525 37.359
 222  65.671534  64.994597     9.488     9.423  3 56855.68114268 34.532
 223  65.668675  64.995820     9.430     9.338  3 56865.59679604 35.779
 224  65.670228  64.996293     9.106     9.087  4 56875.51244879 37.658
 225  65.671735  64.995991     8.462     8.556  3 56885.42809837 34.116
 226  65.672490  64.995458     8.181     8.390  4 56895.34374492 32.977
 227  65.671997  64.996034     7.359     6.891  3 56905.25938832 34.862
 228  65.667709  64.997230     7.503     7.461  4 56915.17502922 30.606
 229  65.664533  64.998354     7.555     7.583  3 56925.09066837 28.286
 230  65.664793  64.998446     7.312     7.403  3 56935.00630482 32.516
 231  65.667832  64.997092     6.137     6.184  3 56944.92193614 43.243
 232  65.671305  64.996091     5.836     5.812  4 56954.83758626 42.296
 233  65.671171  64.995758     5.456     5.468  3 56964.75323589 37.217
 234  65.669716  64.996586     7.316     7.045  3 56974.66888092 21.401
 235  65.667482  64.997204     8.212     8.304  4 56984.58452146 19.509
 236  65.668639  64.996388     8.374     8.367  3 56994.50015710 18.601
 237  65.674093  64.994612     7.909     7.875  4 57004.41579709 17.752
 238  65.675006  64.993207     7.448     7.420  4 57014.33145294 18.068
 239  65.674510  64.993465     7.826     7.841  4 57024.24710388 18.610
 240  65.671158  64.995335     8.257     8.232  3 57034.16275222 18.246
 241  65.668410  64.996863     8.339     8.353  3 57044.07839814 15.981
 242  65.668937  64.996933     8.953     8.909  3 57053.99404157 17.748
 243  65.670322  64.995292     7.284     7.407  3 57063.90968031 17.160
 244  65.672610  64.994212     7.915     8.027  4 57073.82531422 14.453
 245  65.673427  64.994591     7.303     7.194  3 57083.74094455 14.935
 246  65.669381  64.996754     8.553     8.534  4 57093.65659480 14.409
 247  65.665798  64.998827     9.766     9.769  3 57103.57225149 12.042
 248  65.664224  64.998995     9.852     9.869  4 57113.48790430 11.438
 249  65.668730  64.997820     8.016     9.036  3 57123.40355149 11.328
 250  65.671304  64.996213     7.982     7.828  3 57133.31919307 10.993
