# NaN NaN NaN ;Mean Elev.(m), Avg Gradient(m/km), RMS Gradient(m/km) - SRTM1     
#   -4.227     NaN     NaN ;Mean Elev.(m), Avg Gradient(m/km), RMS Gradient(m/km) - ASTER GDEM
#    2.107  -0.008   0.841 ;Mean Elev.(m), Avg Gradient(m/km), RMS Gradient(m/km) - GMTED2010 
   2    12.076 54669.40303601 42.34  65.561562  63.938627  5.260 -100.00 -100.00 -100.00
   2    12.033 54669.40303660 35.35  65.567026  63.937567   -100 -100.00 -100.00 -100.00
   2    12.273 54669.40303719 36.07  65.572490  63.936507   -100 -100.00 -100.00 -100.00
   2    12.396 54669.40303778 41.98  65.577953  63.935447   -100 -100.00 -100.00 -100.00
   3   -92.067 54679.31868031  6.57  65.563619  63.938819  2.013 -100.00 -100.00 -100.00
   3   -89.090 54679.31868090  6.91  65.569082  63.937759  2.233 -100.00 -100.00 -100.00
   3   -86.101 54679.31868149  6.93  65.574546  63.936699  2.032 -100.00 -100.00 -100.00
   3   -83.405 54679.31868208  7.01  65.580009  63.935638  2.137 -100.00 -100.00 -100.00
   4    11.522 54689.23432336 32.76  65.565435  63.940126 16.546 -100.00 -100.00 -100.00
   4    11.085 54689.23432395 30.91  65.570899  63.939066 15.658 -100.00 -100.00 -100.00
   4    10.942 54689.23432454 29.89  65.576363  63.938006 12.890 -100.00 -100.00 -100.00
   5   -89.493 54699.14996418  7.88  65.565735  63.941442  2.019 -100.00 -100.00 -100.00
   5   -86.473 54699.14996477  8.70  65.571200  63.940382  2.321 -100.00 -100.00 -100.00
   5   -83.829 54699.14996536  8.09  65.576664  63.939322  2.622 -100.00 -100.00 -100.00
   6    10.944 54709.06560826 40.85  65.565975  63.940642 20.253 -100.00 -100.00 -100.00
   6     8.197 54709.06560885 51.88  65.571440  63.939582   -100 -100.00 -100.00 -100.00
   6     8.083 54709.06560944 43.90  65.576903  63.938522 24.103 -100.00 -100.00 -100.00
   7   -56.214 54718.98125956  9.04  65.561544  63.938909  2.071 -100.00 -100.00 -100.00
   7   -53.762 54718.98126015  9.56  65.567008  63.937849  2.236 -100.00 -100.00 -100.00
   7   -50.999 54718.98126074  9.60  65.572471  63.936789  2.348 -100.00 -100.00 -100.00
   7   -48.015 54718.98126133 10.10  65.577935  63.935729  2.205 -100.00 -100.00 -100.00
   8    11.160 54728.89690910 32.82  65.565025  63.935434   -100 -100.00 -100.00 -100.00
   8    11.167 54728.89690969 28.98  65.570488  63.934374 24.518 -100.00 -100.00 -100.00
   8    11.219 54728.89691028 23.64  65.575950  63.933313 10.187 -100.00 -100.00 -100.00
   8    11.734 54728.89691087 23.35  65.581412  63.932253  8.899 -100.00 -100.00 -100.00
   9    11.214 54738.81255647 33.59  65.564700  63.934306   -100 -100.00 -100.00 -100.00
   9    11.212 54738.81255706 29.76  65.570163  63.933246 27.548 -100.00 -100.00 -100.00
   9    11.205 54738.81255765 24.59  65.575625  63.932185 10.247 -100.00 -100.00 -100.00
   9    10.706 54738.81255824 24.89  65.581087  63.931125 13.218 -100.00 -100.00 -100.00
  10    11.128 54748.72820352 37.05  65.563898  63.934940   -100 -100.00 -100.00 -100.00
  10    11.159 54748.72820411 29.15  65.569361  63.933880 24.642 -100.00 -100.00 -100.00
  10    11.300 54748.72820470 24.16  65.574823  63.932819 10.046 -100.00 -100.00 -100.00
  10    11.238 54748.72820529 24.83  65.580285  63.931759  9.645 -100.00 -100.00 -100.00
  11    11.159 54758.64385043 27.34  65.564886  63.935711 19.360 -100.00 -100.00 -100.00
  11    10.876 54758.64385102 23.78  65.570350  63.934650 12.078 -100.00 -100.00 -100.00
  11    10.910 54758.64385161 21.45  65.575812  63.933590  8.689 -100.00 -100.00 -100.00
  12    11.405 54768.55949500 32.00  65.564528  63.936115 23.881 -100.00 -100.00 -100.00
  12    11.312 54768.55949559 29.28  65.569992  63.935055 17.310 -100.00 -100.00 -100.00
  12    11.141 54768.55949618 27.64  65.575455  63.933994 13.855 -100.00 -100.00 -100.00
  13     7.931 54778.47513652 38.03  65.566088  63.934994   -100 -100.00 -100.00 -100.00
  13     8.020 54778.47513711 49.01  65.571551  63.933933 30.399 -100.00 -100.00 -100.00
  13     7.837 54778.47513770 40.80  65.577014  63.932873  7.830 -100.00 -100.00 -100.00
  14     8.768 54788.39077539 33.82  65.565225  63.934022   -100 -100.00 -100.00 -100.00
  14     8.776 54788.39077598 29.24  65.570688  63.932962 19.802 -100.00 -100.00 -100.00
  14     8.531 54788.39077657 30.11  65.576152  63.931901 26.154 -100.00 -100.00 -100.00
  14     8.630 54788.39077716 31.53  65.581614  63.930840 30.025 -100.00 -100.00 -100.00
  15     8.774 54798.30641309 26.44  65.563267  63.934346 12.152 -100.00 -100.00 -100.00
  15     8.692 54798.30641368 28.80  65.568730  63.933286 18.689 -100.00 -100.00 -100.00
  15     8.658 54798.30641427 30.10  65.574193  63.932226 24.068 -100.00 -100.00 -100.00
  15     8.682 54798.30641486 30.25  65.579656  63.931165 24.982 -100.00 -100.00 -100.00
  17     8.767 54818.13768831 15.55  65.565162  63.938119  5.603 -100.00 -100.00 -100.00
  17     8.817 54818.13768890 15.10  65.570626  63.937059  4.941 -100.00 -100.00 -100.00
  17     8.971 54818.13768950 15.30  65.576090  63.935999  4.814 -100.00 -100.00 -100.00
  17     9.808 54818.13769009 15.06  65.581553  63.934939  4.881 -100.00 -100.00 -100.00
  18    11.703 54828.05333886 14.72  65.562260  63.939443  5.217 -100.00 -100.00 -100.00
  18     9.385 54828.05333945 14.32  65.567725  63.938383  4.517 -100.00 -100.00 -100.00
  18     9.296 54828.05334004 14.07  65.573189  63.937323  4.053 -100.00 -100.00 -100.00
  18    10.424 54828.05334063 14.25  65.578652  63.936263  4.827 -100.00 -100.00 -100.00
  19    11.270 54837.96897821 12.79  65.564929  63.938317  3.124 -100.00 -100.00 -100.00
  19    10.696 54837.96897880 13.14  65.570393  63.937257  3.267 -100.00 -100.00 -100.00
  19    10.407 54837.96897939 13.49  65.575856  63.936197  4.092 -100.00 -100.00 -100.00
  19    10.549 54837.96897998 13.33  65.581319  63.935136  4.011 -100.00 -100.00 -100.00
  20    11.233 54847.88462768 12.64  65.565886  63.937539  3.762 -100.00 -100.00 -100.00
  20    10.805 54847.88462827 12.73  65.571349  63.936479  4.081 -100.00 -100.00 -100.00
  20    10.762 54847.88462886 12.61  65.576812  63.935419  3.897 -100.00 -100.00 -100.00
  21    11.523 54857.80027595 13.85  65.561750  63.938445  3.753 -100.00 -100.00 -100.00
  21    11.433 54857.80027654 13.57  65.567214  63.937385  3.814 -100.00 -100.00 -100.00
  21    10.832 54857.80027713 13.89  65.572677  63.936324  4.394 -100.00 -100.00 -100.00
  21    11.012 54857.80027772 13.64  65.578139  63.935264  3.521 -100.00 -100.00 -100.00
  22    11.342 54867.71592507 11.26  65.565513  63.938450  3.624 -100.00 -100.00 -100.00
  22    11.069 54867.71592566 11.42  65.570976  63.937389  3.525 -100.00 -100.00 -100.00
  22    10.798 54867.71592625 11.29  65.576439  63.936329  3.383 -100.00 -100.00 -100.00
  23    11.813 54877.63157314 10.98  65.565672  63.938379  3.062 -100.00 -100.00 -100.00
  23    11.114 54877.63157373 11.33  65.571135  63.937319  3.222 -100.00 -100.00 -100.00
  23    10.309 54877.63157432 11.59  65.576598  63.936258  3.076 -100.00 -100.00 -100.00
  24    11.524 54887.54721805 11.02  65.563862  63.937691  3.802 -100.00 -100.00 -100.00
  24    11.857 54887.54721864 10.93  65.569326  63.936631  2.986 -100.00 -100.00 -100.00
  24    11.167 54887.54721923 10.80  65.574789  63.935570  3.045 -100.00 -100.00 -100.00
  24    10.756 54887.54721982 11.22  65.580252  63.934510  3.850 -100.00 -100.00 -100.00
  25    12.131 54897.46286002 11.90  65.565023  63.935428  2.894 -100.00 -100.00 -100.00
  25    12.270 54897.46286061 11.87  65.570486  63.934368  2.806 -100.00 -100.00 -100.00
  25    12.140 54897.46286120 11.92  65.575949  63.933307  2.897 -100.00 -100.00 -100.00
  25    11.424 54897.46286179 11.95  65.581412  63.932246  2.867 -100.00 -100.00 -100.00
  26    12.378 54907.37849903 11.30  65.563031  63.934422  2.636 -100.00 -100.00 -100.00
  26    12.065 54907.37849962 11.63  65.568494  63.933362  3.370 -100.00 -100.00 -100.00
  26    12.242 54907.37850021 11.39  65.573957  63.932301  2.611 -100.00 -100.00 -100.00
  26    11.580 54907.37850080 11.47  65.579419  63.931240  3.201 -100.00 -100.00 -100.00
  27    12.172 54917.29413724 11.21  65.565729  63.934094  2.611 -100.00 -100.00 -100.00
  27    11.570 54917.29413783 11.35  65.571192  63.933033  2.924 -100.00 -100.00 -100.00
  27    11.765 54917.29413842 11.45  65.576655  63.931973  3.013 -100.00 -100.00 -100.00
  28    12.844 54927.20977470 10.77  65.563227  63.935715  3.167 -100.00 -100.00 -100.00
  28    12.710 54927.20977529 10.72  65.568690  63.934655  2.521 -100.00 -100.00 -100.00
  28    12.595 54927.20977588 10.70  65.574152  63.933595  2.452 -100.00 -100.00 -100.00
  28    12.682 54927.20977648 11.06  65.579615  63.932534  3.374 -100.00 -100.00 -100.00
  29    12.942 54937.12541195 10.71  65.564252  63.936424  2.649 -100.00 -100.00 -100.00
  29    12.714 54937.12541254 11.02  65.569715  63.935364  3.408 -100.00 -100.00 -100.00
  29    12.870 54937.12541313 10.77  65.575178  63.934304  2.864 -100.00 -100.00 -100.00
  29    12.609 54937.12541372 11.30  65.580640  63.933243  4.035 -100.00 -100.00 -100.00
  30     7.414 54947.04104754 15.64  65.566291  63.936321 14.859 -100.00 -100.00 -100.00
  30     7.219 54947.04104813 15.61  65.571754  63.935261 15.176 -100.00 -100.00 -100.00
  30     7.408 54947.04104872 15.06  65.577217  63.934201 14.109 -100.00 -100.00 -100.00
  31     9.075 54956.95668161 23.11  65.566829  63.935906 15.221 -100.00 -100.00 -100.00
  31     8.847 54956.95668220 24.48  65.572291  63.934846 21.532 -100.00 -100.00 -100.00
  31     8.958 54956.95668279 26.34  65.577754  63.933786 21.393 -100.00 -100.00 -100.00
  32    11.842 54966.87233025 36.23  65.566381  63.935037 31.859 -100.00 -100.00 -100.00
  32    12.139 54966.87233084 32.06  65.571844  63.933977 17.238 -100.00 -100.00 -100.00
  32    12.118 54966.87233143 39.06  65.577306  63.932917   -100 -100.00 -100.00 -100.00
  33    12.654 54976.78797785 30.04  65.566662  63.935055 21.634 -100.00 -100.00 -100.00
  33    12.627 54976.78797844 30.39  65.572125  63.933995 19.048 -100.00 -100.00 -100.00
  33    12.908 54976.78797903 29.15  65.577587  63.932935 14.073 -100.00 -100.00 -100.00
  34    -9.535 54986.70362483 16.42  65.561997  63.936842  2.110 -100.00 -100.00 -100.00
  34    -7.618 54986.70362542 17.06  65.567460  63.935782  2.335 -100.00 -100.00 -100.00
  34    -5.732 54986.70362601 17.37  65.572923  63.934722  2.230 -100.00 -100.00 -100.00
  34    -3.824 54986.70362660 17.57  65.578385  63.933662  2.476 -100.00 -100.00 -100.00
  35    12.488 54996.61927289 31.86  65.566310  63.936927 28.319 -100.00 -100.00 -100.00
  35    12.519 54996.61927348 27.86  65.571773  63.935867 13.176 -100.00 -100.00 -100.00
  35    12.641 54996.61927407 27.90  65.577236  63.934807 12.594 -100.00 -100.00 -100.00
  36    12.455 55006.53491858 37.83  65.563901  63.937900   -100 -100.00 -100.00 -100.00
  36    12.456 55006.53491917 26.36  65.569365  63.936840 10.492 -100.00 -100.00 -100.00
  36    12.436 55006.53491976 27.34  65.574828  63.935780 11.594 -100.00 -100.00 -100.00
  36    12.563 55006.53492035 27.51  65.580291  63.934719 13.399 -100.00 -100.00 -100.00
  37    12.228 55016.45056260 33.88  65.565696  63.937761   -100 -100.00 -100.00 -100.00
  37    12.238 55016.45056319 28.26  65.571160  63.936701 17.150 -100.00 -100.00 -100.00
  37    12.204 55016.45056378 27.49  65.576623  63.935640 14.624 -100.00 -100.00 -100.00
  38    11.981 55026.36620502 31.98  65.565609  63.938087   -100 -100.00 -100.00 -100.00
  38    11.993 55026.36620561 26.36  65.571073  63.937027 13.447 -100.00 -100.00 -100.00
  38    12.072 55026.36620620 26.42  65.576536  63.935966 13.720 -100.00 -100.00 -100.00
  39    11.852 55036.28184708 46.16  65.566417  63.938803   -100 -100.00 -100.00 -100.00
  39    11.791 55036.28184767 38.71  65.571880  63.937743   -100 -100.00 -100.00 -100.00
  39    11.484 55036.28184826 37.71  65.577344  63.936682   -100 -100.00 -100.00 -100.00
  40    11.402 55046.19748773 45.26  65.561971  63.940334   -100 -100.00 -100.00 -100.00
  40    11.122 55046.19748832 47.94  65.567435  63.939274   -100 -100.00 -100.00 -100.00
  40    10.686 55046.19748891 49.48  65.572899  63.938213   -100 -100.00 -100.00 -100.00
  40    10.707 55046.19748950 46.40  65.578362  63.937153 11.994 -100.00 -100.00 -100.00
  41    11.363 55056.11312759 34.30  65.566131  63.939273   -100 -100.00 -100.00 -100.00
  41    11.300 55056.11312818 29.02  65.571595  63.938213 27.347 -100.00 -100.00 -100.00
  41    11.299 55056.11312877 25.44  65.577059  63.937153 18.228 -100.00 -100.00 -100.00
  42    11.557 55066.02876444 32.24  65.563094  63.938343   -100 -100.00 -100.00 -100.00
  42    11.117 55066.02876503 35.55  65.568558  63.937284  4.431 -100.00 -100.00 -100.00
  42    11.221 55066.02876562 25.47  65.574021  63.936224 17.446 -100.00 -100.00 -100.00
  42    11.459 55066.02876621 23.93  65.579484  63.935163 14.388 -100.00 -100.00 -100.00
  43    11.031 55075.94441388 40.84  65.563872  63.936036 22.494 -100.00 -100.00 -100.00
  43     8.940 55075.94441447 46.09  65.569335  63.934976   -100 -100.00 -100.00 -100.00
  43     8.885 55075.94441506 43.29  65.574797  63.933916  6.200 -100.00 -100.00 -100.00
  43     8.937 55075.94441566 41.06  65.580260  63.932856   -100 -100.00 -100.00 -100.00
  44     8.391 55085.86006200 46.07  65.565816  63.934561 12.320 -100.00 -100.00 -100.00
  44     8.528 55085.86006259 35.21  65.571279  63.933501   -100 -100.00 -100.00 -100.00
  44    10.565 55085.86006318 31.63  65.576741  63.932440   -100 -100.00 -100.00 -100.00
  45    10.876 55095.77570788 40.03  65.563786  63.935247  6.149 -100.00 -100.00 -100.00
  45     7.982 55095.77570847 33.86  65.569249  63.934187   -100 -100.00 -100.00 -100.00
  45    10.829 55095.77570906 27.77  65.574711  63.933126 31.220 -100.00 -100.00 -100.00
  45     7.962 55095.77570965 29.28  65.580173  63.932066 30.351 -100.00 -100.00 -100.00
  46    11.404 55105.69135343 32.18  65.561534  63.936233   -100 -100.00 -100.00 -100.00
  46    10.992 55105.69135402 32.97  65.566998  63.935173   -100 -100.00 -100.00 -100.00
  46    11.029 55105.69135461 26.94  65.572460  63.934112 27.057 -100.00 -100.00 -100.00
  46    10.922 55105.69135520 25.65  65.577923  63.933052 20.589 -100.00 -100.00 -100.00
  47    10.992 55115.60699954 31.96  65.566679  63.935087   -100 -100.00 -100.00 -100.00
  47    11.015 55115.60700013 25.46  65.572143  63.934027 15.158 -100.00 -100.00 -100.00
  47    10.784 55115.60700072 26.28  65.577605  63.932966 15.478 -100.00 -100.00 -100.00
  48    12.427 55125.52264225 27.28  65.561883  63.935122 30.349 -100.00 -100.00 -100.00
  48    12.188 55125.52264285 17.93  65.567347  63.934062  6.938 -100.00 -100.00 -100.00
  48    11.136 55125.52264344 18.10  65.572810  63.933002  8.248 -100.00 -100.00 -100.00
  48    10.817 55125.52264403 16.49  65.578272  63.931941  5.519 -100.00 -100.00 -100.00
  49     7.523 55135.43828309 28.70  65.563529  63.934130 25.625 -100.00 -100.00 -100.00
  49     7.375 55135.43828368 26.10  65.568993  63.933069 16.089 -100.00 -100.00 -100.00
  49     7.221 55135.43828427 29.47  65.574456  63.932009 30.559 -100.00 -100.00 -100.00
  49     7.394 55135.43828486 32.42  65.579918  63.930948   -100 -100.00 -100.00 -100.00
  50     7.767 55145.35392169 39.06  65.564338  63.934134 32.560 -100.00 -100.00 -100.00
  50     7.833 55145.35392229 41.22  65.569801  63.933074   -100 -100.00 -100.00 -100.00
  50     7.496 55145.35392288 45.43  65.575265  63.932013 11.833 -100.00 -100.00 -100.00
  50     7.537 55145.35392347 41.57  65.580727  63.930952  0.310 -100.00 -100.00 -100.00
  51     7.513 55155.26955943 35.10  65.564095  63.935582   -100 -100.00 -100.00 -100.00
  51     7.437 55155.26956002 36.15  65.569559  63.934521   -100 -100.00 -100.00 -100.00
  51     7.313 55155.26956061 38.09  65.575022  63.933461   -100 -100.00 -100.00 -100.00
  51     7.534 55155.26956120 37.09  65.580485  63.932400   -100 -100.00 -100.00 -100.00
  52     7.648 55165.18519733 26.73  65.562860  63.937325 14.108 -100.00 -100.00 -100.00
  52     7.593 55165.18519792 27.85  65.568324  63.936265 17.456 -100.00 -100.00 -100.00
  52     7.551 55165.18519851 28.81  65.573788  63.935204 22.062 -100.00 -100.00 -100.00
  52     7.495 55165.18519910 28.69  65.579251  63.934144 22.173 -100.00 -100.00 -100.00
  53     7.814 55175.10083520 22.06  65.563130  63.938640  9.587 -100.00 -100.00 -100.00
  53     7.775 55175.10083579 23.62  65.568595  63.937580 13.384 -100.00 -100.00 -100.00
  53     7.671 55175.10083638 29.28  65.574058  63.936520   -100 -100.00 -100.00 -100.00
  53     8.641 55175.10083697 29.18  65.579522  63.935460 16.061 -100.00 -100.00 -100.00
  54     7.492 55185.01647566 22.23  65.563489  63.938914 15.197 -100.00 -100.00 -100.00
  54     7.489 55185.01647625 26.06  65.568953  63.937854 27.539 -100.00 -100.00 -100.00
  54     7.702 55185.01647684 25.72  65.574417  63.936794 23.859 -100.00 -100.00 -100.00
  54     8.438 55185.01647743 28.08  65.579880  63.935733 17.500 -100.00 -100.00 -100.00
  55     7.418 55194.93212717 15.54  65.566261  63.937958  5.564 -100.00 -100.00 -100.00
  55     7.978 55194.93212777 15.48  65.571725  63.936897  5.978 -100.00 -100.00 -100.00
  55     7.502 55194.93212836 16.18  65.577188  63.935837  7.118 -100.00 -100.00 -100.00
  56     6.959 55204.84777699 16.97  65.565993  63.938089  9.179 -100.00 -100.00 -100.00
  56     7.233 55204.84777758 16.74  65.571456  63.937029  9.028 -100.00 -100.00 -100.00
  56     7.119 55204.84777817 14.68  65.576919  63.935969  5.708 -100.00 -100.00 -100.00
  57     6.965 55214.76342572 19.07  65.562717  63.939508 10.707 -100.00 -100.00 -100.00
  57     6.944 55214.76342631 17.69  65.568181  63.938448  8.637 -100.00 -100.00 -100.00
  57     7.368 55214.76342690 14.72  65.573644  63.937387  4.590 -100.00 -100.00 -100.00
  57     7.228 55214.76342749 16.33  65.579107  63.936327  7.177 -100.00 -100.00 -100.00
  58     7.504 55224.67907429 15.76  65.562339  63.939653  7.294 -100.00 -100.00 -100.00
  58     6.805 55224.67907488 18.34  65.567803  63.938593 10.741 -100.00 -100.00 -100.00
  58     7.035 55224.67907547 15.65  65.573267  63.937533  7.260 -100.00 -100.00 -100.00
  58     8.865 55224.67907606 14.24  65.578730  63.936472  5.067 -100.00 -100.00 -100.00
  59    10.620 55234.59472116 14.76  65.562293  63.938133  5.146 -100.00 -100.00 -100.00
  59     9.982 55234.59472175 14.57  65.567756  63.937072  4.811 -100.00 -100.00 -100.00
  59    10.535 55234.59472234 14.80  65.573220  63.936012  5.695 -100.00 -100.00 -100.00
  59    10.121 55234.59472293 14.41  65.578683  63.934951  4.868 -100.00 -100.00 -100.00
  60    11.238 55244.51036506 13.45  65.564053  63.935360  3.595 -100.00 -100.00 -100.00
  60    10.823 55244.51036565 13.93  65.569516  63.934300  4.501 -100.00 -100.00 -100.00
  60     9.939 55244.51036624 14.45  65.574979  63.933239  5.616 -100.00 -100.00 -100.00
  60    10.299 55244.51036683 13.73  65.580442  63.932179  3.877 -100.00 -100.00 -100.00
  61    11.768 55254.42600574 12.85  65.563547  63.933507  3.661 -100.00 -100.00 -100.00
  61    11.643 55254.42600633 13.37  65.569010  63.932446  4.205 -100.00 -100.00 -100.00
  61    10.375 55254.42600692 13.45  65.574473  63.931386  4.675 -100.00 -100.00 -100.00
  61    10.686 55254.42600751 13.19  65.579935  63.930325  4.060 -100.00 -100.00 -100.00
  62    11.735 55264.34164474 13.87  65.565370  63.933269  4.997 -100.00 -100.00 -100.00
  62    11.139 55264.34164533 13.57  65.570832  63.932209  4.609 -100.00 -100.00 -100.00
  62    10.367 55264.34164592 14.64  65.576295  63.931148  5.939 -100.00 -100.00 -100.00
  63    11.817 55274.25728260 14.83  65.566121  63.935106  3.504 -100.00 -100.00 -100.00
  63    12.207 55274.25728319 14.83  65.571583  63.934046  4.451 -100.00 -100.00 -100.00
  63    11.349 55274.25728378 14.82  65.577046  63.932985  3.826 -100.00 -100.00 -100.00
  64    11.644 55284.17291986 13.24  65.566074  63.936725  4.128 -100.00 -100.00 -100.00
  64    11.878 55284.17292045 12.90  65.571538  63.935664  3.961 -100.00 -100.00 -100.00
  64    11.126 55284.17292104 13.03  65.577000  63.934604  3.725 -100.00 -100.00 -100.00
  65    12.421 55294.08855558 12.59  65.564382  63.936905  3.539 -100.00 -100.00 -100.00
  65    12.618 55294.08855617 12.65  65.569845  63.935845  3.282 -100.00 -100.00 -100.00
  65    11.916 55294.08855676 12.71  65.575308  63.934784  3.378 -100.00 -100.00 -100.00
  65    12.324 55294.08855735 12.39  65.580771  63.933724  2.975 -100.00 -100.00 -100.00
  66    12.359 55304.00419327 10.78  65.563844  63.935473  2.815 -100.00 -100.00 -100.00
  66    12.591 55304.00419386 10.95  65.569306  63.934413  2.682 -100.00 -100.00 -100.00
  66    12.480 55304.00419445 10.84  65.574769  63.933353  3.006 -100.00 -100.00 -100.00
  66    12.554 55304.00419504 10.87  65.580231  63.932293  2.894 -100.00 -100.00 -100.00
  67    11.525 55313.91984105 36.88  65.565066  63.933621   -100 -100.00 -100.00 -100.00
  67    11.585 55313.91984164 31.20  65.570528  63.932561 17.586 -100.00 -100.00 -100.00
  67    10.884 55313.91984223 33.98  65.575990  63.931501 23.854 -100.00 -100.00 -100.00
  67     7.806 55313.91984283 35.50  65.581451  63.930441   -100 -100.00 -100.00 -100.00
  69    11.922 55333.75113056 52.38  65.566633  63.935846  3.045 -100.00 -100.00 -100.00
  69    11.809 55333.75113115 53.42  65.572096  63.934786  8.883 -100.00 -100.00 -100.00
  69    11.913 55333.75113174 55.34  65.577558  63.933726  8.779 -100.00 -100.00 -100.00
  70    12.004 55343.66677406 35.37  65.563981  63.937893   -100 -100.00 -100.00 -100.00
  70    11.958 55343.66677465 38.85  65.569444  63.936833   -100 -100.00 -100.00 -100.00
  70    12.348 55343.66677524 36.08  65.574906  63.935772   -100 -100.00 -100.00 -100.00
  70    12.595 55343.66677583 42.25  65.580369  63.934712   -100 -100.00 -100.00 -100.00
  71    12.056 55353.58241762 33.58  65.565471  63.937732   -100 -100.00 -100.00 -100.00
  71    12.033 55353.58241821 30.81  65.570934  63.936672 29.308 -100.00 -100.00 -100.00
  71    12.070 55353.58241880 30.36  65.576397  63.935612 25.823 -100.00 -100.00 -100.00
  72    12.298 55363.49805853 42.43  65.561497  63.938173  0.771 -100.00 -100.00 -100.00
  72    11.947 55363.49805912 34.67  65.566961  63.937113   -100 -100.00 -100.00 -100.00
  72    12.038 55363.49805971 28.33  65.572424  63.936053 22.646 -100.00 -100.00 -100.00
  72    12.276 55363.49806030 30.70  65.577887  63.934993 26.521 -100.00 -100.00 -100.00
  73    12.021 55373.41369812 38.46  65.562198  63.938172  1.318 -100.00 -100.00 -100.00
  73    11.880 55373.41369871 34.95  65.567662  63.937112   -100 -100.00 -100.00 -100.00
  73    11.906 55373.41369930 26.26  65.573125  63.936052 16.130 -100.00 -100.00 -100.00
  73    12.209 55373.41369989 26.55  65.578588  63.934992 15.955 -100.00 -100.00 -100.00
  74    12.200 55383.32933626 37.48  65.561883  63.939476   -100 -100.00 -100.00 -100.00
  74    11.894 55383.32933685 33.90  65.567347  63.938416   -100 -100.00 -100.00 -100.00
  74    11.918 55383.32933744 25.35  65.572811  63.937356 13.188 -100.00 -100.00 -100.00
  74    11.897 55383.32933803 25.08  65.578274  63.936295 11.438 -100.00 -100.00 -100.00
  75    12.770 55393.24497407 46.24  65.565661  63.940187 27.870 -100.00 -100.00 -100.00
  75    12.415 55393.24497466 50.55  65.571125  63.939127   -100 -100.00 -100.00 -100.00
  75    12.031 55393.24497525 54.52  65.576588  63.938067 19.980 -100.00 -100.00 -100.00
  76    11.968 55403.16061007 34.15  65.562928  63.941488   -100 -100.00 -100.00 -100.00
  76    11.738 55403.16061066 25.94  65.568392  63.940429 18.286 -100.00 -100.00 -100.00
  76    11.642 55403.16061126 26.49  65.573856  63.939369 17.543 -100.00 -100.00 -100.00
  76    11.595 55403.16061185 25.73  65.579320  63.938308 15.872 -100.00 -100.00 -100.00
  77    11.915 55413.07626231 43.72  65.563391  63.939254   -100 -100.00 -100.00 -100.00
  77    11.706 55413.07626290 38.49  65.568855  63.938194 22.420 -100.00 -100.00 -100.00
  77    11.747 55413.07626349 40.25  65.574318  63.937134 31.857 -100.00 -100.00 -100.00
  77    11.897 55413.07626408 42.90  65.579781  63.936074   -100 -100.00 -100.00 -100.00
  78    11.332 55422.99191195 45.63  65.565632  63.935670 16.642 -100.00 -100.00 -100.00
  78    11.248 55422.99191254 49.60  65.571095  63.934610   -100 -100.00 -100.00 -100.00
  78    11.242 55422.99191313 48.59  65.576558  63.933549   -100 -100.00 -100.00 -100.00
  79    11.258 55432.90755832 36.18  65.562950  63.933842   -100 -100.00 -100.00 -100.00
  79    11.266 55432.90755891 25.43  65.568412  63.932782 11.894 -100.00 -100.00 -100.00
  79     9.838 55432.90755950 32.84  65.573874  63.931722   -100 -100.00 -100.00 -100.00
  79     9.885 55432.90756009 37.38  65.579336  63.930662   -100 -100.00 -100.00 -100.00
  80    11.246 55442.82320318 31.31  65.565831  63.933417 28.987 -100.00 -100.00 -100.00
  80    11.269 55442.82320377 27.16  65.571293  63.932356 12.063 -100.00 -100.00 -100.00
  80     8.795 55442.82320436 36.20  65.576755  63.931296   -100 -100.00 -100.00 -100.00
  81    11.515 55452.73884619 22.79  65.566742  63.934893 11.191 -100.00 -100.00 -100.00
  81    11.022 55452.73884678 28.33  65.572204  63.933832 25.600 -100.00 -100.00 -100.00
  81    10.901 55452.73884737 22.13  65.577666  63.932772  8.721 -100.00 -100.00 -100.00
  82    11.340 55462.65448802 33.42  65.564470  63.937061   -100 -100.00 -100.00 -100.00
  82    11.168 55462.65448861 29.43  65.569933  63.936001 24.104 -100.00 -100.00 -100.00
  82     7.813 55462.65448920 34.91  65.575396  63.934941   -100 -100.00 -100.00 -100.00
  82     7.692 55462.65448979 37.45  65.580859  63.933880  3.788 -100.00 -100.00 -100.00
  83     7.842 55472.57012821 42.09  65.562847  63.937051   -100 -100.00 -100.00 -100.00
  83     7.801 55472.57012880 44.34  65.568311  63.935990 11.239 -100.00 -100.00 -100.00
  83     7.837 55472.57012939 43.70  65.573774  63.934930 20.434 -100.00 -100.00 -100.00
  83     7.644 55472.57012998 38.03  65.579237  63.933870  4.056 -100.00 -100.00 -100.00
  84    11.238 55482.48576629 28.62  65.566651  63.934679 24.471 -100.00 -100.00 -100.00
  84    11.267 55482.48576688 28.08  65.572114  63.933618 21.211 -100.00 -100.00 -100.00
  84    11.107 55482.48576747 26.17  65.577577  63.932558 13.468 -100.00 -100.00 -100.00
  85    11.299 55492.40140123 33.66  65.561705  63.934273   -100 -100.00 -100.00 -100.00
  85    11.235 55492.40140182 31.64  65.567169  63.933213   -100 -100.00 -100.00 -100.00
  85    11.200 55492.40140241 26.83  65.572632  63.932153 16.609 -100.00 -100.00 -100.00
  85    10.790 55492.40140300 27.72  65.578095  63.931092 17.747 -100.00 -100.00 -100.00
  86     7.486 55502.31703512 33.76  65.563752  63.935048   -100 -100.00 -100.00 -100.00
  86     7.827 55502.31703571 37.93  65.569216  63.933988   -100 -100.00 -100.00 -100.00
  86     7.350 55502.31703630 37.93  65.574680  63.932927 12.582 -100.00 -100.00 -100.00
  86     7.380 55502.31703689 35.21  65.580143  63.931867   -100 -100.00 -100.00 -100.00
  87     7.661 55512.23268053 28.08  65.564404  63.937142 24.589 -100.00 -100.00 -100.00
  87     7.467 55512.23268112 28.62  65.569869  63.936082   -100 -100.00 -100.00 -100.00
  87     7.346 55512.23268171 27.26  65.575332  63.935022 26.759 -100.00 -100.00 -100.00
  87     7.516 55512.23268230 31.43  65.580796  63.933962   -100 -100.00 -100.00 -100.00
  88     9.200 55522.14833021 38.04  65.566170  63.938586 25.490 -100.00 -100.00 -100.00
  88     8.567 55522.14833080 44.18  65.571634  63.937526  4.387 -100.00 -100.00 -100.00
  88     8.464 55522.14833139 44.09  65.577098  63.936465 29.279 -100.00 -100.00 -100.00
  89     7.696 55532.06397807 30.15  65.561989  63.939578 30.049 -100.00 -100.00 -100.00
  89     7.802 55532.06397866 30.04  65.567453  63.938518 29.960 -100.00 -100.00 -100.00
  89     7.862 55532.06397925 29.01  65.572917  63.937458 24.733 -100.00 -100.00 -100.00
  89     7.697 55532.06397984 31.10  65.578381  63.936397   -100 -100.00 -100.00 -100.00
  90     7.760 55541.97962527 24.25  65.566131  63.937594 14.282 -100.00 -100.00 -100.00
  90     8.042 55541.97962586 22.22  65.571594  63.936533 10.383 -100.00 -100.00 -100.00
  90     7.824 55541.97962645 23.62  65.577057  63.935473 11.616 -100.00 -100.00 -100.00
  91     7.784 55551.89526983 24.86  65.565513  63.936848 17.425 -100.00 -100.00 -100.00
  91     7.870 55551.89527042 22.58  65.570976  63.935788 10.591 -100.00 -100.00 -100.00
  91     7.745 55551.89527101 24.02  65.576439  63.934728 15.494 -100.00 -100.00 -100.00
  92     7.759 55561.81091281 18.32  65.564629  63.937519  7.002 -100.00 -100.00 -100.00
  92     7.794 55561.81091340 20.40  65.570092  63.936459 11.067 -100.00 -100.00 -100.00
  92     7.629 55561.81091399 19.66  65.575555  63.935399  9.121 -100.00 -100.00 -100.00
  92     7.738 55561.81091458 20.10  65.581018  63.934338 10.513 -100.00 -100.00 -100.00
  93     7.535 55571.72655471 19.48  65.561577  63.939579 10.794 -100.00 -100.00 -100.00
  93     7.491 55571.72655530 19.01  65.567041  63.938519  9.666 -100.00 -100.00 -100.00
  93     7.362 55571.72655589 20.72  65.572504  63.937458 12.872 -100.00 -100.00 -100.00
  93     7.628 55571.72655648 18.63  65.577968  63.936398  7.903 -100.00 -100.00 -100.00
  94     7.402 55581.64219584 18.15  65.561683  63.940109  8.116 -100.00 -100.00 -100.00
  94     7.233 55581.64219643 18.46  65.567147  63.939049  8.693 -100.00 -100.00 -100.00
  94     7.402 55581.64219702 18.94  65.572611  63.937988  9.243 -100.00 -100.00 -100.00
  94     7.237 55581.64219761 20.74  65.578075  63.936928 12.122 -100.00 -100.00 -100.00
  95     8.067 55591.55783448 16.31  65.566416  63.937747  7.225 -100.00 -100.00 -100.00
  95     7.798 55591.55783507 16.37  65.571879  63.936687  7.303 -100.00 -100.00 -100.00
  95     8.181 55591.55783566 15.44  65.577343  63.935627  6.378 -100.00 -100.00 -100.00
  96     8.518 55601.47346916 17.27  65.563733  63.935912  6.081 -100.00 -100.00 -100.00
  96     7.565 55601.47346975 18.62  65.569197  63.934852  8.083 -100.00 -100.00 -100.00
  96     7.603 55601.47347034 18.57  65.574660  63.933792  7.744 -100.00 -100.00 -100.00
  96     8.664 55601.47347093 17.60  65.580123  63.932732  5.680 -100.00 -100.00 -100.00
  97    11.296 55611.38910175 13.79  65.561984  63.934935  3.834 -100.00 -100.00 -100.00
  97    11.149 55611.38910234 13.82  65.567448  63.933875  4.441 -100.00 -100.00 -100.00
  97    10.049 55611.38910293 13.86  65.572911  63.932815  4.473 -100.00 -100.00 -100.00
  97    10.126 55611.38910352 14.52  65.578374  63.931755  5.492 -100.00 -100.00 -100.00
  98    11.203 55621.30473471 11.93  65.565810  63.935352  3.841 -100.00 -100.00 -100.00
  98    10.411 55621.30473530 12.16  65.571274  63.934292  4.193 -100.00 -100.00 -100.00
  98     9.575 55621.30473589 12.45  65.576737  63.933232  3.777 -100.00 -100.00 -100.00
  99    11.411 55631.22038764 12.21  65.566809  63.936723  3.952 -100.00 -100.00 -100.00
  99    10.966 55631.22038823 12.35  65.572272  63.935663  4.042 -100.00 -100.00 -100.00
  99    10.569 55631.22038882 12.18  65.577736  63.934603  4.091 -100.00 -100.00 -100.00
 100    11.238 55641.13603825 11.73  65.564927  63.938091  3.534 -100.00 -100.00 -100.00
 100    11.147 55641.13603884 11.77  65.570390  63.937031  3.781 -100.00 -100.00 -100.00
 100    10.762 55641.13603943 11.91  65.575853  63.935971  3.646 -100.00 -100.00 -100.00
 100    10.782 55641.13604002 12.22  65.581316  63.934910  4.319 -100.00 -100.00 -100.00
 101    11.373 55651.05168666 10.92  65.566084  63.936931  3.268 -100.00 -100.00 -100.00
 101    10.798 55651.05168725 11.72  65.571547  63.935871  4.650 -100.00 -100.00 -100.00
 101    10.722 55651.05168784 11.24  65.577009  63.934811  3.500 -100.00 -100.00 -100.00
 102    11.711 55660.96733101 22.77  65.563145  63.935011 13.032 -100.00 -100.00 -100.00
 102     6.610 55660.96733160 25.44  65.568608  63.933951 26.559 -100.00 -100.00 -100.00
 102     6.968 55660.96733219 25.78  65.574070  63.932891 24.405 -100.00 -100.00 -100.00
 102    10.512 55660.96733278 26.61  65.579532  63.931831 27.507 -100.00 -100.00 -100.00
 103    11.776 55670.88297246 34.31  65.565239  63.933169 21.485 -100.00 -100.00 -100.00
 103     7.964 55670.88297305 36.94  65.570701  63.932109   -100 -100.00 -100.00 -100.00
 103     7.851 55670.88297364 41.13  65.576163  63.931049   -100 -100.00 -100.00 -100.00
 103     8.060 55670.88297423 40.78  65.581624  63.929988   -100 -100.00 -100.00 -100.00
 104    11.553 55680.79861139 38.79  65.562278  63.934738   -100 -100.00 -100.00 -100.00
 104    11.545 55680.79861198 32.84  65.567740  63.933678 27.104 -100.00 -100.00 -100.00
 104    11.155 55680.79861257 33.26  65.573202  63.932618   -100 -100.00 -100.00 -100.00
 104    10.813 55680.79861316 35.73  65.578664  63.931558   -100 -100.00 -100.00 -100.00
 105    11.818 55690.71424881 36.14  65.564052  63.937375   -100 -100.00 -100.00 -100.00
 105    11.802 55690.71424940 30.71  65.569515  63.936315 20.610 -100.00 -100.00 -100.00
 105    11.910 55690.71424999 27.47  65.574978  63.935255 11.161 -100.00 -100.00 -100.00
 105    12.000 55690.71425058 33.97  65.580440  63.934194 29.208 -100.00 -100.00 -100.00
 106    11.870 55700.62988423 41.76  65.562005  63.940382   -100 -100.00 -100.00 -100.00
 106    11.877 55700.62988482 35.34  65.567469  63.939323 27.779 -100.00 -100.00 -100.00
 106    11.881 55700.62988541 36.33  65.572933  63.938263 29.593 -100.00 -100.00 -100.00
 106    12.170 55700.62988600 41.56  65.578396  63.937202   -100 -100.00 -100.00 -100.00
 107    11.869 55710.54552418 38.95  65.562539  63.940944 10.509 -100.00 -100.00 -100.00
 107    11.821 55710.54552477 33.66  65.568003  63.939884   -100 -100.00 -100.00 -100.00
 107    11.848 55710.54552536 27.16  65.573467  63.938824 19.280 -100.00 -100.00 -100.00
 107    11.846 55710.54552595 26.93  65.578931  63.937764 17.437 -100.00 -100.00 -100.00
 108    11.915 55720.46117451 35.85  65.564424  63.939167   -100 -100.00 -100.00 -100.00
 108    11.887 55720.46117510 30.94  65.569888  63.938107   -100 -100.00 -100.00 -100.00
 108    11.848 55720.46117569 28.44  65.575352  63.937047 23.791 -100.00 -100.00 -100.00
 108    11.851 55720.46117628 26.99  65.580815  63.935986 18.541 -100.00 -100.00 -100.00
 109    12.646 55730.37682235 46.55  65.563525  63.938300   -100 -100.00 -100.00 -100.00
 109    12.423 55730.37682294 50.76  65.568989  63.937240   -100 -100.00 -100.00 -100.00
 109    12.218 55730.37682353 53.55  65.574453  63.936180  8.572 -100.00 -100.00 -100.00
 109    12.000 55730.37682412 51.26  65.579916  63.935119   -100 -100.00 -100.00 -100.00
 110    11.734 55740.29246920 33.14  65.565935  63.937796   -100 -100.00 -100.00 -100.00
 110    11.705 55740.29246979 34.62  65.571398  63.936736   -100 -100.00 -100.00 -100.00
 110    11.772 55740.29247038 34.58  65.576861  63.935675   -100 -100.00 -100.00 -100.00
 111    11.143 55750.20811447 45.73  65.565310  63.938438  1.131 -100.00 -100.00 -100.00
 111    11.132 55750.20811506 49.94  65.570774  63.937378 26.524 -100.00 -100.00 -100.00
 111    11.122 55750.20811565 51.87  65.576237  63.936318 25.945 -100.00 -100.00 -100.00
 112    11.363 55760.12375708 37.61  65.561526  63.939219  5.449 -100.00 -100.00 -100.00
 112    11.377 55760.12375767 31.76  65.566989  63.938159   -100 -100.00 -100.00 -100.00
 112    11.048 55760.12375826 25.12  65.572453  63.937099 20.732 -100.00 -100.00 -100.00
 112    11.074 55760.12375885 22.45  65.577916  63.936038 14.536 -100.00 -100.00 -100.00
 113    11.283 55770.03939783 34.15  65.566112  63.937339  1.194 -100.00 -100.00 -100.00
 113    10.984 55770.03939842 29.79  65.571575  63.936279   -100 -100.00 -100.00 -100.00
 113    11.078 55770.03939901 21.52  65.577038  63.935219  9.195 -100.00 -100.00 -100.00
 114    11.133 55779.95503441 36.51  65.562474  63.936121  9.465 -100.00 -100.00 -100.00
 114    11.297 55779.95503500 26.19  65.567937  63.935061 25.412 -100.00 -100.00 -100.00
 114    10.888 55779.95503559 25.21  65.573400  63.934001 22.473 -100.00 -100.00 -100.00
 114    10.775 55779.95503618 23.06  65.578862  63.932940 13.628 -100.00 -100.00 -100.00
 115    11.141 55789.87066867 36.97  65.562324  63.935081 24.352 -100.00 -100.00 -100.00
 115    11.317 55789.87066926 24.67  65.567787  63.934021 24.533 -100.00 -100.00 -100.00
 115    10.863 55789.87066985 30.01  65.573250  63.932961   -100 -100.00 -100.00 -100.00
 115    10.904 55789.87067044 19.02  65.578712  63.931901  9.014 -100.00 -100.00 -100.00
 116     7.682 55799.78630147 37.73  65.561718  63.936081   -100 -100.00 -100.00 -100.00
 116     8.341 55799.78630206 42.54  65.567181  63.935022   -100 -100.00 -100.00 -100.00
 116     7.986 55799.78630265 53.64  65.572644  63.933962 16.600 -100.00 -100.00 -100.00
 116     7.889 55799.78630325 52.86  65.578107  63.932902   -100 -100.00 -100.00 -100.00
 117    11.073 55809.70194898 31.78  65.565427  63.936709   -100 -100.00 -100.00 -100.00
 117    10.928 55809.70194957 27.53  65.570890  63.935650 32.000 -100.00 -100.00 -100.00
 117    10.661 55809.70195017 22.49  65.576353  63.934589 13.742 -100.00 -100.00 -100.00
 118    11.139 55819.61759749 35.90  65.563698  63.938261 13.584 -100.00 -100.00 -100.00
 118    10.899 55819.61759808 30.80  65.569162  63.937201   -100 -100.00 -100.00 -100.00
 118    10.952 55819.61759868 24.71  65.574625  63.936141 21.974 -100.00 -100.00 -100.00
 118    10.687 55819.61759927 20.57  65.580089  63.935080 11.030 -100.00 -100.00 -100.00
 119    11.172 55829.53324197 31.51  65.564875  63.937834 18.531 -100.00 -100.00 -100.00
 119    11.144 55829.53324256 29.89  65.570339  63.936774 14.799 -100.00 -100.00 -100.00
 119     7.743 55829.53324315 32.11  65.575803  63.935714 19.014 -100.00 -100.00 -100.00
 119     7.940 55829.53324374 36.28  65.581266  63.934654   -100 -100.00 -100.00 -100.00
 120    11.304 55839.44888162 39.72  65.561580  63.936886   -100 -100.00 -100.00 -100.00
 120    11.039 55839.44888221 31.26  65.567044  63.935826   -100 -100.00 -100.00 -100.00
 120    10.996 55839.44888280 23.34  65.572508  63.934766 17.297 -100.00 -100.00 -100.00
 120    10.527 55839.44888339 23.10  65.577971  63.933706 15.610 -100.00 -100.00 -100.00
 121    11.152 55849.36451868 38.48  65.562332  63.935422 26.165 -100.00 -100.00 -100.00
 121    10.967 55849.36451927 32.52  65.567796  63.934362   -100 -100.00 -100.00 -100.00
 121     7.630 55849.36451986 32.73  65.573259  63.933302   -100 -100.00 -100.00 -100.00
 121     7.640 55849.36452045 31.07  65.578723  63.932242   -100 -100.00 -100.00 -100.00
 122    11.025 55859.28015364 33.46  65.563676  63.936201   -100 -100.00 -100.00 -100.00
 122    10.967 55859.28015423 23.40  65.569140  63.935141 15.341 -100.00 -100.00 -100.00
 122    10.823 55859.28015482 23.90  65.574604  63.934081 16.685 -100.00 -100.00 -100.00
 122    11.380 55859.28015541 18.53  65.580067  63.933021  5.808 -100.00 -100.00 -100.00
 123     6.726 55869.19580253 24.24  65.563305  63.938208 15.809 -100.00 -100.00 -100.00
 123     6.774 55869.19580312 24.96  65.568769  63.937148 20.206 -100.00 -100.00 -100.00
 123     6.777 55869.19580371 28.89  65.574233  63.936088   -100 -100.00 -100.00 -100.00
 123     7.172 55869.19580430 28.57  65.579696  63.935028 32.763 -100.00 -100.00 -100.00
 133     6.457 55968.35224549 19.85  65.563839  63.934520 10.082 -100.00 -100.00 -100.00
 133     6.663 55968.35224608 20.27  65.569303  63.933459 10.173 -100.00 -100.00 -100.00
 133     6.456 55968.35224667 26.33  65.574766  63.932399 26.671 -100.00 -100.00 -100.00
 133     6.806 55968.35224726 26.56  65.580228  63.931338 20.184 -100.00 -100.00 -100.00
 134     8.083 55978.26788224 16.67  65.564868  63.935512  5.540 -100.00 -100.00 -100.00
 134     6.523 55978.26788283 19.97  65.570332  63.934452  8.959 -100.00 -100.00 -100.00
 134     6.629 55978.26788342 25.70  65.575795  63.933392 19.118 -100.00 -100.00 -100.00
 134     6.467 55978.26788401 26.36  65.581257  63.932331 25.047 -100.00 -100.00 -100.00
 135     6.580 55988.18351828 18.81  65.565600  63.936959  7.993 -100.00 -100.00 -100.00
 135     6.686 55988.18351887 18.69  65.571064  63.935899  7.849 -100.00 -100.00 -100.00
 135     6.352 55988.18351946 20.81  65.576527  63.934839 11.625 -100.00 -100.00 -100.00
 136     7.802 55998.09915862 17.35  65.564847  63.937796  6.762 -100.00 -100.00 -100.00
 136     7.490 55998.09915921 17.05  65.570311  63.936736  7.309 -100.00 -100.00 -100.00
 136     7.220 55998.09915980 17.20  65.575774  63.935676  7.628 -100.00 -100.00 -100.00
 136     6.336 55998.09916039 25.27  65.581237  63.934616 22.545 -100.00 -100.00 -100.00
 137    11.555 56008.01480996 15.91  65.564644  63.936799  4.177 -100.00 -100.00 -100.00
 137     8.369 56008.01481055 16.86  65.570108  63.935739  5.875 -100.00 -100.00 -100.00
 137     8.903 56008.01481114 16.84  65.575570  63.934679  5.991 -100.00 -100.00 -100.00
 138    11.799 56017.93045711 12.45  65.564535  63.935488  6.195 -100.00 -100.00 -100.00
 138     6.037 56017.93045770 18.68  65.569998  63.934428 16.441 -100.00 -100.00 -100.00
 138     6.109 56017.93045829 18.83  65.575460  63.933368 17.384 -100.00 -100.00 -100.00
 138     6.905 56017.93045888 22.44  65.580922  63.932308 16.155 -100.00 -100.00 -100.00
 139     6.265 56027.84610124 27.51  65.564504  63.935044   -100 -100.00 -100.00 -100.00
 139     6.369 56027.84610183 26.54  65.569967  63.933984   -100 -100.00 -100.00 -100.00
 139     6.144 56027.84610242 29.03  65.575429  63.932924   -100 -100.00 -100.00 -100.00
 139     6.089 56027.84610301 28.26  65.580890  63.931864   -100 -100.00 -100.00 -100.00
 141    11.398 56047.67738379 37.73  65.564811  63.937646   -100 -100.00 -100.00 -100.00
 141    11.266 56047.67738438 33.56  65.570274  63.936586   -100 -100.00 -100.00 -100.00
 141    10.519 56047.67738497 33.77  65.575737  63.935525 31.909 -100.00 -100.00 -100.00
 141     9.689 56047.67738556 40.01  65.581199  63.934465  6.455 -100.00 -100.00 -100.00
 142    11.551 56057.59302123 37.00  65.564678  63.939417  0.138 -100.00 -100.00 -100.00
 142    11.531 56057.59302182 32.52  65.570141  63.938357   -100 -100.00 -100.00 -100.00
 142    11.589 56057.59302241 27.53  65.575605  63.937296 16.495 -100.00 -100.00 -100.00
 142    11.888 56057.59302300 25.84  65.581068  63.936236 12.009 -100.00 -100.00 -100.00
 143    11.391 56067.50865414 40.86  65.562210  63.940996 26.312 -100.00 -100.00 -100.00
 143    11.436 56067.50865473 31.77  65.567674  63.939936   -100 -100.00 -100.00 -100.00
 143    11.335 56067.50865532 23.91  65.573138  63.938876 15.097 -100.00 -100.00 -100.00
 143    11.729 56067.50865591 24.17  65.578602  63.937816 13.856 -100.00 -100.00 -100.00
 144    11.975 56077.42430392 26.90  65.563734  63.939886 17.614 -100.00 -100.00 -100.00
 144    11.139 56077.42430451 30.51  65.569198  63.938826   -100 -100.00 -100.00 -100.00
 144    11.163 56077.42430510 29.59  65.574662  63.937766   -100 -100.00 -100.00 -100.00
 144    11.391 56077.42430569 28.95  65.580126  63.936705 30.899 -100.00 -100.00 -100.00
 145    11.485 56087.33995264 38.48  65.562171  63.939373   -100 -100.00 -100.00 -100.00
 145    11.116 56087.33995323 31.27  65.567635  63.938313   -100 -100.00 -100.00 -100.00
 145    11.084 56087.33995382 29.69  65.573099  63.937252 32.132 -100.00 -100.00 -100.00
 145    11.019 56087.33995441 34.11  65.578562  63.936192   -100 -100.00 -100.00 -100.00
 146    11.253 56097.25559940 33.31  65.565448  63.938430  2.229 -100.00 -100.00 -100.00
 146    11.104 56097.25559999 23.36  65.570912  63.937370 21.333 -100.00 -100.00 -100.00
 146    10.958 56097.25560058 24.01  65.576375  63.936309 22.085 -100.00 -100.00 -100.00
 147    11.353 56107.17124328 39.92  65.561800  63.938741 27.110 -100.00 -100.00 -100.00
 147    11.546 56107.17124387 26.33  65.567264  63.937681 20.450 -100.00 -100.00 -100.00
 147    11.135 56107.17124446 27.23  65.572727  63.936621 27.270 -100.00 -100.00 -100.00
 147    11.391 56107.17124505 24.26  65.578190  63.935561 15.333 -100.00 -100.00 -100.00
 148    11.186 56117.08687326 42.15  65.562330  63.937695   -100 -100.00 -100.00 -100.00
 148     8.715 56117.08687385 45.74  65.567794  63.936635   -100 -100.00 -100.00 -100.00
 148     8.447 56117.08687444 46.03  65.573256  63.935575   -100 -100.00 -100.00 -100.00
 148     8.441 56117.08687503 41.30  65.578719  63.934515 31.774 -100.00 -100.00 -100.00
 149    11.266 56127.00251114 35.97  65.563174  63.936621 19.170 -100.00 -100.00 -100.00
 149    12.323 56127.00251173 21.83  65.568637  63.935561 15.781 -100.00 -100.00 -100.00
 149    11.011 56127.00251232 23.57  65.574100  63.934501 21.099 -100.00 -100.00 -100.00
 149    10.806 56127.00251291 20.38  65.579562  63.933441 11.194 -100.00 -100.00 -100.00
 150    11.154 56136.91814504 35.81  65.563007  63.936133 10.764 -100.00 -100.00 -100.00
 150    11.365 56136.91814563 25.50  65.568470  63.935073 20.164 -100.00 -100.00 -100.00
 150    10.945 56136.91814622 25.45  65.573932  63.934013 20.978 -100.00 -100.00 -100.00
 150    10.779 56136.91814681 22.66  65.579395  63.932953 11.847 -100.00 -100.00 -100.00
 151    10.917 56146.83378975 38.48  65.564355  63.935877  9.980 -100.00 -100.00 -100.00
 151    11.107 56146.83379034 25.04  65.569818  63.934817 22.215 -100.00 -100.00 -100.00
 151    10.844 56146.83379093 24.64  65.575281  63.933757 18.211 -100.00 -100.00 -100.00
 151     6.931 56146.83379153 27.19  65.580743  63.932697 29.033 -100.00 -100.00 -100.00
 152    11.269 56156.74943893 34.20  65.563512  63.936565   -100 -100.00 -100.00 -100.00
 152     6.600 56156.74943952 35.38  65.568975  63.935505   -100 -100.00 -100.00 -100.00
 152     6.617 56156.74944011 39.91  65.574438  63.934445 24.707 -100.00 -100.00 -100.00
 152     7.062 56156.74944070 38.72  65.579900  63.933384   -100 -100.00 -100.00 -100.00
 153     6.404 56166.66508730 45.95  65.563963  63.937004  5.198 -100.00 -100.00 -100.00
 153     6.755 56166.66508789 45.94  65.569426  63.935944   -100 -100.00 -100.00 -100.00
 153     6.202 56166.66508848 46.81  65.574889  63.934884 19.645 -100.00 -100.00 -100.00
 153     6.344 56166.66508907 42.77  65.580351  63.933823   -100 -100.00 -100.00 -100.00
 154    11.130 56176.58073305 38.37  65.561936  63.937129 10.780 -100.00 -100.00 -100.00
 154    10.825 56176.58073364 30.02  65.567400  63.936069 30.774 -100.00 -100.00 -100.00
 154     6.183 56176.58073423 34.96  65.572863  63.935009  2.483 -100.00 -100.00 -100.00
 154     6.125 56176.58073482 37.14  65.578326  63.933949  9.687 -100.00 -100.00 -100.00
 155    11.143 56186.49637464 29.20  65.566346  63.935706   -100 -100.00 -100.00 -100.00
 155    10.827 56186.49637523 25.47  65.571809  63.934646 29.595 -100.00 -100.00 -100.00
 155    10.877 56186.49637582 18.17  65.577272  63.933585  8.267 -100.00 -100.00 -100.00
 156    10.915 56196.41201178 37.96  65.563991  63.935749 18.102 -100.00 -100.00 -100.00
 156    12.200 56196.41201237 20.14  65.569455  63.934689 11.733 -100.00 -100.00 -100.00
 156    11.047 56196.41201296 19.32  65.574918  63.933629 10.085 -100.00 -100.00 -100.00
 156    10.449 56196.41201355 18.64  65.580381  63.932568  8.598 -100.00 -100.00 -100.00
 157     6.968 56206.32764603 38.50  65.563143  63.936816   -100 -100.00 -100.00 -100.00
 157    10.767 56206.32764662 31.83  65.568607  63.935756 25.946 -100.00 -100.00 -100.00
 157     6.654 56206.32764721 30.78  65.574071  63.934696   -100 -100.00 -100.00 -100.00
 157     6.858 56206.32764780 33.24  65.579534  63.933635   -100 -100.00 -100.00 -100.00
 158    11.000 56216.24327866 38.67  65.561530  63.939182 16.668 -100.00 -100.00 -100.00
 158     7.372 56216.24327925 40.74  65.566995  63.938122 29.477 -100.00 -100.00 -100.00
 158     7.163 56216.24327984 46.79  65.572459  63.937062   -100 -100.00 -100.00 -100.00
 158     6.956 56216.24328043 50.23  65.577923  63.936002   -100 -100.00 -100.00 -100.00
 159    11.548 56226.15891955 18.56  65.566481  63.940017  5.619 -100.00 -100.00 -100.00
 159    11.177 56226.15892014 18.33  65.571946  63.938957  6.619 -100.00 -100.00 -100.00
 159    11.121 56226.15892073 18.44  65.577410  63.937897  7.276 -100.00 -100.00 -100.00
 160     6.845 56236.07457476 40.63  65.566321  63.939908   -100 -100.00 -100.00 -100.00
 160     7.427 56236.07457535 43.71  65.571785  63.938848 27.783 -100.00 -100.00 -100.00
 160     6.712 56236.07457594 48.10  65.577249  63.937788 20.486 -100.00 -100.00 -100.00
 161     7.013 56245.99022610 33.91  65.565639  63.939119   -100 -100.00 -100.00 -100.00
 161     7.001 56245.99022669 35.50  65.571103  63.938059   -100 -100.00 -100.00 -100.00
 161     6.887 56245.99022728 35.78  65.576567  63.936999   -100 -100.00 -100.00 -100.00
 162     7.196 56255.90587203 27.60  65.562506  63.938979 18.238 -100.00 -100.00 -100.00
 162     7.181 56255.90587262 28.53  65.567970  63.937919 20.527 -100.00 -100.00 -100.00
 162     7.141 56255.90587321 29.62  65.573433  63.936859 26.437 -100.00 -100.00 -100.00
 162     7.292 56255.90587380 29.50  65.578896  63.935799 25.830 -100.00 -100.00 -100.00
 163     7.197 56265.82151453 24.77  65.564223  63.938899 15.763 -100.00 -100.00 -100.00
 163     7.299 56265.82151512 25.09  65.569687  63.937839 16.111 -100.00 -100.00 -100.00
 163     7.196 56265.82151571 24.61  65.575150  63.936779 15.540 -100.00 -100.00 -100.00
 163     7.102 56265.82151630 26.16  65.580613  63.935718 19.610 -100.00 -100.00 -100.00
 164     7.005 56275.73715507 23.12  65.563942  63.939432 12.116 -100.00 -100.00 -100.00
 164     7.221 56275.73715566 24.08  65.569406  63.938372 15.207 -100.00 -100.00 -100.00
 164     7.112 56275.73715625 24.45  65.574870  63.937312 16.005 -100.00 -100.00 -100.00
 164     7.024 56275.73715684 25.05  65.580333  63.936251 15.610 -100.00 -100.00 -100.00
 165     6.863 56285.65280130 24.74  65.565279  63.938521 17.721 -100.00 -100.00 -100.00
 165     6.920 56285.65280189 22.74  65.570743  63.937461 12.440 -100.00 -100.00 -100.00
 165     6.788 56285.65280248 23.64  65.576207  63.936400 15.810 -100.00 -100.00 -100.00
 166     6.664 56295.56845164 22.56  65.564088  63.936653 12.938 -100.00 -100.00 -100.00
 166     6.626 56295.56845223 23.23  65.569552  63.935593 14.083 -100.00 -100.00 -100.00
 166     6.622 56295.56845282 23.90  65.575015  63.934533 15.145 -100.00 -100.00 -100.00
 166     6.792 56295.56845341 23.23  65.580478  63.933472 12.704 -100.00 -100.00 -100.00
 167     6.573 56305.48409806 17.81  65.564515  63.934278  7.266 -100.00 -100.00 -100.00
 167     6.495 56305.48409865 19.41  65.569978  63.933218 10.911 -100.00 -100.00 -100.00
 167     6.647 56305.48409924 19.14  65.575441  63.932157  9.860 -100.00 -100.00 -100.00
 167     6.633 56305.48409983 19.84  65.580903  63.931097 11.192 -100.00 -100.00 -100.00
 168     9.197 56315.39974087 14.91  65.564397  63.933644  5.692 -100.00 -100.00 -100.00
 168     7.656 56315.39974146 15.24  65.569860  63.932584  6.555 -100.00 -100.00 -100.00
 168     6.348 56315.39974205 17.04  65.575323  63.931524  9.682 -100.00 -100.00 -100.00
 168     7.757 56315.39974264 15.28  65.580785  63.930463  6.644 -100.00 -100.00 -100.00
 169     9.261 56325.31538143 14.24  65.561978  63.935536  4.811 -100.00 -100.00 -100.00
 169     8.903 56325.31538202 15.55  65.567442  63.934476  6.500 -100.00 -100.00 -100.00
 169     6.235 56325.31538261 15.53  65.572905  63.933415  6.479 -100.00 -100.00 -100.00
 169     7.012 56325.31538320 15.61  65.578368  63.932355  7.088 -100.00 -100.00 -100.00
 170     9.044 56335.23102144 14.47  65.562429  63.937468  4.519 -100.00 -100.00 -100.00
 170     8.579 56335.23102203 14.92  65.567893  63.936407  6.335 -100.00 -100.00 -100.00
 170     8.028 56335.23102262 15.47  65.573356  63.935347  6.322 -100.00 -100.00 -100.00
 170     7.599 56335.23102321 15.00  65.578819  63.934287  5.752 -100.00 -100.00 -100.00
 171     8.958 56345.14666066 12.19  65.563832  63.937985  4.077 -100.00 -100.00 -100.00
 171     8.482 56345.14666125 13.05  65.569296  63.936925  5.052 -100.00 -100.00 -100.00
 171     8.377 56345.14666184 12.84  65.574759  63.935865  5.516 -100.00 -100.00 -100.00
 171     8.543 56345.14666243 12.87  65.580222  63.934804  5.345 -100.00 -100.00 -100.00
 172    10.636 56355.06229738 11.46  65.562679  63.937608  4.430 -100.00 -100.00 -100.00
 172     8.227 56355.06229797 12.86  65.568142  63.936548  5.777 -100.00 -100.00 -100.00
 172     8.477 56355.06229856 12.63  65.573606  63.935488  5.592 -100.00 -100.00 -100.00
 172     8.120 56355.06229915 12.88  65.579068  63.934428  5.782 -100.00 -100.00 -100.00
 173    11.638 56364.97794315 12.14  65.564402  63.935680  3.726 -100.00 -100.00 -100.00
 173    10.809 56364.97794374 12.65  65.569865  63.934621  4.397 -100.00 -100.00 -100.00
 173    10.355 56364.97794433 12.42  65.575327  63.933561  4.531 -100.00 -100.00 -100.00
 173     8.464 56364.97794492 14.43  65.580789  63.932500  7.116 -100.00 -100.00 -100.00
 174    11.908 56374.89359204 12.44  65.563872  63.935193  3.919 -100.00 -100.00 -100.00
 174    11.542 56374.89359263 12.62  65.569335  63.934133  4.703 -100.00 -100.00 -100.00
 174    10.552 56374.89359322 12.45  65.574797  63.933073  4.211 -100.00 -100.00 -100.00
 174    10.829 56374.89359381 12.84  65.580259  63.932012  4.446 -100.00 -100.00 -100.00
 176    12.589 56394.72488150 12.23  65.564558  63.938254  3.060 -100.00 -100.00 -100.00
 176    12.398 56394.72488209 12.20  65.570022  63.937193  3.088 -100.00 -100.00 -100.00
 176    12.437 56394.72488268 12.31  65.575484  63.936133  3.204 -100.00 -100.00 -100.00
 176    12.374 56394.72488327 12.10  65.580946  63.935072  3.030 -100.00 -100.00 -100.00
 177     6.190 56404.64052331 22.85  65.565597  63.939274 32.718 -100.00 -100.00 -100.00
 177     6.089 56404.64052390 22.87  65.571060  63.938214   -100 -100.00 -100.00 -100.00
 177     5.852 56404.64052449 26.70  65.576524  63.937154   -100 -100.00 -100.00 -100.00
 178    11.687 56414.55616198 31.86  65.565320  63.939616 18.188 -100.00 -100.00 -100.00
 178    11.792 56414.55616257 31.50  65.570784  63.938556 23.613 -100.00 -100.00 -100.00
 178    12.154 56414.55616316 31.01  65.576247  63.937495 20.746 -100.00 -100.00 -100.00
 179    12.139 56424.47179562 38.63  65.562798  63.939756   -100 -100.00 -100.00 -100.00
 179    12.309 56424.47179621 33.92  65.568262  63.938696 31.289 -100.00 -100.00 -100.00
 179    12.312 56424.47179680 33.42  65.573726  63.937636 29.654 -100.00 -100.00 -100.00
 179    12.310 56424.47179739 35.01  65.579189  63.936576   -100 -100.00 -100.00 -100.00
 180    11.962 56434.38744207 36.64  65.564557  63.938723  0.303 -100.00 -100.00 -100.00
 180    11.952 56434.38744266 30.27  65.570021  63.937663   -100 -100.00 -100.00 -100.00
 180    11.941 56434.38744325 28.28  65.575484  63.936603 19.259 -100.00 -100.00 -100.00
 180    11.819 56434.38744384 30.00  65.580947  63.935543 27.324 -100.00 -100.00 -100.00
 181    12.019 56444.30309422 38.36  65.564173  63.938318  8.203 -100.00 -100.00 -100.00
 181    11.986 56444.30309481 32.25  65.569637  63.937257   -100 -100.00 -100.00 -100.00
 181    11.979 56444.30309540 26.95  65.575100  63.936197 16.000 -100.00 -100.00 -100.00
 181    12.274 56444.30309600 28.22  65.580563  63.935137 20.635 -100.00 -100.00 -100.00
 182    12.055 56454.21874378 38.50  65.563420  63.938873  2.598 -100.00 -100.00 -100.00
 182    12.005 56454.21874437 37.53  65.568883  63.937813  3.753 -100.00 -100.00 -100.00
 182    12.307 56454.21874496 35.71  65.574347  63.936752   -100 -100.00 -100.00 -100.00
 182    12.415 56454.21874555 36.71  65.579809  63.935691   -100 -100.00 -100.00 -100.00
 183    12.026 56464.13439072 37.30  65.563552  63.938248  7.405 -100.00 -100.00 -100.00
 183    12.028 56464.13439131 32.01  65.569015  63.937188   -100 -100.00 -100.00 -100.00
 183    12.027 56464.13439190 27.14  65.574478  63.936127 18.286 -100.00 -100.00 -100.00
 183    12.086 56464.13439249 26.19  65.579941  63.935066 16.953 -100.00 -100.00 -100.00
 184    12.116 56474.05003422 37.94  65.563219  63.936535 15.353 -100.00 -100.00 -100.00
 184    12.124 56474.05003481 28.89  65.568682  63.935475   -100 -100.00 -100.00 -100.00
 184    12.147 56474.05003540 25.24  65.574144  63.934415 14.865 -100.00 -100.00 -100.00
 184    12.457 56474.05003599 29.27  65.579606  63.933354 25.600 -100.00 -100.00 -100.00
 185    12.612 56483.96567454 49.17  65.564958  63.934190   -100 -100.00 -100.00 -100.00
 185    12.582 56483.96567513 51.93  65.570420  63.933130   -100 -100.00 -100.00 -100.00
 185    12.435 56483.96567572 54.07  65.575882  63.932069 11.759 -100.00 -100.00 -100.00
 185    12.259 56483.96567632 55.31  65.581343  63.931009   -100 -100.00 -100.00 -100.00
 187    11.951 56503.79694567 28.19  65.566711  63.935558 27.429 -100.00 -100.00 -100.00
 187    11.970 56503.79694626 23.66  65.572174  63.934498 10.396 -100.00 -100.00 -100.00
 187    12.314 56503.79694685 23.69  65.577636  63.933437  9.256 -100.00 -100.00 -100.00
 188    12.722 56513.71257788 45.00  65.563926  63.939168 22.650 -100.00 -100.00 -100.00
 188    12.208 56513.71257847 49.26  65.569390  63.938108   -100 -100.00 -100.00 -100.00
 188    11.783 56513.71257906 53.39  65.574853  63.937048   -100 -100.00 -100.00 -100.00
 188    11.782 56513.71257965 51.76  65.580316  63.935988   -100 -100.00 -100.00 -100.00
 189    11.794 56523.62822803 29.94  65.564559  63.939534 26.935 -100.00 -100.00 -100.00
 189    11.502 56523.62822862 24.99  65.570024  63.938474 16.738 -100.00 -100.00 -100.00
 189    11.484 56523.62822921 22.60  65.575487  63.937414 10.915 -100.00 -100.00 -100.00
 189    11.696 56523.62822980 21.75  65.580951  63.936354  8.604 -100.00 -100.00 -100.00
 190    11.482 56533.54387956 39.70  65.561640  63.938342   -100 -100.00 -100.00 -100.00
 190    11.594 56533.54388015 29.57  65.567104  63.937282 12.014 -100.00 -100.00 -100.00
 190     8.589 56533.54388075 32.22  65.572568  63.936222 18.214 -100.00 -100.00 -100.00
 190     8.666 56533.54388134 35.94  65.578031  63.935162 28.264 -100.00 -100.00 -100.00
 192    11.369 56553.37517283 29.63  65.565133  63.934813   -100 -100.00 -100.00 -100.00
 192    11.355 56553.37517342 24.99  65.570596  63.933753 23.162 -100.00 -100.00 -100.00
 192    11.070 56553.37517401 24.55  65.576060  63.932693 18.076 -100.00 -100.00 -100.00
 192    11.143 56553.37517460 20.76  65.581522  63.931632 10.213 -100.00 -100.00 -100.00
 193    11.287 56563.29081527 35.25  65.563696  63.936959  9.200 -100.00 -100.00 -100.00
 193    11.458 56563.29081586 25.68  65.569160  63.935899 20.088 -100.00 -100.00 -100.00
 193    11.088 56563.29081645 23.37  65.574623  63.934839 17.026 -100.00 -100.00 -100.00
 193    11.152 56563.29081704 19.99  65.580087  63.933778  8.924 -100.00 -100.00 -100.00
 194    11.625 56573.20645639 37.95  65.562114  63.940006 32.727 -100.00 -100.00 -100.00
 194    11.198 56573.20645698 33.74  65.567578  63.938946   -100 -100.00 -100.00 -100.00
 194    11.251 56573.20645757 28.52  65.573042  63.937885 21.333 -100.00 -100.00 -100.00
 194     8.764 56573.20645816 29.10  65.578506  63.936825 22.824 -100.00 -100.00 -100.00
 195     7.063 56583.12209566 35.52  65.563307  63.941532 27.456 -100.00 -100.00 -100.00
 195     7.082 56583.12209625 34.77  65.568772  63.940472 24.988 -100.00 -100.00 -100.00
 195     6.915 56583.12209684 33.57  65.574236  63.939412 22.637 -100.00 -100.00 -100.00
 195     6.959 56583.12209743 32.72  65.579700  63.938351 20.161 -100.00 -100.00 -100.00
 196     7.668 56593.03773040 39.18  65.562778  63.941578 29.234 -100.00 -100.00 -100.00
 196     8.107 56593.03773099 40.88  65.568243  63.940518 21.751 -100.00 -100.00 -100.00
 196     7.640 56593.03773158 48.17  65.573707  63.939458   -100 -100.00 -100.00 -100.00
 196     7.140 56593.03773217 53.30  65.579171  63.938397   -100 -100.00 -100.00 -100.00
 197     8.983 56602.95338272 36.09  65.564886  63.938898   -100 -100.00 -100.00 -100.00
 197     9.276 56602.95338331 37.07  65.570350  63.937838   -100 -100.00 -100.00 -100.00
 197     9.158 56602.95338390 38.80  65.575814  63.936777   -100 -100.00 -100.00 -100.00
 197     9.081 56602.95338449 40.92  65.581277  63.935717   -100 -100.00 -100.00 -100.00
 198     9.566 56612.86903201 35.37  65.565392  63.937303 32.520 -100.00 -100.00 -100.00
 198     9.372 56612.86903260 37.02  65.570855  63.936243   -100 -100.00 -100.00 -100.00
 198     9.315 56612.86903319 35.27  65.576318  63.935182   -100 -100.00 -100.00 -100.00
 199     9.037 56622.78467680 31.61  65.565609  63.937788   -100 -100.00 -100.00 -100.00
 199     8.848 56622.78467739 31.64  65.571072  63.936728   -100 -100.00 -100.00 -100.00
 199     9.006 56622.78467798 28.75  65.576535  63.935667 21.043 -100.00 -100.00 -100.00
 200     8.038 56632.70031868 26.19  65.566161  63.938629 19.608 -100.00 -100.00 -100.00
 200     8.177 56632.70031927 27.62  65.571625  63.937568 21.584 -100.00 -100.00 -100.00
 200     7.855 56632.70031986 28.91  65.577088  63.936508 30.294 -100.00 -100.00 -100.00
 201    10.752 56642.61595562 14.28  65.562074  63.939786  3.964 -100.00 -100.00 -100.00
 201    10.429 56642.61595621 14.48  65.567538  63.938726  4.387 -100.00 -100.00 -100.00
 201    10.741 56642.61595681 14.31  65.573002  63.937666  4.106 -100.00 -100.00 -100.00
 201     8.555 56642.61595740 14.70  65.578466  63.936606  4.526 -100.00 -100.00 -100.00
 202    10.835 56652.53160606 14.34  65.563846  63.937189  3.730 -100.00 -100.00 -100.00
 202    10.950 56652.53160665 14.62  65.569310  63.936128  4.382 -100.00 -100.00 -100.00
 202     9.109 56652.53160724 14.79  65.574774  63.935068  4.585 -100.00 -100.00 -100.00
 202     8.995 56652.53160783 15.10  65.580237  63.934007  4.980 -100.00 -100.00 -100.00
 203    11.544 56662.44725571 14.35  65.563328  63.934676  3.620 -100.00 -100.00 -100.00
 203    11.247 56662.44725630 14.42  65.568791  63.933616  3.594 -100.00 -100.00 -100.00
 203    11.109 56662.44725689 14.33  65.574255  63.932556  3.605 -100.00 -100.00 -100.00
 203    10.632 56662.44725748 14.56  65.579717  63.931495  4.132 -100.00 -100.00 -100.00
 204    12.015 56672.36290228 15.29  65.561715  63.933946  3.706 -100.00 -100.00 -100.00
 204    11.290 56672.36290287 16.02  65.567179  63.932886  5.083 -100.00 -100.00 -100.00
 204    10.814 56672.36290346 15.96  65.572642  63.931826  4.943 -100.00 -100.00 -100.00
 204    10.793 56672.36290405 16.48  65.578104  63.930765  5.500 -100.00 -100.00 -100.00
 205    11.643 56682.27854758 11.51  65.564905  63.935016  3.608 -100.00 -100.00 -100.00
 205    11.716 56682.27854817 11.20  65.570369  63.933955  3.531 -100.00 -100.00 -100.00
 205    11.240 56682.27854877 11.48  65.575832  63.932895  3.388 -100.00 -100.00 -100.00
 205    11.294 56682.27854936 11.77  65.581294  63.931834  3.594 -100.00 -100.00 -100.00
 206    11.837 56692.19419058 11.33  65.565970  63.937107  3.509 -100.00 -100.00 -100.00
 206    11.289 56692.19419117 11.48  65.571434  63.936046  3.379 -100.00 -100.00 -100.00
 206    11.122 56692.19419176 11.12  65.576897  63.934986  3.215 -100.00 -100.00 -100.00
 207    11.495 56702.10982962 11.48  65.566431  63.938471  3.268 -100.00 -100.00 -100.00
 207    10.878 56702.10983021 11.58  65.571894  63.937411  3.330 -100.00 -100.00 -100.00
 207    10.788 56702.10983080 11.43  65.577358  63.936351  3.457 -100.00 -100.00 -100.00
 208    11.784 56712.02546383 12.60  65.566810  63.937734  3.213 -100.00 -100.00 -100.00
 208    11.231 56712.02546442 13.03  65.572274  63.936675  4.083 -100.00 -100.00 -100.00
 208    11.408 56712.02546501 12.49  65.577737  63.935614  2.627 -100.00 -100.00 -100.00
 209   -12.953 56721.94110974  9.90  65.565828  63.935982  2.396 -100.00 -100.00 -100.00
 209   -11.122 56721.94111033  9.96  65.571291  63.934922  2.076 -100.00 -100.00 -100.00
 209    -9.200 56721.94111092 10.30  65.576753  63.933862  2.518 -100.00 -100.00 -100.00
 210    12.100 56731.85676117 12.41  65.564927  63.935104  3.116 -100.00 -100.00 -100.00
 210    12.264 56731.85676176 12.40  65.570389  63.934044  3.031 -100.00 -100.00 -100.00
 210    12.159 56731.85676235 12.56  65.575851  63.932984  3.650 -100.00 -100.00 -100.00
 210    11.512 56731.85676294 12.52  65.581313  63.931923  3.719 -100.00 -100.00 -100.00
 211    13.050 56741.77240867  9.60  65.564132  63.936913  3.319 -100.00 -100.00 -100.00
 211    12.900 56741.77240926  9.64  65.569595  63.935853  3.343 -100.00 -100.00 -100.00
 211    12.679 56741.77240985  9.97  65.575058  63.934792  3.056 -100.00 -100.00 -100.00
 211    12.797 56741.77241044 10.13  65.580520  63.933732  3.593 -100.00 -100.00 -100.00
 212    12.612 56751.68805194 11.28  65.565110  63.939359  2.866 -100.00 -100.00 -100.00
 212    12.819 56751.68805253 11.35  65.570573  63.938299  3.490 -100.00 -100.00 -100.00
 212    12.895 56751.68805312 11.45  65.576036  63.937238  3.494 -100.00 -100.00 -100.00
 212    12.788 56751.68805371 11.47  65.581499  63.936178  3.193 -100.00 -100.00 -100.00
 213    12.381 56761.60368983  8.26  65.563309  63.941480  4.671 -100.00 -100.00 -100.00
 213    12.389 56761.60369042  8.33  65.568773  63.940420  4.926 -100.00 -100.00 -100.00
 213    12.464 56761.60369101  8.68  65.574237  63.939360  4.175 -100.00 -100.00 -100.00
 213    12.641 56761.60369160  9.46  65.579701  63.938299  6.180 -100.00 -100.00 -100.00
 214    11.654 56771.51932132 22.53  65.563236  63.941510 14.349 -100.00 -100.00 -100.00
 214    11.500 56771.51932191 23.55  65.568701  63.940450 16.692 -100.00 -100.00 -100.00
 214    11.387 56771.51932250 20.49  65.574165  63.939390 11.353 -100.00 -100.00 -100.00
 214    11.885 56771.51932309 19.82  65.579629  63.938330 10.729 -100.00 -100.00 -100.00
 215    11.669 56781.43497738 30.96  65.566152  63.938259 17.429 -100.00 -100.00 -100.00
 215    11.957 56781.43497797 28.85  65.571615  63.937199 15.168 -100.00 -100.00 -100.00
 215    12.341 56781.43497856 28.92  65.577079  63.936138 15.830 -100.00 -100.00 -100.00
 216    72.830 56791.35063268 16.95  65.570589  63.935407 31.490 -100.00 -100.00 -100.00
 216    97.157 56791.35063327 11.03  65.576051  63.934347 14.131 -100.00 -100.00 -100.00
 217    12.723 56801.26628363 37.09  65.563472  63.936382   -100 -100.00 -100.00 -100.00
 217    12.504 56801.26628422 31.40  65.568935  63.935322 24.356 -100.00 -100.00 -100.00
 217    12.512 56801.26628481 29.89  65.574398  63.934262 17.673 -100.00 -100.00 -100.00
 217    12.797 56801.26628540 31.77  65.579860  63.933201 21.230 -100.00 -100.00 -100.00
 218    12.746 56811.18192834 37.92  65.565561  63.936937   -100 -100.00 -100.00 -100.00
 218    12.716 56811.18192893 30.48  65.571024  63.935877 17.371 -100.00 -100.00 -100.00
 218    12.687 56811.18192952 32.19  65.576486  63.934816 25.636 -100.00 -100.00 -100.00
 219    13.327 56821.09756848 51.57  65.566360  63.937201   -100 -100.00 -100.00 -100.00
 219    13.009 56821.09756907 53.42  65.571823  63.936141 18.675 -100.00 -100.00 -100.00
 219    13.001 56821.09756966 55.49  65.577286  63.935080 28.582 -100.00 -100.00 -100.00
 220   -11.956 56831.01320444 17.55  65.565540  63.936471  2.618 -100.00 -100.00 -100.00
 220   -10.082 56831.01320503 17.81  65.571003  63.935411  2.306 -100.00 -100.00 -100.00
 220    -8.145 56831.01320562 17.82  65.576465  63.934351  2.881 -100.00 -100.00 -100.00
 221    12.928 56840.92883697 31.97  65.563433  63.935624 23.374 -100.00 -100.00 -100.00
 221    12.940 56840.92883756 30.04  65.568896  63.934564 17.455 -100.00 -100.00 -100.00
 221    12.821 56840.92883815 27.91  65.574358  63.933504  9.893 -100.00 -100.00 -100.00
 221    13.070 56840.92883875 26.95  65.579820  63.932443  8.828 -100.00 -100.00 -100.00
 222    13.053 56850.84447322 32.98  65.563449  63.935403 23.322 -100.00 -100.00 -100.00
 222    12.924 56850.84447381 29.45  65.568912  63.934343 13.051 -100.00 -100.00 -100.00
 222    12.851 56850.84447440 28.63  65.574374  63.933283 10.458 -100.00 -100.00 -100.00
 222    12.922 56850.84447499 29.50  65.579836  63.932223 13.091 -100.00 -100.00 -100.00
 223    12.959 56860.76012757 30.77  65.563753  63.935962 17.569 -100.00 -100.00 -100.00
 223    12.832 56860.76012816 30.23  65.569216  63.934902 16.980 -100.00 -100.00 -100.00
 223    12.692 56860.76012875 28.71  65.574678  63.933842 12.967 -100.00 -100.00 -100.00
 223    12.825 56860.76012934 29.15  65.580140  63.932782 13.371 -100.00 -100.00 -100.00
 224    13.002 56870.67578097 52.60  65.563027  63.937728   -100 -100.00 -100.00 -100.00
 224    13.055 56870.67578156 54.51  65.568490  63.936668   -100 -100.00 -100.00 -100.00
 224    12.710 56870.67578215 55.45  65.573953  63.935608 20.209 -100.00 -100.00 -100.00
 224    12.672 56870.67578274 57.22  65.579416  63.934547   -100 -100.00 -100.00 -100.00
 225    12.017 56880.59143195 32.18  65.564735  63.938032   -100 -100.00 -100.00 -100.00
 225    11.987 56880.59143254 36.83  65.570199  63.936972   -100 -100.00 -100.00 -100.00
 225    11.937 56880.59143313 39.16  65.575662  63.935911  4.627 -100.00 -100.00 -100.00
 225    12.352 56880.59143372 40.08  65.581124  63.934850   -100 -100.00 -100.00 -100.00
 226    11.581 56890.50707900 33.77  65.562498  63.937498   -100 -100.00 -100.00 -100.00
 226    11.265 56890.50707959 36.91  65.567961  63.936438  6.068 -100.00 -100.00 -100.00
 226    11.328 56890.50708018 27.89  65.573425  63.935377 22.395 -100.00 -100.00 -100.00
 226    11.768 56890.50708077 22.91  65.578888  63.934317  9.380 -100.00 -100.00 -100.00
 227    11.504 56900.42272391 30.61  65.566141  63.935076 25.809 -100.00 -100.00 -100.00
 227    11.243 56900.42272450 24.88  65.571604  63.934016 12.821 -100.00 -100.00 -100.00
 227    11.233 56900.42272509 24.37  65.577067  63.932955 10.471 -100.00 -100.00 -100.00
 228    11.636 56910.33836599 32.24  65.563671  63.935402 30.325 -100.00 -100.00 -100.00
 228    11.214 56910.33836658 29.79  65.569134  63.934342 28.932 -100.00 -100.00 -100.00
 228    11.241 56910.33836717 24.36  65.574597  63.933281 11.384 -100.00 -100.00 -100.00
 228    11.212 56910.33836776 24.11  65.580060  63.932220 13.340 -100.00 -100.00 -100.00
 229    11.566 56920.25400661 34.83  65.563985  63.937100   -100 -100.00 -100.00 -100.00
 229    11.248 56920.25400720 28.56  65.569449  63.936040 26.008 -100.00 -100.00 -100.00
 229    11.246 56920.25400780 25.93  65.574912  63.934979 18.838 -100.00 -100.00 -100.00
 229    11.312 56920.25400839 23.57  65.580374  63.933918 13.206 -100.00 -100.00 -100.00
 230    11.121 56930.16964500 37.52  65.563868  63.939825 25.563 -100.00 -100.00 -100.00
 230     9.333 56930.16964560 39.93  65.569332  63.938765 28.254 -100.00 -100.00 -100.00
 230     8.843 56930.16964619 46.35  65.574796  63.937705  5.512 -100.00 -100.00 -100.00
 230     8.915 56930.16964678 45.25  65.580259  63.936644   -100 -100.00 -100.00 -100.00
 231    11.665 56940.08527890 32.13  65.565866  63.941083   -100 -100.00 -100.00 -100.00
 231    11.442 56940.08527949 26.79  65.571330  63.940023 16.478 -100.00 -100.00 -100.00
 231    11.307 56940.08528008 25.55  65.576794  63.938963 15.807 -100.00 -100.00 -100.00
 232    11.192 56950.00091672 29.54  65.565126  63.940924 26.130 -100.00 -100.00 -100.00
 232    11.699 56950.00091731 23.58  65.570590  63.939864  8.854 -100.00 -100.00 -100.00
 232    11.179 56950.00091790 24.35  65.576054  63.938804 11.362 -100.00 -100.00 -100.00
 233     9.835 56959.91656911 34.28  65.565599  63.938462 22.403 -100.00 -100.00 -100.00
 233     9.280 56959.91656970 36.53  65.571063  63.937402   -100 -100.00 -100.00 -100.00
 233     9.156 56959.91657029 39.59  65.576526  63.936341  1.646 -100.00 -100.00 -100.00
 234     8.518 56969.83221601 18.65  65.563179  63.937437  8.593 -100.00 -100.00 -100.00
 234     8.563 56969.83221660 18.84  65.568642  63.936377 10.495 -100.00 -100.00 -100.00
 234     8.671 56969.83221719 19.07  65.574105  63.935317 10.518 -100.00 -100.00 -100.00
 234     8.559 56969.83221778 20.22  65.579568  63.934256 12.705 -100.00 -100.00 -100.00
 235     8.948 56979.74785895 18.11  65.562050  63.937703  8.426 -100.00 -100.00 -100.00
 235     8.960 56979.74785954 18.51  65.567514  63.936643  8.317 -100.00 -100.00 -100.00
 235     8.867 56979.74786013 19.40  65.572977  63.935582  9.973 -100.00 -100.00 -100.00
 235     8.949 56979.74786072 19.17  65.578440  63.934522  9.501 -100.00 -100.00 -100.00
 236     9.148 56989.66349746 16.00  65.561747  63.938675  6.488 -100.00 -100.00 -100.00
 236     9.112 56989.66349805 16.80  65.567211  63.937615  7.076 -100.00 -100.00 -100.00
 236     9.209 56989.66349864 16.90  65.572675  63.936555  7.329 -100.00 -100.00 -100.00
 236     9.088 56989.66349923 18.29  65.578138  63.935495  9.776 -100.00 -100.00 -100.00
 237     9.309 56999.57912983 12.36  65.562830  63.939206  4.623 -100.00 -100.00 -100.00
 237     9.230 56999.57913042 14.27  65.568295  63.938146  6.787 -100.00 -100.00 -100.00
 237     9.258 56999.57913101 13.93  65.573759  63.937086  6.151 -100.00 -100.00 -100.00
 237     9.227 56999.57913160 14.28  65.579222  63.936026  6.924 -100.00 -100.00 -100.00
 238     9.016 57009.49478323 13.27  65.566610  63.937007  5.659 -100.00 -100.00 -100.00
 238     9.329 57009.49478382 12.50  65.572074  63.935947  3.712 -100.00 -100.00 -100.00
 238     9.088 57009.49478441 13.87  65.577537  63.934886  6.021 -100.00 -100.00 -100.00
 239    11.819 57019.41043573 14.23  65.565961  63.935235  3.261 -100.00 -100.00 -100.00
 239    11.404 57019.41043632 14.31  65.571425  63.934175  3.550 -100.00 -100.00 -100.00
 239    11.231 57019.41043691 14.87  65.576888  63.933114  4.615 -100.00 -100.00 -100.00
 240    11.622 57029.32608516 11.56  65.565516  63.934617  3.308 -100.00 -100.00 -100.00
 240    10.807 57029.32608575 12.66  65.570979  63.933557  4.793 -100.00 -100.00 -100.00
 240    10.461 57029.32608634 12.70  65.576442  63.932497  5.355 -100.00 -100.00 -100.00
 240    11.007 57029.32608693 12.11  65.581904  63.931436  4.044 -100.00 -100.00 -100.00
 241    11.447 57039.24173257 12.38  65.562685  63.935921  4.144 -100.00 -100.00 -100.00
 241    11.131 57039.24173316 12.37  65.568148  63.934861  4.013 -100.00 -100.00 -100.00
 241    11.235 57039.24173375 12.15  65.573611  63.933801  3.965 -100.00 -100.00 -100.00
 241    10.771 57039.24173434 12.07  65.579074  63.932740  3.426 -100.00 -100.00 -100.00
 242    11.890 57049.15737822 12.82  65.565328  63.936894  4.552 -100.00 -100.00 -100.00
 242    11.844 57049.15737881 12.25  65.570791  63.935834  3.664 -100.00 -100.00 -100.00
 242    11.080 57049.15737940 13.00  65.576254  63.934773  5.059 -100.00 -100.00 -100.00
 243    11.538 57059.07301957 11.20  65.564435  63.938152  4.072 -100.00 -100.00 -100.00
 243    10.967 57059.07302016 11.51  65.569898  63.937092  4.966 -100.00 -100.00 -100.00
 243    11.000 57059.07302075 10.95  65.575362  63.936031  3.884 -100.00 -100.00 -100.00
 243    10.470 57059.07302134 11.97  65.580824  63.934971  5.417 -100.00 -100.00 -100.00
 244    12.002 57068.98865523 11.93  65.562811  63.938638  3.959 -100.00 -100.00 -100.00
 244    11.987 57068.98865582 11.86  65.568275  63.937578  3.667 -100.00 -100.00 -100.00
 244    11.556 57068.98865641 12.59  65.573738  63.936518  5.289 -100.00 -100.00 -100.00
 244    11.189 57068.98865700 12.22  65.579201  63.935457  4.212 -100.00 -100.00 -100.00
 245    11.654 57078.90428706 11.34  65.565885  63.938054  4.548 -100.00 -100.00 -100.00
 245    11.342 57078.90428765 11.48  65.571349  63.936994  4.303 -100.00 -100.00 -100.00
 245    10.474 57078.90428824 12.12  65.576812  63.935934  5.264 -100.00 -100.00 -100.00
 246    12.847 57088.81992298 14.20  65.565120  63.938790  3.134 -100.00 -100.00 -100.00
 246    12.473 57088.81992357 14.50  65.570583  63.937730  3.741 -100.00 -100.00 -100.00
 246    12.487 57088.81992416 14.57  65.576046  63.936670  4.014 -100.00 -100.00 -100.00
 246    12.207 57088.81992475 14.29  65.581509  63.935610  3.645 -100.00 -100.00 -100.00
 247    12.728 57098.73558139 11.79  65.566829  63.938869  2.890 -100.00 -100.00 -100.00
 247    12.623 57098.73558198 12.08  65.572292  63.937809  3.363 -100.00 -100.00 -100.00
 247    12.521 57098.73558257 12.08  65.577755  63.936749  2.937 -100.00 -100.00 -100.00
 248    12.491 57108.65123629 11.81  65.564037  63.940229  3.153 -100.00 -100.00 -100.00
 248    12.573 57108.65123688 11.96  65.569500  63.939169  3.169 -100.00 -100.00 -100.00
 248    12.918 57108.65123747 11.93  65.574964  63.938109  3.086 -100.00 -100.00 -100.00
 248    12.637 57108.65123806 12.03  65.580427  63.937048  2.837 -100.00 -100.00 -100.00
 249    12.635 57118.56688620 11.03  65.562721  63.940545  2.886 -100.00 -100.00 -100.00
 249    12.761 57118.56688679 11.03  65.568185  63.939485  2.822 -100.00 -100.00 -100.00
 249    12.741 57118.56688738 11.28  65.573649  63.938424  2.937 -100.00 -100.00 -100.00
 249    12.789 57118.56688797 11.14  65.579112  63.937364  2.750 -100.00 -100.00 -100.00
 250    12.848 57128.48253046  1.37  65.564341  63.939210  3.349 -100.00 -100.00 -100.00
 250    12.761 57128.48253105  0.97  65.569805  63.938150  3.101 -100.00 -100.00 -100.00
 250    12.835 57128.48253164  1.70  65.575269  63.937090  4.455 -100.00 -100.00 -100.00
 250    12.603 57128.48253224  2.46  65.580732  63.936029  5.172 -100.00 -100.00 -100.00
