# NaN NaN NaN ;Mean Elev.(m), Avg Gradient(m/km), RMS Gradient(m/km) - SRTM1     
#   21.000  -0.491   2.719 ;Mean Elev.(m), Avg Gradient(m/km), RMS Gradient(m/km) - ASTER GDEM
#   31.779   0.192   2.190 ;Mean Elev.(m), Avg Gradient(m/km), RMS Gradient(m/km) - GMTED2010 
   1  73.941496  61.183883    32.759    32.600  4 54661.27714929 34.460
   2  73.938303  61.183763    32.931    33.257  4 54671.19279442 32.959
   3  73.934303  61.183957   -20.735   -20.728  5 54681.10843788  9.340
   4  73.931390  61.183435    31.960    32.418  4 54691.02408015 32.515
   5  73.935099  61.183413   -31.287   -31.304  4 54700.93972075 16.332
   6  73.942096  61.183900    28.659    28.661  4 54710.85536783 50.153
   7  73.943111  61.183417     9.390    10.983  4 54720.77101900 14.516
   8  73.945221  61.184137    31.450    32.497  4 54730.68666788 31.663
   9  73.941343  61.184010    32.372    33.025  4 54740.60231457 30.483
  10  73.936795  61.183430    32.597    33.041  4 54750.51796118 31.390
  11  73.935896  61.183427    30.928    31.185  5 54760.43360804 34.521
  12  73.940169  61.183934    33.024    32.686  4 54770.34925307 29.386
  13  73.941338  61.182985    29.128    29.120  4 54780.26489433 46.036
  14  73.946844  61.183616    29.183    29.100  4 54790.18053355 44.195
  15  73.947427  61.183841    30.061    30.059  4 54800.09617109 22.838
  17  73.945411  61.184047    29.767    29.689  4 54819.92744715 18.638
  18  73.939622  61.183118    30.053    29.495  4 54829.84309867 18.494
  19  73.937689  61.183768    31.358    31.392  4 54839.75873729 18.084
  20  73.932253  61.184041    31.215    31.391  5 54849.67438586 17.636
  21  73.926197  61.184122    31.870    31.772  5 54859.59003395 16.148
  22  73.924819  61.184746    31.973    31.912  4 54869.50568270 15.876
  23  73.927378  61.184410    31.488    31.521  5 54879.42133065 14.578
  24  73.933380  61.183597    31.731    31.652  5 54889.33697569 14.344
  25  73.939358  61.183456    31.646    31.655  4 54899.25261760 15.097
  26  73.938915  61.183507    31.532    31.620  5 54909.16825653 14.489
  27  73.935164  61.183505    33.708    33.655  4 54919.08389381 11.118
  28  73.935352  61.183681    28.158    28.186  4 54928.99953118 30.156
  29  73.940867  61.183403    31.167    31.769  4 54938.91516813 23.092
  30  73.950815  61.183703    32.604    33.162  4 54948.83080388 36.552
  31  73.956020  61.183555    33.630    33.642  4 54958.74644125 52.510
  32  73.950210  61.183001    32.966    32.906  4 54968.66208914 35.505
  33  73.944845  61.183412    33.056    33.063  4 54978.57773617 33.518
  34  73.940863  61.183796    22.031    22.031  4 54988.49338331 15.883
  35  73.939289  61.183733    33.271    33.014  4 54998.40903076 30.807
  36  73.937668  61.183391    33.119    32.890  4 55008.32467638 28.972
  37  73.936709  61.183545    33.294    33.508  5 55018.24032017 31.397
  38  73.932646  61.183669    32.171    32.180  5 55028.15596223 41.671
  39  73.929235  61.184093    31.774    31.778  4 55038.07160382 49.183
  40  73.928308  61.183646    31.564    31.287  4 55047.98724437 34.418
  41  73.935931  61.183452    30.759    29.924  5 55057.90288372 36.609
  42  73.948685  61.183994    29.803    29.817  4 55067.81852278 48.914
  43  73.951547  61.183840    29.385    29.407  4 55077.73417313 47.097
  44  73.946334  61.183591    28.784    28.757  5 55087.64982039 45.153
  45  73.938170  61.183538    31.551    31.469  4 55097.56546590 29.978
  46  73.933250  61.183433    32.491    32.130  5 55107.48111130 31.359
  47  73.936743  61.183583    33.065    33.123  4 55117.39675681 25.909
  48  73.944659  61.183658    32.427    32.471  4 55127.31240041 27.445
  49  73.948775  61.183258    28.467    28.459  4 55137.22804128 48.342
  50  73.950005  61.183976    28.828    28.810  4 55147.14368011 40.496
  51  73.941952  61.183190    29.093    29.101  4 55157.05931714 36.229
  52  73.937538  61.182984    29.244    29.228  4 55166.97495450 33.932
  54  73.941513  61.183001    29.946    28.934  4 55186.80623519 21.117
  55  73.941827  61.183965    31.918    32.121  4 55196.72188626 16.638
  56  73.931699  61.182979    30.951    30.960  5 55206.63753501 16.224
  57  73.927898  61.184205    31.276    30.922  4 55216.55318407 15.757
  58  73.925116  61.184066    31.289    31.217  5 55226.46883249 14.566
  59  73.930362  61.183845    31.235    31.207  4 55236.38447914 14.933
  60  73.938568  61.183057    31.965    31.965  4 55246.30012257 13.317
  61  73.944739  61.182951    31.828    31.969  4 55256.21576320 13.729
  62  73.946043  61.184202    31.258    31.313  4 55266.13140225 12.572
  63  73.937779  61.183762    32.248    32.184  4 55276.04703943 13.715
  64  73.935966  61.183675    33.133    33.081  5 55285.96267627 13.431
  65  73.941296  61.182980    33.416    33.411  4 55295.87831164 11.393
  66  73.951987  61.183314    27.902    27.882  4 55305.79395224 30.179
  67  73.956184  61.183869    30.916    30.850  4 55315.70959960 37.245
  68  73.950741  61.183715    31.179    31.168  4 55325.62524458 49.865
  69  73.940626  61.183202    33.418    33.400  4 55335.54088798 30.558
  70  73.935402  61.183523    33.403    33.248  5 55345.45653155 31.779
  71  73.935926  61.183839    33.485    33.483  4 55355.37217463 33.072
  72  73.937577  61.183692    33.749    33.709  4 55365.28781570 49.404
  73  73.940041  61.183932    33.834    33.856  4 55375.20345530 34.927
  74  73.937618  61.183459    33.919    33.894  5 55385.11909323 34.884
  75  73.935801  61.183314    33.837    33.846  5 55395.03473035 33.292
  76  73.937229  61.183397    33.759    33.704  5 55404.95036971 34.445
  77  73.938901  61.183144    33.148    32.922  4 55414.86602124 33.411
  78  73.948168  61.184185    33.066    33.020  4 55424.78167052 27.382
  79  73.950617  61.183553    30.460    30.434  4 55434.69731641 46.952
  80  73.946686  61.183231    32.030    32.299  4 55444.61296039 28.035
  81  73.942498  61.184111    31.703    31.650  4 55454.52860347 29.832
  82  73.936958  61.183859    31.376    31.983  5 55464.44424553 33.861
  83  73.940699  61.183826    31.634    31.620  4 55474.35988586 33.804
  84  73.948939  61.183513    33.387    33.647  5 55484.27552358 24.719
  85  73.956043  61.183418    32.730    32.425  5 55494.19115909 25.938
  86  73.955861  61.183546    32.676    32.580  4 55504.10679276 26.518
  87  73.947375  61.184089    31.165    31.330  4 55514.02244079 32.547
  88  73.936555  61.183382    28.530    28.447  5 55523.93808922 33.750
  89  73.932712  61.183200    31.047    31.366  5 55533.85373661 23.777
  90  73.935844  61.183879    31.676    31.680  5 55543.76938293 19.363
  91  73.934810  61.183412    31.153    31.339  4 55553.68502685 19.627
  92  73.934239  61.184049    31.386    31.213  5 55563.60066990 18.114
  93  73.930437  61.183279    31.140    31.129  5 55573.51631191 17.844
  94  73.935127  61.183871    30.857    30.857  5 55583.43195351 17.923
  95  73.941625  61.183527    30.739    30.705  4 55593.34759174 17.526
  96  73.949653  61.183260    30.706    30.677  4 55603.26322675 17.147
  97  73.954503  61.183083    31.066    30.601  4 55613.17885931 16.138
  98  73.954881  61.183399    31.757    31.760  4 55623.09449558 16.092
  99  73.948070  61.183771    30.834    30.853  4 55633.01014768 14.288
 100  73.943955  61.183665    30.426    30.393  4 55642.92579771 14.459
 101  73.943682  61.183267    33.134    33.231  4 55652.84144519 11.201
 102  73.950134  61.183910    28.023    28.017  4 55662.75708919 45.838
 103  73.950748  61.183656    30.303    29.304  4 55672.67272958 42.567
 104  73.950134  61.184252    33.467    33.503  4 55682.58836857 33.088
 105  73.942431  61.183067    33.119    33.072  4 55692.50400524 31.331
 106  73.941556  61.183452    33.244    33.266  4 55702.41964114 32.322
 107  73.940923  61.183646    33.545    33.566  4 55712.33528421 43.202
 108  73.938722  61.183647    33.139    33.135  5 55722.25093356 50.796
 109  73.935731  61.183448    32.473    32.479  4 55732.16658074 40.796
 110  73.934525  61.183601    33.120    32.944  4 55742.08222680 26.226
 111  73.933681  61.183316    30.579    30.526  5 55751.99787152 36.257
 112  73.937357  61.183212    30.129    30.128  4 55761.91351435 33.837
 113  73.944313  61.183610    29.672    29.659  3 55771.82915473 37.270
 114  73.950098  61.183529    30.191    29.783  5 55781.74479146 37.753
 115  73.952163  61.183286    30.972    30.717  4 55791.66042531 26.968
 116  73.953198  61.183366    31.853    31.920  5 55801.57605824 29.889
 117  73.948341  61.183533    31.106    31.192  5 55811.49170812 27.580
 118  73.948110  61.184066    32.152    32.580  4 55821.40735693 26.050
 119  73.948655  61.183451    33.287    33.573  4 55831.32300089 23.848
 120  73.952618  61.183425    31.277    31.285  4 55841.23864064 27.855
 121  73.952645  61.183058    29.997    29.579  4 55851.15427686 26.740
 122  73.950670  61.183341    28.270    28.146  4 55861.06991083 42.437
 123  73.944421  61.184151    27.868    27.877  4 55870.98556303 44.512
 133  73.944957  61.183172    28.148    28.126  4 55970.14200331 21.394
 134  73.942503  61.183128    28.997    29.430  4 55980.05763924 20.740
 135  73.944629  61.182892    29.951    29.567  4 55989.97327463 16.786
 136  73.951683  61.184104    29.882    29.248  4 55999.88891895 17.947
 137  73.952289  61.183872    32.761    32.848  4 56009.80456955 13.784
 138  73.950208  61.183664    27.265    27.270  4 56019.72021587 20.368
 139  73.944374  61.183465    33.052    33.247  4 56029.63585897 28.944
 141  73.936974  61.183764    30.753    30.772  4 56049.46714004 37.700
 142  73.937345  61.183380    32.628    32.946  4 56059.38277721 33.319
 143  73.941559  61.182976    32.550    32.505  4 56069.29841240 35.089
 144  73.938771  61.183042    31.798    31.141  4 56079.21406328 32.671
 145  73.936636  61.183882    30.547    30.542  4 56089.12971152 41.091
 146  73.931930  61.183520    29.619    29.664  4 56099.04535684 36.369
 147  73.935080  61.183778    28.770    28.756  4 56108.96100056 42.225
 148  73.941132  61.183006    32.638    32.756  4 56118.87662995 24.804
 149  73.952095  61.183402    27.821    27.734  5 56128.79226785 43.825
 150  73.958478  61.183935    29.944    30.210  4 56138.70790200 24.107
 151  73.948018  61.182963    27.833    27.759  4 56148.62354901 42.899
 152  73.943276  61.184116    31.771    32.536  4 56158.53919793 24.890
 153  73.939464  61.183654    27.206    27.177  5 56168.45484561 29.637
 154  73.945907  61.184224    30.239    30.228  4 56178.37049139 26.898
 155  73.949900  61.183527    29.710    29.122  4 56188.28613231 27.041
 156  73.951745  61.183519    30.108    29.200  4 56198.20176966 27.505
 157  73.949171  61.183976    27.826    27.639  4 56208.11740373 41.978
 158  73.942838  61.183585    31.455    32.212  4 56218.03303563 26.236
 159  73.937842  61.183430    30.921    31.249  5 56227.94867981 24.302
 160  73.938735  61.183921    27.870    27.808  4 56237.86433414 40.327
 161  73.939063  61.183574    27.847    27.860  5 56247.77998450 26.798
 162  73.940623  61.183958    28.941    28.973  4 56257.69563011 23.558
 163  73.937262  61.183946    29.971    29.775  4 56267.61127200 20.608
 164  73.933682  61.183531    29.779    29.746  4 56277.52691218 20.002
 165  73.933522  61.183481    30.175    30.240  4 56287.44256052 19.479
 166  73.939214  61.183220    30.685    30.676  4 56297.35821045 18.167
 167  73.948756  61.183974    30.005    29.981  4 56307.27385688 17.950
 168  73.948664  61.183373    29.625    29.767  4 56317.18949936 17.121
 169  73.945075  61.184180    30.144    30.119  4 56327.10514010 16.721
 170  73.937995  61.183649    29.958    29.808  4 56337.02077931 16.141
 171  73.939106  61.183636    30.609    30.692  5 56346.93641769 16.148
 172  73.948070  61.183862    30.518    30.569  4 56356.85205429 15.484
 173  73.951206  61.183646    31.135    31.197  4 56366.76770250 13.467
 176  73.931570  61.183808    33.841    33.823  4 56396.51463851  9.938
 177  73.927801  61.183422    27.991    27.994  5 56406.43027955 33.823
 178  73.932356  61.183466    30.572    30.524  5 56416.34591787 43.669
 179  73.941586  61.183458    33.401    33.330  4 56426.26155181 30.871
 180  73.943998  61.184310    33.424    33.426  4 56436.17720227 34.030
 181  73.936554  61.183643    33.645    33.640  4 56446.09285320 34.575
 182  73.930147  61.183398    33.922    33.906  5 56456.00850190 36.649
 183  73.931884  61.183899    34.009    34.019  5 56465.92414831 36.980
 184  73.937897  61.183526    34.205    34.188  4 56475.83979117 35.570
 185  73.949834  61.184205    34.211    34.209  4 56485.75543119 55.930
 187  73.948194  61.182959    32.529    32.515  4 56505.58670149 46.469
 188  73.945376  61.183099    32.890    32.904  4 56515.50233433 30.086
 189  73.941369  61.183432    33.351    33.334  4 56525.41798830 24.336
 190  73.942125  61.183082    33.289    33.335  4 56535.33363927 24.406
 192  73.944488  61.183220    32.998    32.813  4 56555.16493093 23.223
 193  73.938381  61.183351    28.636    28.622  4 56565.08057312 37.394
 194  73.931288  61.183348    32.566    32.715  5 56574.99621384 26.319
 195  73.930976  61.183666    32.512    32.476  5 56584.91185226 26.292
 196  73.937303  61.183782    29.401    28.667  4 56594.82748878 25.863
 197  73.937945  61.183510    28.939    28.924  5 56604.74314169 41.640
 198  73.939285  61.183689    30.259    30.153  4 56614.65878997 46.669
 199  73.938192  61.183800    29.524    29.458  5 56624.57443426 42.978
 200  73.936175  61.183471    30.095    30.148  5 56634.49007566 28.161
 201  73.937974  61.183029    30.303    29.896  4 56644.40571287 26.287
 202  73.942254  61.183821    30.339    29.958  4 56654.32136641 21.587
 203  73.944443  61.183269    30.599    30.670  4 56664.23701531 23.159
 205  73.941385  61.183302    31.506    31.476  4 56684.06830572 19.633
 206  73.938701  61.183792    31.373    31.552  4 56693.98394811 18.131
 207  73.939542  61.183903    31.490    31.529  4 56703.89958642 18.303
 208  73.943782  61.183171    31.046    31.008  4 56713.81521963 18.174
 209  73.947115  61.184274    21.795    21.783  4 56723.73086950 16.265
 210  73.942414  61.184116    33.515    33.493  4 56733.64651956 11.714
 211  73.932814  61.183454    32.888    33.122  5 56743.56216575 16.059
 212  73.929326  61.183953    33.438    33.424  4 56753.47780836  7.874
 213  73.928955  61.183354    28.720    28.740  5 56763.39344573 28.505
 214  73.937138  61.183852    30.873    30.886  4 56773.30908002 35.560
 215  73.934466  61.183468    33.658    33.581  4 56783.22473724 36.516
 216  73.931787  61.183350    33.762    33.712  5 56793.14039078 33.584
 217  73.930126  61.183847    33.940    33.879  4 56803.05604160 35.131
 218  73.931929  61.184135    34.033    34.062  5 56812.97168476 35.211
 219  73.934740  61.183649    34.200    34.207  5 56822.88732438 36.459
 220  73.940633  61.183297    22.074    22.070  4 56832.80296015 22.429
 221  73.949285  61.183820    33.884    33.838  4 56842.71859290 40.545
 222  73.951063  61.184187    33.531    33.532  4 56852.63423338 34.131
 223  73.944522  61.184032    33.448    33.356  4 56862.54988700 28.815
 224  73.938315  61.183765    32.352    32.510  5 56872.46554010 37.605
 225  73.935910  61.183628    33.432    33.676  5 56882.38119047 29.231
 226  73.935130  61.183374    33.070    32.878  5 56892.29683737 30.495
 227  73.936088  61.183839    33.419    33.628  5 56902.21248139 27.920
 228  73.931037  61.183559    29.573    29.905  5 56912.12812277 34.732
 229  73.928995  61.183874    29.400    28.994  4 56922.04376283 39.472
 230  73.929046  61.183891    32.349    32.471  5 56931.95940077 31.319
 231  73.933387  61.183526    33.030    32.905  4 56941.87503384 27.511
 232  73.937769  61.183628    28.691    28.658  4 56951.79067656 45.331
 233  73.936361  61.183380    28.547    28.549  5 56961.70632749 37.692
 234  73.934256  61.183280    30.055    30.069  4 56971.62197352 30.605
 235  73.934518  61.183347    30.239    30.293  5 56981.53761575 24.140
 236  73.939831  61.183770    30.809    30.932  4 56991.45325407 17.984
 237  73.946731  61.183112    30.580    30.725  4 57001.36888653 17.780
 238  73.947799  61.183785    30.706    30.682  4 57011.28454440 16.631
 239  73.943719  61.182948    31.492    31.441  4 57021.20019571 16.920
 240  73.939184  61.182950    31.965    32.058  4 57031.11584410 16.173
 241  73.937759  61.183683    31.744    31.844  5 57041.03149091 15.443
 242  73.936266  61.183551    32.092    32.210  4 57050.94713548 14.708
 243  73.941262  61.184010    31.468    31.531  4 57060.86277657 13.753
 244  73.945582  61.184069    33.025    33.072  4 57070.77841201 15.334
 245  73.944753  61.183321    32.477    32.516  4 57080.69404263 14.575
 246  73.938748  61.183124    32.343    32.438  4 57090.60968329 14.961
 247  73.930724  61.183789    33.495    33.623  5 57100.52534043 15.555
 248  73.928691  61.184278    33.719    33.722  4 57110.44099498 13.281
 249  73.929774  61.183324    33.358    33.374  5 57120.35664403  9.141
 250  73.935820  61.183574    31.125    31.542  5 57130.27228783 23.974
