# NaN NaN NaN ;Mean Elev.(m), Avg Gradient(m/km), RMS Gradient(m/km) - SRTM1     
#   19.926  -0.072   1.260 ;Mean Elev.(m), Avg Gradient(m/km), RMS Gradient(m/km) - ASTER GDEM
#   23.490  -0.101   1.168 ;Mean Elev.(m), Avg Gradient(m/km), RMS Gradient(m/km) - GMTED2010 
   2  70.733347  61.153756    26.378    26.746  3 54673.38619348 30.249
   4  70.739648  61.154046    26.035    26.035  2 54693.21747976 27.028
   5  70.740914  61.153993   -48.890   -48.890  2 54703.13311967  8.028
   6  70.735575  61.153379    23.580    23.868  3 54713.04876869 38.585
   7  70.725350  61.153850   -66.330   -66.324  3 54722.96441858  5.995
   8  70.716528  61.154559    22.185    21.902  5 54732.88006608 37.027
   9  70.715464  61.154802    24.639    25.833  5 54742.79571273 31.002
  10  70.717364  61.154838    22.541    22.544  5 54752.71135939 41.452
  11  70.717183  61.154939    26.706    26.457  5 54762.62700547 25.924
  12  70.712650  61.155211    25.372    25.441  5 54772.54264863 30.185
  13  70.711379  61.154648    22.298    22.279  6 54782.45828933 42.250
  14  70.711558  61.155036    21.875    21.892  5 54792.37392769 34.452
  17  70.733856  61.153408    23.720    23.677  3 54822.12084684 20.211
  18  70.730081  61.153334    25.024    25.618  3 54832.03648708 18.118
  19  70.726106  61.153666    24.522    24.194  4 54841.95213696 17.792
  20  70.726645  61.153750    24.130    23.971  4 54851.86778598 17.225
  21  70.730811  61.153612    25.147    25.147  2 54861.78343493 16.268
  22  70.733864  61.153221    24.174    23.933  3 54871.69908378 17.198
  23  70.730512  61.153122    24.204    24.007  3 54881.61473026 15.244
  24  70.717581  61.154742    25.546    25.571  5 54891.53037240 14.914
  25  70.710594  61.154494    26.209    26.056  5 54901.44601246 14.362
  26  70.709783  61.154637    26.579    26.631  6 54911.36165140 14.094
  27  70.714171  61.155094    27.390    27.413  5 54921.27728974 11.280
  28  70.725433  61.153536    25.213    25.201  4 54931.19292838 25.022
  29  70.725801  61.153966    22.119    22.119  4 54941.10856437 40.026
  30  70.722788  61.154180    24.248    24.236  4 54951.02419840 41.451
  31  70.716870  61.154664    26.743    26.744  6 54960.93983859 54.776
  32  70.716227  61.154796    26.755    26.739  5 54970.85548719 42.135
  33  70.720812  61.154886    26.911    26.810  4 54980.77113500 45.948
  34  70.729381  61.153681   -22.794   -22.791  3 54990.68678302 14.714
  35  70.730620  61.153189    27.162    27.231  3 55000.60243001 49.117
  36  70.726891  61.153761    26.823    26.782  3 55010.51807467 44.596
  37  70.724750  61.153982    26.487    26.484  3 55020.43371799 35.826
  38  70.730931  61.152949    26.308    26.296  3 55030.34936112 37.721
  39  70.732842  61.153950    25.691    25.691  2 55040.26500301 35.634
  40  70.737775  61.153923    26.078    26.078  2 55050.18064395 28.803
  41  70.738667  61.153167    24.470    24.470  2 55060.09628248 31.205
  42  70.727489  61.154132    23.744    23.885  3 55070.01192216 45.561
  43  70.715908  61.154359    23.195    23.051  5 55079.92757049 51.243
  44  70.711155  61.154620    25.281    25.391  5 55089.84321743 26.862
  45  70.713892  61.154876    22.639    22.483  5 55099.75886388 49.822
  46  70.722021  61.154068    23.584    23.630  4 55109.67451042 32.565
  47  70.721556  61.154348    24.201    23.737  5 55119.59015456 29.584
  48  70.714144  61.154817    25.366    26.054  6 55129.50579552 26.648
  49  70.706733  61.155146    21.917    21.976  6 55139.42143453 48.603
  50  70.710423  61.154417    22.408    22.405  6 55149.33707357 36.777
  51  70.721151  61.154115    22.697    22.703  5 55159.25271296 30.533
  52  70.732480  61.153745    22.889    22.885  3 55169.16835212 24.705
  53  70.738478  61.153318    23.116    23.116  2 55179.08398979 21.336
  54  70.733051  61.153599    23.743    23.743  2 55188.99963544 18.943
  55  70.726823  61.153925    25.178    25.277  3 55198.91528550 13.632
  56  70.726664  61.153895    24.995    24.906  3 55208.83093522 13.715
  57  70.731544  61.153500    24.840    24.840  2 55218.74658489 13.153
  58  70.731210  61.153661    25.431    25.431  2 55228.66223317 13.782
  59  70.725363  61.154073    25.841    25.877  4 55238.57787785 12.951
  60  70.714240  61.154896    25.902    25.977  6 55248.49351844 11.699
  61  70.706560  61.155201    26.380    26.398  6 55258.40915708 11.642
  62  70.709283  61.154449    26.637    26.716  5 55268.32479614 11.219
  63  70.715268  61.154724    26.787    26.815  6 55278.24043508 11.487
  64  70.724793  61.153922    26.767    27.106  3 55288.15607325 10.270
  65  70.727357  61.154221    26.853    26.874  3 55298.07170826 11.760
  66  70.722400  61.153993    24.309    24.261  4 55307.98735045 32.162
  67  70.712253  61.154927    22.973    22.930  5 55317.90299579 39.638
  68  70.713332  61.154231    25.134    25.121  5 55327.81864118 54.108
  69  70.720169  61.154057    26.794    26.811  5 55337.73428622 37.222
  70  70.728721  61.153775    27.356    27.323  3 55347.64993097 51.994
  71  70.733080  61.153497    27.244    27.240  3 55357.56557367 41.281
  72  70.731251  61.153781    27.421    27.415  3 55367.48121371 46.744
  73  70.729937  61.153758    27.424    27.410  3 55377.39685242 36.516
  74  70.731540  61.153936    27.633    27.638  3 55387.31249060 45.024
  75  70.738130  61.153267    27.638    27.638  2 55397.22812847 43.065
  76  70.736573  61.154389    27.433    27.433  2 55407.14377135 44.381
  77  70.731551  61.153934    26.753    26.737  3 55417.05942216 37.511
  78  70.718351  61.154947    25.058    25.049  5 55426.97506859 35.024
  79  70.712005  61.154668    25.606    25.538  5 55436.89071304 30.370
  80  70.711669  61.154502    23.705    23.640  6 55446.80635662 50.484
  81  70.716184  61.154383    23.097    23.112  5 55456.72200014 50.260
  82  70.721198  61.154388    23.387    23.601  4 55466.63764298 34.512
  83  70.723806  61.153998    23.051    23.029  4 55476.55328248 38.323
  84  70.719280  61.154750    24.397    23.666  4 55486.46891803 31.935
  85  70.717815  61.154401    23.245    23.124  5 55496.38455189 33.293
  86  70.719692  61.154762    24.846    24.462  4 55506.30018755 32.126
  87  70.724423  61.154261    23.431    23.203  4 55516.21583866 29.179
  88  70.730862  61.153799    22.516    22.471  3 55526.13148901 35.851
  89  70.732993  61.153535    22.879    22.871  3 55536.04713694 24.267
  90  70.730291  61.153713    23.373    22.891  3 55545.96278220 19.852
  91  70.727818  61.153800    22.628    22.646  3 55555.87842560 20.770
  92  70.728639  61.153695    22.522    22.560  3 55565.79406836 19.279
  93  70.730929  61.153543    22.318    22.314  3 55575.70971059 19.502
  94  70.728102  61.154191    21.843    21.843  3 55585.62535050 21.010
  95  70.726066  61.153921    22.169    21.706  3 55595.54098734 20.324
  96  70.721709  61.154475    21.981    21.668  4 55605.45662071 18.618
  97  70.724624  61.153709    21.998    21.603  4 55615.37225290 17.422
  98  70.726953  61.153701    21.311    21.294  3 55625.28789383 16.152
  99  70.725767  61.153965    23.805    23.861  3 55635.20354610 14.616
 100  70.723463  61.154374    24.401    24.296  4 55645.11919610 14.241
 101  70.720790  61.154312    26.938    27.035  4 55655.03484333 10.679
 102  70.717072  61.154552    22.964    22.701  5 55664.95048586 35.647
 103  70.716074  61.154605    23.286    23.289  6 55674.86612562 44.434
 104  70.719069  61.154701    26.046    26.035  4 55684.78176399 53.773
 105  70.726906  61.154314    26.703    26.686  3 55694.69740165 38.950
 106  70.734921  61.154086    26.951    26.951  2 55704.61303794 49.501
 107  70.738800  61.153087    26.986    26.986  2 55714.52868511 36.402
 108  70.733692  61.153850    26.999    26.999  2 55724.44433352 48.587
 109  70.732730  61.153552    26.561    26.561  2 55734.35998055 35.724
 110  70.732648  61.153489    25.670    25.670  2 55744.27562643 34.661
 111  70.731941  61.153402    25.624    25.624  2 55754.19127076 30.244
 112  70.727833  61.153723    24.632    24.004  4 55764.10691245 32.959
 113  70.720845  61.154521    23.680    23.707  4 55774.02255099 47.749
 114  70.716991  61.154712    25.045    24.874  6 55783.93818653 31.148
 115  70.721080  61.154477    23.242    23.354  5 55793.85382036 33.435
 116  70.730923  61.153316    23.514    23.834  3 55803.76945764 34.258
 117  70.732546  61.153104    24.057    23.780  3 55813.68510733 35.548
 118  70.726839  61.154081    24.749    23.945  3 55823.60075422 30.991
 119  70.721372  61.154571    23.047    22.940  4 55833.51639648 45.220
 120  70.719762  61.154591    25.714    26.162  5 55843.43203506 26.206
 121  70.724313  61.154289    24.458    23.770  4 55853.34767129 28.843
 122  70.733993  61.153427    21.681    21.681  2 55863.26330871 39.507
 123  70.734169  61.153607    20.991    21.026  3 55873.17896278 30.915
 133  70.716005  61.154596    25.152    25.055  6 55972.33539810 14.810
 134  70.729436  61.153163    26.008    26.186  3 55982.25103572 15.819
 135  70.734469  61.153611    26.605    26.651  3 55992.16667077 15.782
 136  70.731289  61.153296    26.383    26.382  3 56002.08231821 16.921
 137  70.719563  61.154138    24.731    24.873  5 56011.99796702 14.742
 139  70.717105  61.154483    21.606    21.675  5 56031.82925646 39.176
 141  70.734486  61.153745    24.914    24.914  2 56051.66053823 33.447
 143  70.736760  61.153526    25.286    25.286  2 56071.49181315 32.537
 144  70.732511  61.153286    25.193    25.161  3 56081.40746331 49.946
 145  70.731691  61.153368    24.510    24.521  3 56091.32311119 33.251
 146  70.733434  61.153697    24.280    24.280  2 56101.23875695 33.876
 147  70.734088  61.153303    23.380    23.380  2 56111.15438850 44.312
 148  70.728299  61.153638    24.738    24.299  4 56121.07002758 27.213
 149  70.719996  61.154435    21.821    21.346  4 56130.98566263 36.836
 150  70.717092  61.154819    21.596    21.311  6 56140.90129675 33.652
 151  70.717632  61.154914    21.354    21.305  5 56150.81694769 46.551
 152  70.727610  61.153550    22.715    20.689  3 56160.73259775 31.557
 153  70.729665  61.153944    20.398    20.366  3 56170.64824520 32.938
 154  70.726003  61.154067    20.958    21.028  3 56180.56388814 43.412
 155  70.717795  61.154791    22.355    23.306  5 56190.47952665 33.330
 156  70.714356  61.155230    23.001    23.416  5 56200.39516281 28.608
 157  70.725053  61.154181    21.926    21.335  3 56210.31079814 36.527
 158  70.739262  61.153529    21.238    21.238  2 56220.22643194 37.373
 159  70.740387  61.154627    20.700    20.700  2 56230.14208195 36.401
 160  70.737480  61.154353    20.880    20.880  2 56240.05773506 34.536
 161  70.734161  61.153334    21.787    21.793  3 56249.97338424 29.649
 162  70.729708  61.153358    21.681    21.669  3 56259.88902833 25.794
 163  70.729940  61.153745    22.273    22.273  2 56269.80467014 20.918
 164  70.733339  61.153662    21.397    21.397  2 56279.72031050 20.647
 165  70.732723  61.153378    21.801    21.147  3 56289.63596141 19.399
 166  70.722023  61.154625    22.573    22.839  4 56299.55160847 17.868
 167  70.712843  61.154876    25.575    25.655  6 56309.46725183 17.061
 168  70.709713  61.154552    23.497    23.143  6 56319.38289351 15.950
 169  70.714879  61.154306    23.499    23.252  5 56329.29853509 16.097
 170  70.724366  61.154137    20.267    20.275  3 56339.21417628 21.378
 171  70.733597  61.153486    20.431    20.451  3 56349.12981543 21.564
 172  70.733662  61.153392    22.394    22.061  3 56359.04545123 14.286
 173  70.720234  61.154430    26.969    26.941  5 56368.96110054 11.160
 175  70.716264  61.155082    27.827    27.803  5 56388.79239317 10.080
 176  70.729081  61.154018    20.862    20.854  3 56398.70803776 18.258
 177  70.738232  61.153460    23.141    23.141  2 56408.62367946 39.278
 178  70.739531  61.153603    24.702    24.702  2 56418.53931605 43.307
 180  70.729816  61.153723    27.191    27.191  2 56438.37060185 48.433
 181  70.726164  61.153926    27.387    27.379  3 56448.28625279 50.294
 182  70.727664  61.153740    27.527    27.534  3 56458.20190209 38.065
 183  70.725527  61.153979    27.727    27.722  3 56468.11754773 38.543
 184  70.721298  61.154232    28.012    27.947  4 56478.03318912 53.695
 185  70.714442  61.155124    27.954    27.962  5 56487.94882634 38.719
 187  70.722437  61.154548    27.344    27.346  4 56507.78009645 49.396
 188  70.733604  61.153630    25.067    25.145  3 56517.69573509 48.877
 189  70.734306  61.153442    24.004    24.004  2 56527.61138927 35.742
 190  70.729353  61.154061    23.761    23.824  3 56537.52703860 41.915
 192  70.717157  61.155096    23.139    23.329  5 56557.35832675 34.482
 193  70.723549  61.154140    23.325    23.763  3 56567.27397001 34.645
 194  70.734551  61.153293    25.843    25.843  2 56577.18961240 26.881
 195  70.740231  61.153980    22.666    22.666  2 56587.10525064 38.736
 196  70.738620  61.154914    23.352    23.352  2 56597.02089080 32.232
 197  70.736699  61.152971    22.523    22.523  2 56606.93654273 31.625
 198  70.727878  61.154082    23.204    23.198  3 56616.85218869 39.211
 199  70.728688  61.153517    23.328    23.365  3 56626.76783222 35.845
 200  70.731861  61.153028    23.784    23.780  3 56636.68347316 31.726
 201  70.730479  61.153737    23.726    23.709  3 56646.59911365 29.740
 202  70.722201  61.154431    23.332    23.301  4 56656.51476492 27.932
 203  70.715133  61.154792    23.002    23.035  6 56666.43041205 27.472
 205  70.716050  61.155146    26.098    26.034  5 56686.26170163 18.247
 206  70.724993  61.153899    26.306    26.304  3 56696.17734489 16.807
 207  70.730097  61.153644    25.915    25.915  2 56706.09298313 16.308
 208  70.730892  61.153966    26.362    26.367  3 56716.00861625 16.801
 209  70.723819  61.154132   -23.014   -23.012  3 56725.92426909  9.888
 211  70.726816  61.153673    27.319    27.318  4 56745.75556486 10.303
 212  70.732600  61.153846    27.016    27.016  2 56755.67120705  9.858
 213  70.738792  61.153548    23.573    23.573  2 56765.58684367 36.319
 215  70.730500  61.153657    27.343    27.371  3 56785.41813879 39.285
 216  70.723243  61.154341    27.725    27.693  4 56795.33379114 54.209
 217  70.721788  61.154048    27.991    27.972  4 56805.24944016 52.733
 219  70.719860  61.154157    28.293    28.293  5 56825.08072107 35.452
 220  70.717085  61.154929   -21.110   -20.957  5 56834.99635577 15.158
 221  70.722772  61.154172    27.899    27.903  5 56844.91198801 39.033
 223  70.725273  61.154055    26.948    26.942  4 56864.74328719 49.829
 224  70.723317  61.154295    25.855    25.834  4 56874.65893973 49.759
 225  70.720623  61.154432    24.282    24.248  5 56884.57458906 49.237
 226  70.718863  61.154253    25.684    25.442  5 56894.49023543 31.173
 227  70.717162  61.154736    23.421    23.502  5 56904.40587860 36.041
 228  70.721811  61.154248    26.501    27.330  4 56914.32152047 30.261
 229  70.729945  61.153539    23.605    23.797  3 56924.23716098 36.404
 230  70.736149  61.153504    25.393    24.655  3 56934.15279858 28.712
 231  70.739462  61.153769    23.012    23.012  2 56944.06843061 42.215
 232  70.735209  61.153681    22.537    22.537  2 56953.98407814 41.558
 233  70.728937  61.153809    23.058    23.059  3 56963.89972767 30.030
 234  70.726800  61.154149    24.233    24.210  3 56973.81537273 31.962
 235  70.731517  61.153433    24.669    24.669  2 56983.73101415 18.546
 236  70.733738  61.153393    24.686    24.686  2 56993.64665037 16.819
 237  70.730456  61.153747    24.478    24.296  3 57003.56228731 16.810
 238  70.716932  61.155067    24.962    24.868  5 57013.47794221 15.547
 239  70.713462  61.155025    26.618    26.700  5 57023.39359302 14.833
 240  70.720202  61.154185    25.698    25.670  5 57033.30924239 14.021
 241  70.727582  61.153612    25.533    25.437  4 57043.22488954 13.565
 242  70.729970  61.153475    26.066    26.014  3 57053.14053380 12.443
 243  70.726688  61.153841    25.576    25.552  3 57063.05617299 11.774
 244  70.725978  61.153846    26.442    26.426  4 57072.97180728 12.241
 245  70.730874  61.154000    26.227    26.291  3 57082.88743814 11.777
 246  70.739278  61.152860    26.673    26.673  2 57092.80308681 13.082
 247  70.737048  61.154311    27.720    27.720  2 57102.71874343  9.283
 248  70.739829  61.153040    27.487    27.487  2 57112.63439713 11.205
 249  70.733773  61.153421    21.720    21.720  2 57122.55004386 35.491
 250  70.728262  61.153396    26.460    27.200  3 57132.46568523 30.178
