# NaN NaN NaN ;Mean Elev.(m), Avg Gradient(m/km), RMS Gradient(m/km) - SRTM1     
#  -24.992   0.486   3.885 ;Mean Elev.(m), Avg Gradient(m/km), RMS Gradient(m/km) - ASTER GDEM
#    1.059   0.001   0.883 ;Mean Elev.(m), Avg Gradient(m/km), RMS Gradient(m/km) - GMTED2010 
   1  65.831122  65.760944     7.243     7.220  5 54664.40478762 29.307
   2  65.815147  65.763057     6.639     6.580 11 54674.32043085 43.293
   3  65.817077  65.764323     1.301     1.291 11 54684.23607435 23.111
   4  65.821301  65.764931     5.282     5.353 11 54694.15171669 41.788
   5  65.819314  65.764510     4.085     4.155 11 54704.06735600 48.034
   6  65.814706  65.762522     5.667     5.708 10 54713.98300619 31.015
   7  65.808620  65.760721     4.754     4.821 10 54723.89865629 33.666
   8  65.805308  65.760081     5.864     5.967 10 54733.81430431 28.282
   9  65.809590  65.760801     5.912     5.835 11 54743.72995158 30.695
  10  65.812622  65.761720     2.821     2.839 10 54753.64559837 43.236
  11  65.829270  65.760261    75.559    71.291  4 54763.56124586  5.848
  12  65.806988  65.760132     3.084     3.109 10 54773.47688714 47.356
  13  65.805820  65.758736     3.809     3.727 10 54783.39252768 47.051
  14  65.805071  65.759085     3.119     2.976  9 54793.30816603 39.404
  17  65.815004  65.762770     3.771     3.807 10 54823.05508481 15.166
  18  65.813083  65.761914     4.363     4.141 10 54832.97072495 14.908
  19  65.812626  65.761601     4.770     4.304 11 54842.88637503 15.303
  20  65.812640  65.762587     4.726     4.580 11 54852.80202395 14.490
  21  65.818389  65.763856     4.394     4.127 11 54862.71767307 14.325
  22  65.818544  65.764567     4.820     4.797 11 54872.63332162 14.065
  23  65.815380  65.763601     4.737     4.716 11 54882.54896787 13.876
  24  65.811208  65.761238     5.036     4.750 10 54892.46461075 14.131
  25  65.804752  65.759455     6.485     6.499  9 54902.38025063 13.777
  26  65.805278  65.759436     6.526     6.543 10 54912.29588965 14.254
  27  65.811244  65.760690     6.241     6.289 10 54922.21152816 15.646
  28  65.812682  65.762123     5.381     5.382 10 54932.12716554 15.276
  29  65.812700  65.761884    13.144    12.842 10 54942.04280120 11.506
  30  65.807027  65.760690     7.508     7.560 10 54951.95843460  8.756
  31  65.805265  65.759122     4.200     4.168 10 54961.87407670 33.916
  32  65.805164  65.759416     6.157     6.201  9 54971.78972533 30.135
  33  65.810860  65.760795     7.353     7.323 10 54981.70537333 30.661
  34  65.812634  65.762526     7.251     7.203 10 54991.62102063 27.825
  35  65.814738  65.762703     7.410     7.360 11 55001.53666750 33.587
  36  65.813428  65.762353     6.920     6.905 10 55011.45231229 28.273
  37  65.813141  65.761814     6.802     6.756 11 55021.36795572 29.020
  38  65.812645  65.762618     6.392     6.245 11 55031.28359808 32.123
  39  65.818105  65.763597     5.879     5.777 11 55041.19924030 33.731
  40  65.819172  65.764484     5.447     5.348 12 55051.11488066 29.893
  41  65.820136  65.763473     5.375     5.351 11 55061.03051892 32.511
  42  65.810823  65.761620     4.291     3.874 10 55070.94616013 45.440
  43  65.806963  65.759421     4.998     4.979 10 55080.86180885 33.536
  44  65.803525  65.759228     5.846     5.888 10 55090.77745576 27.865
  45  65.805422  65.760537     5.784     5.804 10 55100.69310228 29.210
  46  65.810309  65.761874     5.670     5.684 10 55110.60874861 32.696
  47  65.812327  65.761647     5.754     5.796 11 55120.52439292 28.793
  48  65.805999  65.760257     4.825     4.698 10 55130.44003381 27.461
  49  65.802379  65.758632     3.121     3.052 10 55140.35567299 46.460
  50  65.803399  65.758824     1.889     1.908  9 55150.27131163 32.234
  51  65.809048  65.760695     2.616     2.106 11 55160.18695055 28.031
  52  65.813789  65.762695     3.227     3.370 11 55170.10258899 22.142
  53  65.818503  65.763288     3.346     3.294 11 55180.01822620 18.765
  54  65.816131  65.762611     3.433     3.215 11 55189.93387340 17.042
  55  65.812422  65.762330     3.769     3.749 11 55199.84952352 17.049
  56  65.815930  65.762466     3.545     3.402 11 55209.76517351 16.737
  57  65.817125  65.763371     3.446     3.408 11 55219.68082277 15.974
  58  65.816092  65.763331     3.369     3.399 11 55229.59647094 15.315
  59  65.813564  65.762296     3.287     3.195 10 55239.51211582 14.979
  60  65.808796  65.760511     3.877     4.040 10 55249.42775695 14.973
  61  65.804600  65.759313     4.346     4.343 10 55259.34339579 15.353
  62  65.803515  65.759479     5.294     4.979 10 55269.25903414 14.890
  63  65.807241  65.760554     4.989     4.830 10 55279.17467273 14.200
  64  65.810668  65.761465     5.851     5.917 11 55289.09031002 14.738
  65  65.811455  65.761600     6.403     6.346 11 55299.00594471 15.260
  66  65.811000  65.760221     2.958     2.192 10 55308.92158855 12.517
  67  65.804354  65.759372     3.874     3.439 10 55318.83723401 35.105
  68  65.806317  65.759306     6.101     5.981  9 55328.75287916 44.620
  69  65.807827  65.760853     7.071     6.981 10 55338.66852371 32.373
  70  65.813677  65.762251     6.888     6.875 11 55348.58416828 32.011
  71  65.813420  65.763168     6.643     6.573 11 55358.49981044 30.970
  72  65.815302  65.762932     6.508     6.374 10 55368.41545075 31.136
  73  65.814376  65.762779     6.152     6.103 10 55378.33108934 32.676
  74  65.815988  65.763014     6.380     6.300 11 55388.24672740 52.323
  75  65.818564  65.763396     6.152     6.081 11 55398.16236461 35.328
  76  65.816888  65.763246     6.269     6.246 10 55408.07800911 43.811
  77  65.813779  65.761915     5.676     5.629 10 55417.99365983 29.370
  78  65.809867  65.760214     5.770     5.802 10 55427.90930702 37.469
  79  65.805822  65.759539     5.653     5.611  9 55437.82495146 34.052
  80  65.806437  65.759867     5.802     5.830  9 55447.74059491 26.179
  81  65.808214  65.760644     5.202     5.640 10 55457.65623812 29.436
  82  65.811005  65.761034     5.712     5.724 10 55467.57188074 29.929
  83  65.807591  65.760896     5.907     5.903 10 55477.48751957 30.313
  84  65.809209  65.759975     5.538     5.690 10 55487.40315575 34.523
  85  65.807393  65.759647     5.791     5.767 10 55497.31878938 28.030
  86  65.810664  65.760287     4.839     5.573 10 55507.23442663 36.810
  87  65.811048  65.761410     3.942     3.794 10 55517.15007707 46.171
  88  65.814239  65.762371     2.634     2.638 10 55527.06572686 32.922
  89  65.815500  65.762707     2.247     2.277 10 55536.98137450 28.133
  90  65.815433  65.762667     2.456     2.456 11 55546.89701980 21.205
  91  65.816134  65.762719     2.965     2.888 11 55556.81266334 19.299
  92  65.815040  65.763242     2.907     2.928 11 55566.72830581 19.636
  93  65.816573  65.763083     2.554     2.636 10 55576.64394784 21.352
  94  65.813546  65.762173     3.087     3.016 11 55586.55958758 19.306
  95  65.809270  65.760873     3.267     3.304 10 55596.47522405 18.511
  96  65.806667  65.760120     3.139     3.245 10 55606.39085765 19.408
  97  65.807950  65.760254     2.983     2.824  9 55616.30648952 18.916
  98  65.812384  65.760976     2.854     2.799 10 55626.22213245 16.203
  99  65.811442  65.761372     2.852     2.768 10 55636.13778431 15.619
 100  65.807944  65.761206     3.107     3.032 10 55646.05343389 13.377
 101  65.810224  65.759946     3.111     2.884 10 55655.96908126 13.672
 102  65.806741  65.759569     6.992     6.806  9 55665.88472358 11.096
 103  65.808632  65.759791     4.378     4.217 10 55675.80036340 36.242
 104  65.812040  65.760888     5.865     5.818 10 55685.71600155 41.956
 105  65.812066  65.762330     7.041     6.993 11 55695.63163821 33.717
 106  65.814555  65.763040     6.855     6.806 11 55705.54727386 30.411
 107  65.814448  65.762889     6.795     6.788 10 55715.46292221 51.928
 108  65.813554  65.762774     6.528     6.278 11 55725.37857099 30.983
 109  65.815784  65.763012     6.278     6.300 11 55735.29421818 36.339
 110  65.816669  65.763528     5.968     5.814 11 55745.20986398 33.183
 111  65.816600  65.763230     5.510     5.502 11 55755.12550804 28.969
 112  65.811971  65.761948     4.702     4.454 10 55765.04114936 52.056
 113  65.810453  65.759996     5.713     5.727 10 55774.95678814 26.853
 114  65.806278  65.759214     5.570     5.754 10 55784.87242349 25.938
 115  65.807867  65.760185     5.738     5.803 10 55794.78805708 26.051
 116  65.812982  65.761596     5.626     5.611 11 55804.70369550 24.484
 117  65.813681  65.762160     3.874     2.669 10 55814.61934492 30.239
 118  65.812292  65.761165     4.534     4.454 10 55824.53499191 35.586
 119  65.809465  65.759805     3.942     4.261 10 55834.45063416 38.898
 120  65.804157  65.759563     5.774     5.838 10 55844.36627234 26.352
 121  65.806134  65.760677     5.771     5.688 10 55854.28190821 26.674
 122  65.812099  65.762341     4.506     4.200 11 55864.19754703 28.389
 123  65.818444  65.762997     2.279     2.316 11 55874.11320112 42.856
 133  65.806965  65.759689     3.101     3.219  9 55973.26963587 18.302
 134  65.813682  65.761611     3.159     3.206 10 55983.18527258 18.634
 135  65.815240  65.762715     2.709     2.681 11 55993.10090690 18.461
 136  65.811716  65.761726     3.059     2.850 11 56003.01655583 18.010
 137  65.807197  65.759695     3.188     3.150 10 56012.93220489 17.971
 139  65.807002  65.760197     6.397     6.315 10 56032.76349415 10.137
 141  65.817002  65.763870     4.913     4.925 11 56052.59477478 27.560
 142  65.818060  65.763886     6.730     6.720 11 56062.51041050 35.388
 143  65.815067  65.762915     6.502     6.419 10 56072.42605063 32.320
 144  65.814028  65.762127     6.036     5.816 10 56082.34170083 29.504
 145  65.813510  65.762549     5.861     5.900 11 56092.25734854 32.360
 146  65.817698  65.763252     5.646     5.710 11 56102.17299440 34.624
 147  65.815675  65.763200     5.953     5.828 10 56112.08862537 32.077
 148  65.812312  65.761839     5.833     5.865 10 56122.00426427 25.816
 149  65.804732  65.760195     6.069     6.242 10 56131.91989900 26.008
 150  65.806491  65.759116     5.562     5.765 10 56141.83553521 25.704
 151  65.805907  65.760031     2.292     1.818 10 56151.75118598 35.214
 152  65.812084  65.761544     1.645     1.314 11 56161.66683560 35.607
 153  65.815820  65.762318     5.632     5.613 11 56171.58248319 23.066
 154  65.811023  65.761774     5.652     5.749 10 56181.49812558 25.040
 155  65.808530  65.760181     5.903     5.939 10 56191.41376441 27.613
 156  65.807287  65.759448     6.181     6.186 10 56201.32940059 26.675
 157  65.809875  65.760827     6.028     5.949 11 56211.24503492 23.123
 158  65.816482  65.763090     5.635     5.601 10 56221.16066770 27.776
 159  65.819628  65.764508     3.592     3.386 12 56231.07632021 28.008
 160  65.817480  65.764306     1.779     1.777 11 56240.99197290 41.380
 161  65.814172  65.763242     1.412     1.445 11 56250.90762143 31.875
 162  65.814178  65.762127     1.729     1.776 11 56260.82326550 30.822
 163  65.813135  65.762368     1.808     1.795 10 56270.73890707 30.169
 164  65.816580  65.762723     2.774     2.869 11 56280.65454730 20.031
 165  65.815827  65.762712     2.603     2.495 11 56290.57019948 20.850
 166  65.810435  65.761594     2.615     2.737 10 56300.48584698 22.823
 167  65.805752  65.759887     3.132     3.154 10 56310.40149048 20.221
 168  65.802981  65.759109     3.542     3.560 10 56320.31713186 20.266
 169  65.804564  65.760051     3.444     3.443 10 56330.23277285 19.538
 170  65.813555  65.761321     2.748     2.588 10 56340.14841386 18.691
 171  65.813863  65.762557     3.051     2.938 11 56350.06405188 16.943
 172  65.811356  65.762114     2.895     2.785 10 56359.97968884 16.933
 173  65.809314  65.760458     3.084     3.072 10 56369.89533882 15.103
 175  65.812367  65.760939     3.340     3.387 10 56389.72663154 14.781
 176  65.815880  65.762895    20.865    21.129 10 56399.64227506  7.838
 177  65.819708  65.764063     3.883     4.891 11 56409.55791605 23.071
 178  65.817916  65.764163     4.577     4.943 11 56419.47355197 38.075
 179  65.817871  65.763311     6.695     6.726 11 56429.38918694 40.469
 180  65.816267  65.762418     6.901     6.849 11 56439.30484028 32.760
 181  65.814718  65.762227     6.648     6.528 11 56449.22049114 32.112
 182  65.815162  65.762263     6.566     6.474 10 56459.13613999 33.583
 183  65.813680  65.761696     6.547     6.401 10 56469.05178536 32.245
 184  65.807712  65.761190     6.289     6.239 10 56478.96742637 29.441
 185  65.810338  65.759992     6.221     6.284 10 56488.88306425 29.395
 187  65.809168  65.760946     6.208     6.045 10 56508.71433297 27.715
 188  65.812745  65.761872     5.703     5.718 11 56518.62997298 32.185
 189  65.813090  65.762078     5.660     5.569 11 56528.54562696 29.119
 190  65.810665  65.761871     5.556     5.698 10 56538.46127651 25.593
 191  65.812742  65.760875     5.627     5.687 10 56548.37692242 23.540
 192  65.810361  65.761065     5.642     5.728 11 56558.29256539 26.116
 193  65.810984  65.762065     5.561     5.539 10 56568.20820773 22.654
 194  65.816634  65.763388     5.035     5.357 10 56578.12384922 24.144
 195  65.818473  65.764323     2.534     2.496 11 56588.03948671 48.711
 196  65.819153  65.764053     3.437     3.475 11 56597.95512903 40.904
 197  65.817838  65.762950     4.201     4.400 11 56607.87078034 37.739
 198  65.816109  65.762503     3.546     3.532 11 56617.78642663 32.799
 199  65.814140  65.762577     3.632     3.231 11 56627.70206953 31.656
 200  65.814590  65.762446     3.595     3.929 10 56637.61770982 28.366
 201  65.812725  65.761768     4.030     3.832 11 56647.53335201 21.080
 202  65.809740  65.760596     4.646     4.229 10 56657.44900367 20.044
 203  65.807554  65.759880     4.584     4.318  9 56667.36465110 19.488
 205  65.810207  65.761322     5.227     5.155 10 56687.19594022 17.615
 206  65.812930  65.761825     5.465     5.548 11 56697.11158225 17.289
 207  65.810915  65.761890     5.249     5.377 10 56707.02721927 16.990
 208  65.812267  65.761308     5.527     5.588 10 56716.94285453 16.618
 209  65.809844  65.761164     5.770     5.834 11 56726.85850736 16.560
 211  65.814881  65.763210     6.475     6.552 11 56746.68980238 12.696
 212  65.820027  65.763768     5.835     5.979 11 56756.60544405 14.793
 213  65.815191  65.764137     4.547     5.067 11 56766.52107904 21.762
 214  65.817429  65.763106     4.140     3.859 11 56776.43672112 17.164
 215  65.815765  65.762522     4.898     5.071 11 56786.35237742 36.416
 216  65.814932  65.762509     7.395     7.289 10 56796.26803019 33.698
 217  65.812887  65.762739     7.108     7.141 11 56806.18367823 30.713
 219  65.809970  65.760999     7.233     7.143 11 56826.01495807 31.197
 220  65.809066  65.759973     7.288     7.338 10 56835.93059277 31.245
 221  65.809361  65.760324     7.144     7.121 10 56845.84622430 29.137
 222  65.811692  65.761164     6.954     6.958 10 56855.76187225 30.509
 223  65.814219  65.762008     6.895     6.830 10 56865.67752590 28.562
 224  65.813493  65.761981     6.733     6.671 10 56875.59317828 31.895
 225  65.809537  65.761544     6.231     6.058 10 56885.50882727 30.896
 226  65.806849  65.760903     4.840     4.761 10 56895.42447348 42.842
 227  65.809113  65.761071     5.977     6.156 10 56905.34011703 24.135
 228  65.815020  65.762154     5.449     5.424 10 56915.25575874 31.032
 229  65.814813  65.763985     5.444     5.519 11 56925.17139806 26.642
 230  65.820468  65.764450     5.634     5.640 11 56935.08703499 33.008
 231  65.816435  65.764298     3.522     3.512 11 56945.00266579 40.565
 232  65.815714  65.762683     4.521     4.497 10 56954.91831589 42.290
 233  65.812222  65.761954     3.679     3.704 10 56964.83396523 31.475
 234  65.814147  65.762350     3.448     3.336 10 56974.74961043 28.303
 235  65.817798  65.763081     3.790     3.746 11 56984.66525133 24.222
 236  65.816150  65.763057     4.056     4.058 10 56994.58088662 20.989
 237  65.809745  65.761728     4.298     4.322 10 57004.49652580 20.682
 238  65.804859  65.759846     4.413     4.407 10 57014.41218115 19.995
 239  65.805641  65.759455     4.256     4.246  9 57024.32783218 19.127
 240  65.808072  65.761177     4.084     4.162 10 57034.24348091 17.178
 241  65.815826  65.762515     3.798     3.827 11 57044.15912772 17.383
 242  65.814591  65.762927     3.868     4.026 11 57054.07477103 17.479
 243  65.811035  65.761866     4.596     4.572 10 57063.99040951 15.851
 244  65.808153  65.761193     4.473     4.257 10 57073.90604308 15.360
 245  65.813118  65.761713     3.906     3.913 10 57083.82167375 17.265
 246  65.817055  65.763451     3.439     3.140 11 57093.73732473 18.221
 247  65.820659  65.764842     3.684     3.880 11 57103.65298181 18.989
 248  65.820809  65.764921     6.107     6.118 11 57113.56863464 15.692
 249  65.818239  65.763478    27.143    27.683 11 57123.48428120  5.398
 250  65.812647  65.762078     2.312     2.295 10 57133.39992211 15.476
