# NaN NaN NaN ;Mean Elev.(m), Avg Gradient(m/km), RMS Gradient(m/km) - SRTM1     
#   -5.559  -0.234   1.824 ;Mean Elev.(m), Avg Gradient(m/km), RMS Gradient(m/km) - ASTER GDEM
#    2.650   0.086   4.932 ;Mean Elev.(m), Avg Gradient(m/km), RMS Gradient(m/km) - GMTED2010 
   2    10.663 54672.36965471 47.98  65.880710  64.395934 26.349  235.96  243.56  239.94
   2    10.678 54672.36965530 34.82  65.886364  64.394977   -100  235.96  243.56  239.94
   2    10.655 54672.36965589 28.48  65.892017  64.394021 20.211  235.96  243.56  239.94
   2    10.214 54672.36965648 29.42  65.897670  64.393064 20.837  235.96  243.56  239.94
   2    10.841 54672.36965708 29.83  65.903323  64.392106 18.485  235.96  243.56  239.94
   3    -4.046 54682.28529831 15.95  65.880915  64.396824  2.953  244.36  246.20  246.44
   3    -3.130 54682.28529890 16.42  65.886569  64.395868  3.466  244.36  246.20  246.44
   3    -2.275 54682.28529950 16.59  65.892222  64.394911  3.072  244.36  246.20  246.44
   3    -1.466 54682.28530009 17.22  65.897876  64.393954  3.545  244.36  246.20  246.44
   3    -1.108 54682.28530068 16.63  65.903529  64.392996  3.037  244.36  246.20  246.44
   5    -2.339 54702.11658078 17.03  65.881332  64.397848  2.812  248.63  252.71  250.32
   5    -1.530 54702.11658137 18.00  65.886987  64.396892  4.197  248.63  252.71  250.32
   5    -1.288 54702.11658196 17.65  65.892640  64.395935  3.594  248.63  252.71  250.32
   5    -1.046 54702.11658255 17.62  65.898294  64.394978  3.162  248.63  252.71  250.32
   5    -0.808 54702.11658314 17.84  65.903947  64.394021  3.109  248.63  252.71  250.32
   6     9.523 54712.03222918 36.10  65.883054  64.395854 32.138  236.61  237.58  237.56
   6     9.492 54712.03222977 34.48  65.888708  64.394898 26.198  236.61  237.58  237.56
   6     6.430 54712.03223036 40.34  65.894361  64.393941   -100  236.61  237.58  237.56
   6     6.767 54712.03223095 41.02  65.900014  64.392984   -100  236.61  237.58  237.56
   7     9.461 54721.94788091 39.59  65.887847  64.392930 15.033  243.28  245.34  247.02
   7     6.901 54721.94788150 40.85  65.893499  64.391973 21.903  243.28  245.34  247.02
   7     6.841 54721.94788209 52.85  65.899151  64.391016   -100  243.28  245.34  247.02
   7     6.615 54721.94788268 54.59  65.904803  64.390059 13.277  243.28  245.34  247.02
   8     6.632 54731.86352923 37.12  65.885022  64.391751   -100  241.03  242.02  242.63
   8     6.457 54731.86352982 37.89  65.890674  64.390794   -100  241.03  242.02  242.63
   8     6.279 54731.86353041 35.05  65.896326  64.389837   -100  241.03  242.02  242.63
   8     9.466 54731.86353100 27.52  65.901978  64.388880 12.280  241.03  242.02  242.63
   9     5.917 54741.77917629 36.76  65.887377  64.391252   -100  242.70  244.39  246.34
   9     6.798 54741.77917688 36.67  65.893029  64.390295 17.774  242.70  244.39  246.34
   9     6.970 54741.77917748 39.84  65.898681  64.389338 17.895  242.70  244.39  246.34
   9     6.710 54741.77917807 44.91  65.904332  64.388380 24.206  242.70  244.39  246.34
  10     9.561 54751.69482301 30.39  65.888156  64.391546 12.582  245.23  243.21  243.35
  10     6.252 54751.69482360 35.55  65.893808  64.390589 24.661  245.23  243.21  243.35
  10     6.131 54751.69482419 36.96  65.899460  64.389632   -100  245.23  243.21  243.35
  10     6.229 54751.69482478 38.92  65.905112  64.388674 25.341  245.23  243.21  243.35
  11    10.073 54761.61046911 27.93  65.884890  64.392179 11.614  243.98  246.29  246.27
  11     9.939 54761.61046970 25.84  65.890543  64.391222  8.231 -100.00 -100.00 -100.00
  11     9.779 54761.61047029 27.07  65.896195  64.390265  9.614 -100.00 -100.00 -100.00
  11     9.552 54761.61047088 27.91  65.901847  64.389307 12.180 -100.00 -100.00 -100.00
  12     9.913 54771.52611363 25.57  65.889010  64.390670 10.784  251.83  252.01  250.10
  12     9.685 54771.52611422 26.61  65.894663  64.389713 13.509 -100.00 -100.00 -100.00
  12     9.505 54771.52611482 27.55  65.900315  64.388755 14.915 -100.00 -100.00 -100.00
  13     6.918 54781.44175425 38.62  65.885249  64.390599   -100 -100.00 -100.00 -100.00
  13     7.690 54781.44175484 39.81  65.890902  64.389642 21.855 -100.00 -100.00 -100.00
  13     6.909 54781.44175543 40.86  65.896554  64.388685   -100 -100.00 -100.00 -100.00
  13     6.959 54781.44175602 43.06  65.902206  64.387727   -100 -100.00 -100.00 -100.00
  14     6.701 54791.35739297 34.71  65.887960  64.390095 30.632  250.18  246.91  241.96
  14     6.566 54791.35739357 37.22  65.893612  64.389138   -100  250.18  246.91  241.96
  14     6.809 54791.35739416 33.20  65.899265  64.388180 25.467  250.18  246.91  241.96
  14     6.696 54791.35739475 38.84  65.904917  64.387223   -100  250.18  246.91  241.96
  17     9.812 54821.10430769 16.77  65.883705  64.394785  4.406 -100.00 -100.00 -100.00
  17     9.352 54821.10430828 17.19  65.889359  64.393828  5.147 -100.00 -100.00 -100.00
  17     9.462 54821.10430887 17.37  65.895012  64.392871  4.743 -100.00 -100.00 -100.00
  17     9.754 54821.10430946 17.22  65.900665  64.391914  5.349 -100.00 -100.00 -100.00
  18     9.991 54831.01995997 15.10  65.883654  64.394389  3.934 -100.00 -100.00 -100.00
  18    10.012 54831.01996056 15.09  65.889308  64.393433  3.741 -100.00 -100.00 -100.00
  18    10.102 54831.01996115 14.62  65.894961  64.392476  3.200 -100.00 -100.00 -100.00
  18     9.891 54831.01996174 15.07  65.900613  64.391518  3.793 -100.00 -100.00 -100.00
  19    10.234 54840.93559908 14.62  65.886788  64.393562  3.436  249.06  242.00  220.59
  19    10.160 54840.93559967 14.60  65.892441  64.392605  3.061  249.06  242.00  220.59
  19    10.189 54840.93560026 14.53  65.898093  64.391648  2.605  249.06  242.00  220.59
  19    10.046 54840.93560085 14.67  65.903745  64.390691  3.258  249.06  242.00  220.59
  20    10.503 54850.85124751 13.99  65.881818  64.394815  3.645 -100.00 -100.00 -100.00
  20    10.377 54850.85124810 13.92  65.887471  64.393858  3.374 -100.00 -100.00 -100.00
  20    10.262 54850.85124869 13.99  65.893124  64.392901  3.307 -100.00 -100.00 -100.00
  20    10.098 54850.85124928 14.06  65.898776  64.391944  3.403 -100.00 -100.00 -100.00
  20    10.246 54850.85124987 13.91  65.904428  64.390986  2.951 -100.00 -100.00 -100.00
  21    10.615 54860.76689621 14.49  65.884262  64.395467  3.030  246.10  236.21  207.35
  21    10.451 54860.76689680 14.59  65.889915  64.394510  2.849  246.10  236.21  207.35
  21    10.487 54860.76689739 14.70  65.895568  64.393553  3.042  246.10  236.21  207.35
  21    10.305 54860.76689798 14.70  65.901220  64.392595  2.661  246.10  236.21  207.35
  22    10.264 54870.68254449 13.58  65.881681  64.396503  3.869 -100.00 -100.00 -100.00
  22    10.376 54870.68254508 13.49  65.887334  64.395546  3.040 -100.00 -100.00 -100.00
  22    10.489 54870.68254567 13.15  65.892987  64.394589  2.744 -100.00 -100.00 -100.00
  22    10.476 54870.68254626 13.49  65.898640  64.393631  3.267 -100.00 -100.00 -100.00
  22    10.569 54870.68254685 13.28  65.904292  64.392673  2.687 -100.00 -100.00 -100.00
  23    10.120 54880.59819224 11.62  65.886215  64.394700  2.832  247.21  233.58  203.59
  23    10.264 54880.59819283 12.22  65.891868  64.393742  3.188  247.21  233.58  203.59
  23    10.218 54880.59819342 12.04  65.897521  64.392785  2.716  247.21  233.58  203.59
  23    10.356 54880.59819401 11.80  65.903173  64.391827  2.624  247.21  233.58  203.59
  24    10.249 54890.51383643 12.69  65.886444  64.392401  3.248  248.86  235.82  204.66
  24    10.327 54890.51383702 12.66  65.892097  64.391443  2.688  248.86  235.82  204.66
  24    10.255 54890.51383761 12.79  65.897749  64.390486  2.789  248.86  235.82  204.66
  24    10.246 54890.51383820 12.50  65.903401  64.389528  2.466 -100.00 -100.00 -100.00
  25    10.261 54900.42947749 12.21  65.885480  64.390383  2.856 -100.00 -100.00 -100.00
  25    10.334 54900.42947808 12.29  65.891133  64.389426  3.103 -100.00 -100.00 -100.00
  25    10.338 54900.42947867 12.36  65.896785  64.388469  3.033 -100.00 -100.00 -100.00
  25     9.870 54900.42947926 12.47  65.902436  64.387511  3.214 -100.00 -100.00 -100.00
  26    10.612 54910.34511702 13.05  65.890257  64.389450  2.809 -100.00 -100.00 -100.00
  26    10.614 54910.34511761 13.21  65.895909  64.388492  3.338 -100.00 -100.00 -100.00
  26    10.582 54910.34511820 12.86  65.901561  64.387535  2.998 -100.00 -100.00 -100.00
  27    10.851 54920.26075415 14.17  65.884591  64.391915  2.886  247.08  230.54  198.97
  27    10.801 54920.26075474 14.29  65.890243  64.390957  2.968  247.08  230.54  198.97
  27    10.639 54920.26075533 14.41  65.895896  64.390000  2.838  247.08  230.54  198.97
  27    10.632 54920.26075592 14.25  65.901547  64.389042  2.723  247.08  230.54  198.97
  28    10.955 54930.17639167 12.50  65.886670  64.392984  2.659 -100.00 -100.00 -100.00
  28    10.819 54930.17639226 12.34  65.892322  64.392027  2.677 -100.00 -100.00 -100.00
  28    10.772 54930.17639285 12.64  65.897975  64.391070  2.928 -100.00 -100.00 -100.00
  28    10.867 54930.17639344 12.56  65.903626  64.390112  3.044 -100.00 -100.00 -100.00
  29    11.045 54940.09202807 12.56  65.887552  64.392695  2.725 -100.00 -100.00 -100.00
  29    11.010 54940.09202866 12.50  65.893205  64.391738  2.829 -100.00 -100.00 -100.00
  29    10.987 54940.09202926 12.73  65.898857  64.390781  2.757 -100.00 -100.00 -100.00
  29    10.961 54940.09202985 12.69  65.904509  64.389823  2.866 -100.00 -100.00 -100.00
  30    10.042 54950.00766264 10.16  65.885796  64.391884  5.734 -100.00 -100.00 -100.00
  30    10.334 54950.00766323  9.86  65.891448  64.390928  6.096 -100.00 -100.00 -100.00
  30     5.687 54950.00766382 17.05  65.897100  64.389971 17.581 -100.00 -100.00 -100.00
  30     5.919 54950.00766441 12.79  65.902752  64.389014  9.038 -100.00 -100.00 -100.00
  31     7.806 54959.92330185 37.70  65.886228  64.390818   -100 -100.00 -100.00 -100.00
  31     7.775 54959.92330244 40.03  65.891880  64.389862 16.557 -100.00 -100.00 -100.00
  31     7.770 54959.92330303 45.14  65.897532  64.388905   -100 -100.00 -100.00 -100.00
  31     7.798 54959.92330363 48.38  65.903183  64.387948   -100 -100.00 -100.00 -100.00
  32    10.694 54969.83895047 48.79  65.886547  64.391080 16.020  222.56  215.99  204.14
  32    10.633 54969.83895106 38.34  65.892198  64.390123   -100  222.56  215.99  204.14
  32    10.635 54969.83895165 39.61  65.897850  64.389166   -100  222.56  215.99  204.14
  32    10.641 54969.83895224 37.25  65.903501  64.388209   -100  222.56  215.99  204.14
  33    11.528 54979.75459742 44.29  65.883498  64.393041   -100 -100.00 -100.00 -100.00
  33    11.495 54979.75459801 43.32  65.889151  64.392084   -100 -100.00 -100.00 -100.00
  33    11.279 54979.75459860 43.59  65.894803  64.391127   -100 -100.00 -100.00 -100.00
  33    11.261 54979.75459919 43.83  65.900455  64.390170   -100 -100.00 -100.00 -100.00
  34    11.196 54989.67024465 30.10  65.884876  64.393995 16.377  197.29  211.14  203.52
  34    11.115 54989.67024524 28.20  65.890529  64.393038 11.739  197.29  211.14  203.52
  34    11.104 54989.67024583 28.98  65.896181  64.392081 11.872  197.29  211.14  203.52
  34    11.262 54989.67024642 29.98  65.901833  64.391124 14.010  197.29  211.14  203.52
  35    11.085 54999.58589204 32.03  65.887174  64.393543 24.290 -100.00 -100.00 -100.00
  35    11.048 54999.58589263 29.40  65.892827  64.392586 16.735 -100.00 -100.00 -100.00
  35    10.980 54999.58589322 29.96  65.898479  64.391629 17.680 -100.00 -100.00 -100.00
  35    11.183 54999.58589381 36.18  65.904131  64.390672   -100 -100.00 -100.00 -100.00
  36    11.012 55009.50153693 27.99  65.882287  64.394053 15.227  207.45  210.06  213.81
  36    10.939 55009.50153752 30.13  65.887941  64.393096 20.200  207.45  210.06  213.81
  36    10.980 55009.50153811 29.38  65.893593  64.392139 17.798  207.45  210.06  213.81
  36    10.804 55009.50153870 33.75  65.899246  64.391182 32.140  207.45  210.06  213.81
  36    11.131 55009.50153929 35.14  65.904898  64.390224 31.817  207.45  210.06  213.81
  37    10.816 55019.41718117 48.75  65.887447  64.393124 28.919 -100.00 -100.00 -100.00
  37    10.796 55019.41718176 38.76  65.893100  64.392167   -100 -100.00 -100.00 -100.00
  37    10.790 55019.41718235 40.57  65.898753  64.391210   -100 -100.00 -100.00 -100.00
  37    11.052 55019.41718294 44.55  65.904405  64.390252   -100 -100.00 -100.00 -100.00
  38    10.433 55029.33282292 42.53  65.881681  64.395147 11.523  233.59  234.48  235.58
  38    10.362 55029.33282351 35.53  65.887335  64.394190   -100  233.59  234.48  235.58
  38    10.392 55029.33282410 27.49  65.892988  64.393233 16.859  233.59  234.48  235.58
  38    10.357 55029.33282469 28.78  65.898640  64.392276 18.324  233.59  234.48  235.58
  38    11.059 55029.33282528 31.57  65.904293  64.391318 21.914  233.59  234.48  235.58
  39    10.049 55039.24846485 35.51  65.883266  64.396245   -100  250.38  254.09  251.19
  39    10.031 55039.24846544 35.86  65.888919  64.395288   -100 -100.00 -100.00 -100.00
  39     9.988 55039.24846603 34.35  65.894573  64.394331   -100 -100.00 -100.00 -100.00
  39     9.917 55039.24846662 28.80  65.900225  64.393374 22.520 -100.00 -100.00 -100.00
  40     9.680 55049.16410534 30.09  65.882835  64.397273 30.191  251.02  251.71  251.53
  40     9.437 55049.16410593 27.23  65.888489  64.396316 22.358  251.02  251.71  251.53
  40     9.171 55049.16410652 28.62  65.894143  64.395359 26.380  251.02  251.71  251.53
  40     9.037 55049.16410711 24.75  65.899796  64.394402 14.775  251.02  251.71  251.53
  41     9.664 55059.07974418 23.91  65.885168  64.395998 10.913  254.80  256.67  255.02
  41     9.877 55059.07974477 22.23  65.890821  64.395041 10.969 -100.00 -100.00 -100.00
  41     9.402 55059.07974536 22.19  65.896474  64.394085  9.968 -100.00 -100.00 -100.00
  41     9.217 55059.07974596 24.40  65.902127  64.393127 15.797 -100.00 -100.00 -100.00
  42     7.522 55068.99538407 42.17  65.887248  64.393236   -100  243.38  244.00  243.13
  42     7.473 55068.99538466 34.91  65.892901  64.392280 27.096  243.38  244.00  243.13
  42     7.450 55068.99538525 33.88  65.898553  64.391323 26.566  243.38  244.00  243.13
  42     7.855 55068.99538584 41.94  65.904205  64.390365 31.195  243.38  244.00  243.13
  43     7.553 55078.91103404 36.02  65.886969  64.390584 20.424  252.13  255.15  251.21
  43     6.858 55078.91103463 36.87  65.892621  64.389628 24.301  252.13  255.15  251.21
  43     8.131 55078.91103523 43.10  65.898273  64.388671 18.423  252.13  255.15  251.21
  43     7.154 55078.91103582 53.31  65.903924  64.387713 19.345  252.13  255.15  251.21
  44    10.192 55088.82668157 22.15  65.885741  64.390151 10.116 -100.00 -100.00 -100.00
  44     9.855 55088.82668216 22.38  65.891393  64.389194 10.149 -100.00 -100.00 -100.00
  44     9.573 55088.82668275 22.34  65.897045  64.388237 10.849 -100.00 -100.00 -100.00
  44     6.627 55088.82668334 28.92  65.902696  64.387280 27.889 -100.00 -100.00 -100.00
  45     9.579 55098.74232767 26.05  65.885958  64.391387 16.804 -100.00 -100.00 -100.00
  45     9.064 55098.74232826 28.40  65.891610  64.390430 26.326 -100.00 -100.00 -100.00
  45     6.162 55098.74232885 31.50  65.897262  64.389472   -100 -100.00 -100.00 -100.00
  45     6.041 55098.74232944 31.35  65.902913  64.388515 28.653 -100.00 -100.00 -100.00
  46     9.530 55108.65797299 23.04  65.883924  64.393271 13.578 -100.00 -100.00 -100.00
  46     9.532 55108.65797358 20.31  65.889577  64.392314  7.543 -100.00 -100.00 -100.00
  46     9.705 55108.65797417 20.75  65.895230  64.391357  8.695 -100.00 -100.00 -100.00
  46    10.043 55108.65797476 22.16  65.900882  64.390399 12.262 -100.00 -100.00 -100.00
  47     6.308 55118.57361796 35.16  65.887732  64.392392 23.283 -100.00 -100.00 -100.00
  47     6.270 55118.57361855 37.01  65.893385  64.391435 28.154 -100.00 -100.00 -100.00
  47     5.725 55118.57361914 38.78  65.899037  64.390478   -100 -100.00 -100.00 -100.00
  47     6.057 55118.57361973 44.26  65.904689  64.389520   -100 -100.00 -100.00 -100.00
  48     9.739 55128.48925999 24.58  65.884921  64.390902 13.623 -100.00 -100.00 -100.00
  48     9.576 55128.48926059 24.56  65.890573  64.389945 14.491 -100.00 -100.00 -100.00
  48     9.676 55128.48926118 24.10  65.896226  64.388988 11.659 -100.00 -100.00 -100.00
  48     9.435 55128.48926177 23.75  65.901878  64.388030 11.811 -100.00 -100.00 -100.00
  49     6.526 55138.40490065 31.21  65.888967  64.388449 20.253 -100.00 -100.00 -100.00
  49     6.231 55138.40490124 33.26  65.894619  64.387492 25.612 -100.00 -100.00 -100.00
  49     5.763 55138.40490183 40.10  65.900271  64.386535  8.470 -100.00 -100.00 -100.00
  50     5.002 55148.32053897 36.34  65.886375  64.389392   -100  250.46  249.75  244.21
  50     5.048 55148.32053956 36.90  65.892027  64.388435   -100  250.46  249.75  244.21
  50     5.044 55148.32054015 38.96  65.897680  64.387478   -100  250.46  249.75  244.21
  50     5.014 55148.32054074 40.05  65.903332  64.386520   -100 -100.00 -100.00 -100.00
  51     5.028 55158.23617663 33.66  65.883768  64.392503 22.708 -100.00 -100.00 -100.00
  51     5.068 55158.23617722 35.35  65.889421  64.391546   -100 -100.00 -100.00 -100.00
  51     5.409 55158.23617781 35.10  65.895074  64.390589 28.666 -100.00 -100.00 -100.00
  51     5.381 55158.23617840 36.32  65.900727  64.389632 31.669 -100.00 -100.00 -100.00
  52     5.243 55168.15181409 25.82  65.880931  64.395495 12.016  253.78  250.77  242.67
  52     5.359 55168.15181468 26.21  65.886585  64.394538 11.252  253.78  250.77  242.67
  52     5.585 55168.15181527 27.17  65.892238  64.393581 14.877  253.78  250.77  242.67
  52     5.609 55168.15181586 26.09  65.897892  64.392624 10.942  253.78  250.77  242.67
  52     5.529 55168.15181645 26.24  65.903544  64.391666 11.725  253.78  250.77  242.67
  53     5.713 55178.06745156 18.00  65.883776  64.395964  4.835 -100.00 -100.00 -100.00
  53     6.579 55178.06745215 18.22  65.889430  64.395007  5.197 -100.00 -100.00 -100.00
  53     6.465 55178.06745274 18.13  65.895084  64.394051  4.975 -100.00 -100.00 -100.00
  53     6.411 55178.06745333 17.46  65.900736  64.393093  4.499 -100.00 -100.00 -100.00
  54     6.499 55187.98309655 15.67  65.885282  64.394633  4.075  247.24  241.61  225.70
  54     6.516 55187.98309714 15.15  65.890936  64.393677  4.143  247.24  241.61  225.70
  54     6.684 55187.98309774 16.16  65.896589  64.392720  6.146  247.24  241.61  225.70
  54     7.447 55187.98309833 15.78  65.902241  64.391762  5.475  247.24  241.61  225.70
  55     5.745 55197.89874736 15.61  65.884379  64.393792  4.026  246.71  240.33  221.18
  55     6.961 55197.89874795 15.36  65.890032  64.392835  3.843  246.71  240.33  221.18
  55     6.824 55197.89874854 15.51  65.895684  64.391878  4.176 -100.00 -100.00 -100.00
  55     6.853 55197.89874913 15.66  65.901337  64.390921  4.179 -100.00 -100.00 -100.00
  56     7.200 55207.81439689 13.76  65.882492  64.394569  3.976 -100.00 -100.00 -100.00
  56     6.133 55207.81439748 14.12  65.888145  64.393612  3.945 -100.00 -100.00 -100.00
  56     8.306 55207.81439807 13.55  65.893797  64.392655  3.442 -100.00 -100.00 -100.00
  56     8.584 55207.81439866 13.59  65.899450  64.391698  3.402 -100.00 -100.00 -100.00
  57     6.754 55217.73004601 14.06  65.882946  64.395880  3.910  248.43  239.51  216.17
  57     6.700 55217.73004660 14.34  65.888599  64.394924  4.942  248.43  239.51  216.17
  57     8.001 55217.73004719 14.05  65.894252  64.393966  4.386  248.43  239.51  216.17
  57     8.763 55217.73004778 13.70  65.899905  64.393009  3.582  248.43  239.51  216.17
  58     9.917 55227.64569470 13.68  65.885315  64.395733  3.639 -100.00 -100.00 -100.00
  58     9.805 55227.64569529 13.79  65.890968  64.394776  3.620 -100.00 -100.00 -100.00
  58     9.758 55227.64569588 13.65  65.896621  64.393818  3.743 -100.00 -100.00 -100.00
  58     9.605 55227.64569647 13.49  65.902273  64.392861  3.350 -100.00 -100.00 -100.00
  59     9.905 55237.56134056 13.90  65.886477  64.393943  4.147  245.23  234.45  207.13
  59    10.023 55237.56134115 13.54  65.892130  64.392986  2.919  245.23  234.45  207.13
  59     9.921 55237.56134174 13.54  65.897782  64.392028  3.289 -100.00 -100.00 -100.00
  59     9.682 55237.56134233 13.57  65.903435  64.391071  2.742 -100.00 -100.00 -100.00
  60    10.390 55247.47698287 13.73  65.886125  64.391204  2.953 -100.00 -100.00 -100.00
  60    10.141 55247.47698346 14.01  65.891778  64.390247  3.766 -100.00 -100.00 -100.00
  60    10.194 55247.47698405 14.04  65.897430  64.389289  3.656 -100.00 -100.00 -100.00
  60    10.008 55247.47698464 13.98  65.903082  64.388332  3.767 -100.00 -100.00 -100.00
  61    10.642 55257.39262289 14.27  65.887889  64.388805  3.115  243.47  232.35  203.86
  61    10.488 55257.39262348 14.27  65.893541  64.387847  3.151  243.47  232.35  203.86
  61    10.743 55257.39262407 14.15  65.899192  64.386890  3.059  243.47  232.35  203.86
  61    10.387 55257.39262466 14.27  65.904844  64.385932  3.109  243.47  232.35  203.86
  62    10.451 55267.30826209 14.87  65.891657  64.388441  3.095  246.68  234.04  207.38
  62    10.352 55267.30826268 15.04  65.897309  64.387484  2.993  246.68  234.04  207.38
  62    10.386 55267.30826327 14.87  65.902960  64.386526  3.109 -100.00 -100.00 -100.00
  63    10.804 55277.22389946 15.77  65.884142  64.391899  3.089 -100.00 -100.00 -100.00
  63    10.492 55277.22390005 15.75  65.889795  64.390942  3.073 -100.00 -100.00 -100.00
  63    10.520 55277.22390064 15.57  65.895447  64.389985  2.868 -100.00 -100.00 -100.00
  63    10.376 55277.22390123 15.76  65.901099  64.389027  3.137 -100.00 -100.00 -100.00
  64    10.880 55287.13953660 14.62  65.884963  64.393603  2.722 -100.00 -100.00 -100.00
  64    10.831 55287.13953719 14.68  65.890615  64.392646  3.066 -100.00 -100.00 -100.00
  64    10.722 55287.13953778 14.86  65.896268  64.391689  3.123 -100.00 -100.00 -100.00
  64    10.612 55287.13953837 14.68  65.901920  64.390731  2.691 -100.00 -100.00 -100.00
  65    10.856 55297.05517136 15.33  65.883713  64.394020  2.764  246.80  242.02  231.83
  65    10.812 55297.05517195 15.30  65.889366  64.393064  2.669  246.80  242.02  231.83
  65    10.618 55297.05517254 15.21  65.895019  64.392107  2.694  246.80  242.02  231.83
  65    10.461 55297.05517313 15.51  65.900671  64.391150  2.954  246.80  242.02  231.83
  66     9.377 55306.97081331  8.32  65.889000  64.391135  7.286 -100.00 -100.00 -100.00
  66     7.120 55306.97081390  8.67  65.894652  64.390178  7.034 -100.00 -100.00 -100.00
  66     9.647 55306.97081449  7.85  65.900304  64.389221  6.715 -100.00 -100.00 -100.00
  67    10.061 55316.88645990 38.27  65.886642  64.389581 32.526  249.89  243.86  228.49
  67    10.018 55316.88646049 37.01  65.892293  64.388624   -100  249.89  243.86  228.49
  67     9.645 55316.88646108 37.65  65.897944  64.387667   -100  249.89  243.86  228.49
  67     6.621 55316.88646167 38.62  65.903595  64.386710   -100  249.89  243.86  228.49
  68    10.048 55326.80210557 36.47  65.889376  64.389346   -100  239.27  244.65  244.98
  68    10.045 55326.80210616 36.96  65.895027  64.388389   -100  239.27  244.65  244.98
  68     9.940 55326.80210675 41.12  65.900678  64.387432   -100  239.27  244.65  244.98
  69    10.434 55336.71774951 42.46  65.886751  64.391971   -100 -100.00 -100.00 -100.00
  69    10.392 55336.71775010 33.87  65.892403  64.391014  4.864 -100.00 -100.00 -100.00
  69    10.420 55336.71775069 31.45  65.898055  64.390057   -100 -100.00 -100.00 -100.00
  69    10.966 55336.71775128 30.61  65.903706  64.389100 23.151 -100.00 -100.00 -100.00
  70    10.588 55346.63339301 38.09  65.884511  64.394525  9.131  215.11  216.08  221.13
  70    10.570 55346.63339360 33.18  65.890164  64.393568   -100  215.11  216.08  221.13
  70    10.573 55346.63339419 29.70  65.895816  64.392611 22.660  215.11  216.08  221.13
  70    10.679 55346.63339478 29.23  65.901468  64.391653 18.478  215.11  216.08  221.13
  71    10.570 55356.54903531 43.48  65.882963  64.395449   -100  222.06  224.48  226.86
  71    10.544 55356.54903590 33.74  65.888616  64.394492  0.403  222.06  224.48  226.86
  71    10.572 55356.54903649 28.93  65.894269  64.393535 25.600  222.06  224.48  226.86
  71    10.513 55356.54903708 29.60  65.899922  64.392578 23.360  222.06  224.48  226.86
  72    10.462 55366.46467571 49.20  65.881492  64.395253 29.015  231.92  235.60  236.65
  72    10.423 55366.46467630 37.39  65.887146  64.394297 19.797  231.92  235.60  236.65
  72    10.414 55366.46467689 28.17  65.892799  64.393340 29.867  231.92  235.60  236.65
  72    10.394 55366.46467748 28.04  65.898451  64.392382 18.489  231.92  235.60  236.65
  72    10.345 55366.46467807 27.52  65.904103  64.391425 16.991  231.92  235.60  236.65
  73    10.413 55376.38031510 42.39  65.884260  64.394326   -100  241.19  243.96  243.38
  73    10.415 55376.38031569 33.98  65.889913  64.393369  3.387  241.19  243.96  243.38
  73    10.412 55376.38031628 29.79  65.895566  64.392412 31.179  241.19  243.96  243.38
  73    10.333 55376.38031687 27.58  65.901219  64.391455 19.494 -100.00 -100.00 -100.00
  74    10.549 55386.29595287 47.40  65.880941  64.395537  9.511  243.03  243.35  244.80
  74    10.331 55386.29595346 38.08  65.886594  64.394581 11.443  243.03  243.35  244.80
  74    10.364 55386.29595405 28.60  65.892247  64.393624 26.034  243.03  243.35  244.80
  74    10.301 55386.29595464 30.50  65.897900  64.392667 28.554  243.03  243.35  244.80
  74    10.249 55386.29595523 27.81  65.903553  64.391709 18.162  243.03  243.35  244.80
  75    10.346 55396.21159003 43.88  65.880542  64.396814   -100 -100.00 -100.00 -100.00
  75    10.301 55396.21159062 35.87  65.886196  64.395857  0.834 -100.00 -100.00 -100.00
  75    10.308 55396.21159121 30.64  65.891849  64.394901   -100 -100.00 -100.00 -100.00
  75    10.271 55396.21159180 29.34  65.897502  64.393944 21.333 -100.00 -100.00 -100.00
  75    10.163 55396.21159239 27.79  65.903155  64.392986 18.843 -100.00 -100.00 -100.00
  76    10.223 55406.12723129 43.53  65.879736  64.397586   -100 -100.00 -100.00 -100.00
  76    10.185 55406.12723188 38.56  65.885390  64.396630 21.757 -100.00 -100.00 -100.00
  76    10.185 55406.12723247 30.77  65.891043  64.395673   -100 -100.00 -100.00 -100.00
  76     9.889 55406.12723306 26.58  65.896696  64.394716 22.639 -100.00 -100.00 -100.00
  76     9.868 55406.12723365 26.97  65.902349  64.393759 21.294 -100.00 -100.00 -100.00
  77    10.061 55416.04288324 39.50  65.884290  64.395193 25.736 -100.00 -100.00 -100.00
  77    10.065 55416.04288383 32.41  65.889943  64.394236   -100 -100.00 -100.00 -100.00
  77    10.053 55416.04288442 28.75  65.895596  64.393279 29.160 -100.00 -100.00 -100.00
  77     9.947 55416.04288501 27.48  65.901248  64.392322 23.564 -100.00 -100.00 -100.00
  78     9.773 55425.95853158 27.07  65.885021  64.392197 21.094  245.20  245.35  245.59
  78     9.668 55425.95853217 28.50  65.890673  64.391240 27.640 -100.00 -100.00 -100.00
  78     9.567 55425.95853276 25.29  65.896325  64.390283 17.434 -100.00 -100.00 -100.00
  78     9.484 55425.95853335 26.19  65.901976  64.389326 20.411 -100.00 -100.00 -100.00
  79     9.895 55435.87417733 28.41  65.887467  64.389595 26.500 -100.00 -100.00 -100.00
  79     9.867 55435.87417792 28.13  65.893118  64.388638 25.212 -100.00 -100.00 -100.00
  79     9.782 55435.87417851 23.82  65.898770  64.387681 13.753 -100.00 -100.00 -100.00
  79     9.935 55435.87417910 22.07  65.904420  64.386724  9.303 -100.00 -100.00 -100.00
  80     9.880 55445.78982160 22.79  65.890590  64.388896 11.432  248.48  248.92  249.07
  80     9.720 55445.78982219 23.52  65.896241  64.387938 12.433  248.48  248.92  249.07
  80     9.805 55445.78982278 22.85  65.901892  64.386981 11.127  248.48  248.92  249.07
  81     9.795 55455.70546430 22.82  65.887182  64.390976  8.943 -100.00 -100.00 -100.00
  81     9.636 55455.70546489 24.49  65.892834  64.390019 10.860 -100.00 -100.00 -100.00
  81     9.556 55455.70546548 22.72  65.898485  64.389061  8.657 -100.00 -100.00 -100.00
  81     9.835 55455.70546607 21.20  65.904137  64.388104  5.806 -100.00 -100.00 -100.00
  82     9.718 55465.62110667 27.99  65.887718  64.392620 25.132 -100.00 -100.00 -100.00
  82     9.609 55465.62110726 25.02  65.893370  64.391663 17.351 -100.00 -100.00 -100.00
  82     9.547 55465.62110785 21.74  65.899023  64.390706  8.539 -100.00 -100.00 -100.00
  82     9.477 55465.62110844 22.33  65.904675  64.389748  9.319 -100.00 -100.00 -100.00
  83     9.684 55475.53674597 30.12  65.886098  64.393080 25.081 -100.00 -100.00 -100.00
  83     9.485 55475.53674656 34.02  65.891751  64.392123   -100 -100.00 -100.00 -100.00
  83     9.685 55475.53674715 24.89  65.897403  64.391166 12.046 -100.00 -100.00 -100.00
  83     9.422 55475.53674774 24.41  65.903056  64.390209  9.463 -100.00 -100.00 -100.00
  84     9.826 55485.45238249 25.37  65.886371  64.391665 15.791 -100.00 -100.00 -100.00
  84     9.684 55485.45238308 24.94  65.892024  64.390708 16.017 -100.00 -100.00 -100.00
  84     9.519 55485.45238367 24.17  65.897677  64.389751 13.710 -100.00 -100.00 -100.00
  84     9.717 55485.45238426 24.91  65.903329  64.388794 16.250 -100.00 -100.00 -100.00
  85     9.988 55495.36801733 26.40  65.890538  64.389555 12.688 -100.00 -100.00 -100.00
  85     9.817 55495.36801792 24.10  65.896191  64.388598  9.762 -100.00 -100.00 -100.00
  85     9.613 55495.36801851 24.20  65.901843  64.387641  8.765 -100.00 -100.00 -100.00
  86     9.412 55505.28365087 27.92  65.887361  64.390885 17.162  251.74  253.94  256.85
  86     9.180 55505.28365146 28.97  65.893014  64.389928 21.309  251.74  253.94  256.85
  86     9.190 55505.28365205 30.48  65.898667  64.388971 26.040  251.74  253.94  256.85
  86     9.641 55505.28365264 27.60  65.904319  64.388014 14.636  251.74  253.94  256.85
  87     5.999 55515.19930090 27.40  65.883361  64.393253 22.280 -100.00 -100.00 -100.00
  87     6.025 55515.19930149 26.72  65.889014  64.392297 20.293 -100.00 -100.00 -100.00
  87     6.402 55515.19930208 25.74  65.894667  64.391340 17.088 -100.00 -100.00 -100.00
  87     9.190 55515.19930267 23.12  65.900320  64.390382 11.545 -100.00 -100.00 -100.00
  88     5.945 55525.11495025 33.70  65.881664  64.395497   -100 -100.00 -100.00 -100.00
  88     6.077 55525.11495084 34.75  65.887317  64.394540   -100 -100.00 -100.00 -100.00
  88     6.006 55525.11495143 36.41  65.892971  64.393583   -100 -100.00 -100.00 -100.00
  88     5.922 55525.11495202 39.49  65.898624  64.392626  9.405 -100.00 -100.00 -100.00
  88     5.852 55525.11495261 35.35  65.904277  64.391669   -100 -100.00 -100.00 -100.00
  89     5.175 55535.03059791 33.52  65.881126  64.396120   -100 -100.00 -100.00 -100.00
  89     5.257 55535.03059850 34.50  65.886780  64.395163   -100 -100.00 -100.00 -100.00
  89     5.267 55535.03059909 35.60  65.892434  64.394206   -100 -100.00 -100.00 -100.00
  89     5.259 55535.03059968 34.70  65.898087  64.393249   -100 -100.00 -100.00 -100.00
  89     5.352 55535.03060027 33.94  65.903739  64.392291   -100 -100.00 -100.00 -100.00
  90     5.535 55544.94624427 27.73  65.886631  64.394411 20.084 -100.00 -100.00 -100.00
  90     5.578 55544.94624486 28.79  65.892284  64.393454 23.186 -100.00 -100.00 -100.00
  90     5.595 55544.94624545 25.80  65.897937  64.392497 13.927 -100.00 -100.00 -100.00
  90     5.530 55544.94624604 25.29  65.903589  64.391540 13.665 -100.00 -100.00 -100.00
  91     5.457 55554.86188799 26.56  65.885196  64.393959 17.267 -100.00 -100.00 -100.00
  91     5.463 55554.86188859 29.40  65.890849  64.393002 28.994 -100.00 -100.00 -100.00
  91     5.437 55554.86188918 29.41  65.896501  64.392045 28.429 -100.00 -100.00 -100.00
  91     5.455 55554.86188977 24.36  65.902153  64.391087 13.285 -100.00 -100.00 -100.00
  92     5.239 55564.77753044 20.71  65.881850  64.394771 10.349 -100.00 -100.00 -100.00
  92     5.291 55564.77753103 23.32  65.887503  64.393814 14.883 -100.00 -100.00 -100.00
  92     5.584 55564.77753162 21.70  65.893156  64.392857 10.415 -100.00 -100.00 -100.00
  92     5.563 55564.77753221 22.65  65.898808  64.391900 11.699 -100.00 -100.00 -100.00
  92     5.516 55564.77753280 21.80  65.904460  64.390942 11.858 -100.00 -100.00 -100.00
  93     5.000 55574.69317283 21.02  65.884286  64.395025 10.863 -100.00 -100.00 -100.00
  93     5.367 55574.69317342 19.58  65.889939  64.394068  7.849 -100.00 -100.00 -100.00
  93     5.327 55574.69317401 19.17  65.895592  64.393111  7.302 -100.00 -100.00 -100.00
  93     5.192 55574.69317460 21.16  65.901245  64.392154 11.080 -100.00 -100.00 -100.00
  94     4.949 55584.60881356 22.73  65.885096  64.394661 13.265  246.88  238.91  219.09
  94     4.971 55584.60881415 21.52  65.890749  64.393704 10.826  246.88  238.91  219.09
  94     4.950 55584.60881474 22.59  65.896402  64.392747 13.063  246.88  238.91  219.09
  94     5.025 55584.60881533 22.19  65.902055  64.391789 12.375  246.88  238.91  219.09
  95     5.211 55594.52445097 15.87  65.885696  64.393418  4.902 -100.00 -100.00 -100.00
  95     5.006 55594.52445156 16.71  65.891350  64.392461  5.892 -100.00 -100.00 -100.00
  95     5.070 55594.52445215 16.65  65.897003  64.391504  6.144 -100.00 -100.00 -100.00
  95     5.051 55594.52445274 16.27  65.902655  64.390547  5.564 -100.00 -100.00 -100.00
  96     9.984 55604.44008498 17.25  65.885166  64.392178  4.673 -100.00 -100.00 -100.00
  96     7.473 55604.44008557 17.44  65.890820  64.391221  4.387 -100.00 -100.00 -100.00
  96     9.843 55604.44008616 17.04  65.896473  64.390264  4.555 -100.00 -100.00 -100.00
  96     9.439 55604.44008675 17.87  65.902125  64.389307  5.699 -100.00 -100.00 -100.00
  97     9.600 55614.35571682 16.45  65.883937  64.391993  4.096  246.93  236.64  211.97
  97     4.664 55614.35571741 17.97  65.889590  64.391036  6.218  246.93  236.64  211.97
  97     8.320 55614.35571800 17.03  65.895243  64.390080  4.951  246.93  236.64  211.97
  97     7.108 55614.35571859 16.88  65.900896  64.389122  4.486  246.93  236.64  211.97
  98    10.269 55624.27135543 14.70  65.883941  64.392596  3.326  247.71  238.04  212.69
  98    10.172 55624.27135602 14.26  65.889594  64.391640  3.223  247.71  238.04  212.69
  98     9.693 55624.27135661 14.65  65.895247  64.390683  3.876  247.71  238.04  212.69
  98     9.621 55624.27135721 14.90  65.900900  64.389726  3.876  247.71  238.04  212.69
  99    10.171 55634.18700796 14.05  65.882985  64.393234  3.467  246.68  234.99  207.43
  99    10.175 55634.18700855 14.57  65.888638  64.392278  4.202  246.68  234.99  207.43
  99    10.290 55634.18700914 13.78  65.894291  64.391321  3.338  246.68  234.99  207.43
  99     9.980 55634.18700973 14.09  65.899943  64.390364  3.567  246.68  234.99  207.43
 100    10.109 55644.10265873 13.73  65.886357  64.392841  3.714  247.59  235.39  206.55
 100    10.078 55644.10265932 13.25  65.892010  64.391885  2.971  247.59  235.39  206.55
 100    10.164 55644.10265991 13.58  65.897662  64.390928  3.760  247.59  235.39  206.55
 100     9.543 55644.10266050 13.69  65.903314  64.389970  3.811  247.59  235.39  206.55
 101     9.107 55654.01830608 12.65  65.883566  64.392818  3.019  245.81  231.82  201.55
 101     9.562 55654.01830667 12.70  65.889219  64.391861  3.160  245.81  231.82  201.55
 101     7.092 55654.01830726 12.87  65.894871  64.390904  3.320  245.81  231.82  201.55
 101     9.242 55654.01830785 12.89  65.900523  64.389947  3.371  245.81  231.82  201.55
 102    10.244 55663.93394946 24.43  65.885422  64.391387 24.902 -100.00 -100.00 -100.00
 102    10.053 55663.93395005 25.72  65.891074  64.390430 29.504 -100.00 -100.00 -100.00
 102     9.996 55663.93395064 24.21  65.896726  64.389473 25.396 -100.00 -100.00 -100.00
 102     4.492 55663.93395123 26.36  65.902377  64.388516   -100 -100.00 -100.00 -100.00
 103     7.514 55673.84959005 41.35  65.889783  64.390086   -100  247.60  247.90  246.54
 103     9.946 55673.84959064 36.71  65.895434  64.389130   -100  247.60  247.90  246.54
 103     7.020 55673.84959123 39.44  65.901085  64.388172  2.092  247.60  247.90  246.54
 104    10.651 55683.76522806 44.22  65.885572  64.391465 30.640 -100.00 -100.00 -100.00
 104    10.168 55683.76522865 45.47  65.891224  64.390508   -100 -100.00 -100.00 -100.00
 104    10.125 55683.76522924 38.45  65.896876  64.389551   -100 -100.00 -100.00 -100.00
 104    10.079 55683.76522983 50.86  65.902527  64.388594   -100 -100.00 -100.00 -100.00
 105    10.552 55693.68086492 42.17  65.884036  64.393632 26.383 -100.00 -100.00 -100.00
 105    10.536 55693.68086551 36.22  65.889689  64.392675  4.282 -100.00 -100.00 -100.00
 105    10.514 55693.68086610 31.10  65.895341  64.391719 28.710 -100.00 -100.00 -100.00
 105    10.525 55693.68086669 31.72  65.900993  64.390761 27.450 -100.00 -100.00 -100.00
 106    10.530 55703.59650034 44.20  65.882820  64.395888   -100 -100.00 -100.00 -100.00
 106    10.525 55703.59650093 32.92  65.888474  64.394931   -100 -100.00 -100.00 -100.00
 106    10.502 55703.59650152 28.01  65.894127  64.393974 18.863 -100.00 -100.00 -100.00
 106    10.545 55703.59650211 26.80  65.899780  64.393017 13.605 -100.00 -100.00 -100.00
 107    10.432 55713.51214526 40.24  65.882662  64.396533 25.771 -100.00 -100.00 -100.00
 107    10.447 55713.51214585 33.44  65.888316  64.395577   -100 -100.00 -100.00 -100.00
 107    10.420 55713.51214644 30.40  65.893970  64.394620   -100 -100.00 -100.00 -100.00
 107    10.382 55713.51214703 29.52  65.899623  64.393663 24.230 -100.00 -100.00 -100.00
 108    10.367 55723.42779481 39.61  65.885728  64.395436 26.425 -100.00 -100.00 -100.00
 108    10.351 55723.42779540 33.06  65.891382  64.394479   -100 -100.00 -100.00 -100.00
 108    10.329 55723.42779599 27.28  65.897035  64.393522 20.259 -100.00 -100.00 -100.00
 108    10.247 55723.42779658 27.95  65.902688  64.392565 21.415 -100.00 -100.00 -100.00
 109    10.347 55733.34344188 43.85  65.883606  64.395294 17.403  240.25  242.41  243.32
 109    10.281 55733.34344247 35.46  65.889260  64.394337   -100  240.25  242.41  243.32
 109    10.314 55733.34344306 28.88  65.894913  64.393380 24.331  240.25  242.41  243.32
 109    10.193 55733.34344365 29.56  65.900566  64.392423 27.071  240.25  242.41  243.32
 110    10.239 55743.25908766 41.62  65.881258  64.395579 10.474 -100.00 -100.00 -100.00
 110    10.221 55743.25908825 35.56  65.886911  64.394622   -100 -100.00 -100.00 -100.00
 110    10.062 55743.25908884 31.88  65.892564  64.393665   -100 -100.00 -100.00 -100.00
 110     9.928 55743.25908943 29.77  65.898217  64.392708 31.892 -100.00 -100.00 -100.00
 110     9.983 55743.25909002 27.94  65.903869  64.391750 20.739 -100.00 -100.00 -100.00
 111     9.549 55753.17473272 33.09  65.885001  64.394747   -100 -100.00 -100.00 -100.00
 111     9.427 55753.17473331 30.56  65.890654  64.393790   -100 -100.00 -100.00 -100.00
 111     9.324 55753.17473390 27.51  65.896307  64.392833 28.026 -100.00 -100.00 -100.00
 111     9.145 55753.17473449 31.38  65.901959  64.391876   -100 -100.00 -100.00 -100.00
 112     9.493 55763.09037501 32.25  65.883494  64.394190   -100  258.09  258.95  258.72
 112     9.454 55763.09037560 24.12  65.889147  64.393233 18.944  258.09  258.95  258.72
 112     9.426 55763.09037619 22.15  65.894800  64.392277 13.605  258.09  258.95  258.72
 112     9.432 55763.09037678 21.69  65.900452  64.391319 12.482  258.09  258.95  258.72
 113     9.630 55773.00601492 21.59  65.885884  64.392526  6.883  253.22  253.42  252.64
 113     9.488 55773.00601552 24.54  65.891536  64.391570 12.412  253.22  253.42  252.64
 113     7.178 55773.00601611 30.29  65.897188  64.390613 27.696 -100.00 -100.00 -100.00
 113     7.299 55773.00601670 30.31  65.902840  64.389655 26.346 -100.00 -100.00 -100.00
 114     7.790 55782.92165094 25.58  65.884334  64.391571 19.683  260.12  261.98  260.25
 114     9.504 55782.92165153 26.10  65.889986  64.390614 16.629  260.12  261.98  260.25
 114     9.003 55782.92165212 24.93  65.895638  64.389658 16.327  260.12  261.98  260.25
 114     9.293 55782.92165271 24.76  65.901290  64.388700 17.693  260.12  261.98  260.25
 115     9.453 55792.83728453 18.72  65.885582  64.391714  8.843 -100.00 -100.00 -100.00
 115     9.519 55792.83728512 18.68  65.891234  64.390757  8.129 -100.00 -100.00 -100.00
 115     9.454 55792.83728571 21.27  65.896886  64.389800 12.552 -100.00 -100.00 -100.00
 115     9.231 55792.83728630 22.48  65.902538  64.388843 15.943 -100.00 -100.00 -100.00
 116     9.401 55802.75291892 20.08  65.885114  64.393141  9.055  250.59  249.89  251.08
 116     8.912 55802.75291951 22.01  65.890767  64.392185 13.444  250.59  249.89  251.08
 116     9.178 55802.75292010 22.15  65.896420  64.391228 13.406  250.59  249.89  251.08
 116     9.180 55802.75292069 21.86  65.902072  64.390271 11.915  250.59  249.89  251.08
 117     5.426 55812.66856867 34.03  65.884672  64.393731   -100  257.91  259.12  258.83
 117     5.705 55812.66856926 32.87  65.890326  64.392774 24.127  257.91  259.12  258.83
 117     5.947 55812.66856985 36.82  65.895978  64.391817   -100  257.91  259.12  258.83
 117     6.083 55812.66857044 38.05  65.901631  64.390860   -100  257.91  259.12  258.83
 118     6.009 55822.58421711 36.88  65.887577  64.392923 23.823  258.35  259.69  259.98
 118     6.290 55822.58421770 40.41  65.893231  64.391967 26.618  258.35  259.69  259.98
 118     6.828 55822.58421829 41.50  65.898883  64.391010 18.782  258.35  259.69  259.98
 118     6.494 55822.58421888 44.42  65.904536  64.390052 29.320  258.35  259.69  259.98
 119     9.536 55832.49986023 20.41  65.884984  64.392508  9.471 -100.00 -100.00 -100.00
 119     9.538 55832.49986082 21.06  65.890637  64.391552 12.244 -100.00 -100.00 -100.00
 119     9.298 55832.49986142 25.42  65.896290  64.390595 22.933 -100.00 -100.00 -100.00
 119     8.927 55832.49986201 25.53  65.901943  64.389638 22.957 -100.00 -100.00 -100.00
 120     9.628 55842.41549916 19.98  65.884352  64.391974  9.284 -100.00 -100.00 -100.00
 120     9.492 55842.41549975 19.52  65.890006  64.391018  8.941 -100.00 -100.00 -100.00
 120     9.268 55842.41550034 21.10  65.895659  64.390061 14.101 -100.00 -100.00 -100.00
 120     9.266 55842.41550093 21.06  65.901312  64.389104 12.808 -100.00 -100.00 -100.00
 121     9.390 55852.33113527 23.16  65.886494  64.392039 11.496 -100.00 -100.00 -100.00
 121     9.520 55852.33113586 22.65  65.892148  64.391082 11.522 -100.00 -100.00 -100.00
 121     9.172 55852.33113645 23.57  65.897801  64.390125 11.991 -100.00 -100.00 -100.00
 121     9.192 55852.33113704 25.39  65.903454  64.389168 16.893 -100.00 -100.00 -100.00
 122     9.220 55862.24676900 22.35  65.882009  64.394561  8.673 -100.00 -100.00 -100.00
 122     9.009 55862.24676959 21.97  65.887663  64.393604  7.169 -100.00 -100.00 -100.00
 122     8.150 55862.24677018 22.76  65.893317  64.392647  9.940 -100.00 -100.00 -100.00
 122     8.916 55862.24677077 22.03  65.898970  64.391690  8.415 -100.00 -100.00 -100.00
 122     8.831 55862.24677136 23.03  65.904623  64.390733 10.081 -100.00 -100.00 -100.00
 123     5.574 55872.16242379 32.55  65.885263  64.394754 28.079 -100.00 -100.00 -100.00
 123     5.569 55872.16242438 35.72  65.890917  64.393797   -100 -100.00 -100.00 -100.00
 123     5.870 55872.16242497 35.47  65.896571  64.392840   -100 -100.00 -100.00 -100.00
 123     5.801 55872.16242556 39.22  65.902224  64.391883   -100 -100.00 -100.00 -100.00
 133     4.483 55971.31886287 18.20  65.887740  64.390823  6.237 -100.00 -100.00 -100.00
 133     4.583 55971.31886346 16.87  65.893393  64.389866  4.362 -100.00 -100.00 -100.00
 133     4.439 55971.31886405 17.51  65.899045  64.388908  4.792 -100.00 -100.00 -100.00
 133     4.593 55971.31886464 17.31  65.904697  64.387951  4.888 -100.00 -100.00 -100.00
 134     7.214 55981.23449862 15.59  65.885036  64.393334  4.295 -100.00 -100.00 -100.00
 134     7.257 55981.23449921 15.75  65.890689  64.392377  3.978 -100.00 -100.00 -100.00
 134     7.209 55981.23449980 15.53  65.896342  64.391420  3.867 -100.00 -100.00 -100.00
 134     8.922 55981.23450039 15.17  65.901994  64.390463  3.543 -100.00 -100.00 -100.00
 135     4.459 55991.15013342 15.98  65.884221  64.394555  4.915 -100.00 -100.00 -100.00
 135     6.987 55991.15013401 15.85  65.889874  64.393599  4.667 -100.00 -100.00 -100.00
 135     6.287 55991.15013460 15.33  65.895528  64.392642  3.747 -100.00 -100.00 -100.00
 135     7.009 55991.15013519 15.75  65.901180  64.391685  3.946 -100.00 -100.00 -100.00
 136     7.481 56001.06577957 16.21  65.886509  64.393279  4.109 -100.00 -100.00 -100.00
 136     7.495 56001.06578016 15.52  65.892162  64.392322  3.513 -100.00 -100.00 -100.00
 136     6.948 56001.06578075 15.96  65.897815  64.391365  3.916 -100.00 -100.00 -100.00
 136     7.568 56001.06578134 15.66  65.903467  64.390408  3.871 -100.00 -100.00 -100.00
 137     9.885 56010.98143002 16.12  65.885638  64.391470  3.841 -100.00 -100.00 -100.00
 137     7.970 56010.98143061 16.33  65.891290  64.390513  3.300 -100.00 -100.00 -100.00
 137     8.870 56010.98143120 16.48  65.896942  64.389556  4.735 -100.00 -100.00 -100.00
 137     9.588 56010.98143179 16.02  65.902593  64.388599  3.329 -100.00 -100.00 -100.00
 138    10.655 56020.89707682  6.20  65.887970  64.390342  4.736 -100.00 -100.00 -100.00
 138    10.323 56020.89707741  7.59  65.893622  64.389385  6.026 -100.00 -100.00 -100.00
 138    10.622 56020.89707800  6.10  65.899273  64.388428  4.078 -100.00 -100.00 -100.00
 138    10.489 56020.89707859  6.03  65.904924  64.387471  4.182 -100.00 -100.00 -100.00
 139    10.015 56030.81272027 11.95  65.888167  64.391155 10.351 -100.00 -100.00 -100.00
 139     9.818 56030.81272086 13.50  65.893818  64.390198 11.491 -100.00 -100.00 -100.00
 139     9.726 56030.81272145 13.02  65.899470  64.389240 10.385 -100.00 -100.00 -100.00
 139     9.306 56030.81272204 11.82  65.905121  64.388283  9.515 -100.00 -100.00 -100.00
 141     9.935 56050.64399992 35.28  65.880785  64.395930   -100 -100.00 -100.00 -100.00
 141     9.901 56050.64400051 35.53  65.886438  64.394973   -100 -100.00 -100.00 -100.00
 141     9.765 56050.64400110 34.56  65.892091  64.394017   -100 -100.00 -100.00 -100.00
 141     9.731 56050.64400169 32.82  65.897743  64.393059 29.520 -100.00 -100.00 -100.00
 141    10.794 56050.64400228 30.80  65.903395  64.392102 21.149 -100.00 -100.00 -100.00
 142    10.172 56060.55963633 43.14  65.879929  64.396836 20.292  229.37  233.19  234.71
 142    10.118 56060.55963692 40.41  65.885583  64.395879 15.782  229.37  233.19  234.71
 142    10.092 56060.55963751 35.24  65.891236  64.394923   -100  229.37  233.19  234.71
 142    10.058 56060.55963810 33.79  65.896889  64.393966   -100  229.37  233.19  234.71
 142    10.756 56060.55963869 30.65  65.902542  64.393008 22.612  229.37  233.19  234.71
 143     9.764 56070.47527333 37.91  65.880869  64.396390 19.390 -100.00 -100.00 -100.00
 143     9.729 56070.47527392 38.44  65.886523  64.395434 25.099 -100.00 -100.00 -100.00
 143     9.710 56070.47527451 32.72  65.892177  64.394477   -100 -100.00 -100.00 -100.00
 143     9.732 56070.47527510 27.40  65.897830  64.393520 24.286 -100.00 -100.00 -100.00
 143     9.711 56070.47527569 27.54  65.903483  64.392563 24.844 -100.00 -100.00 -100.00
 144     9.712 56080.39092452 37.75  65.883922  64.395017 15.334  260.12  264.47  263.18
 144     9.696 56080.39092511 31.25  65.889575  64.394060   -100  260.12  264.47  263.18
 144     9.665 56080.39092570 28.64  65.895229  64.393103 28.444  260.12  264.47  263.18
 144     9.635 56080.39092629 27.29  65.900881  64.392146 23.135 -100.00 -100.00 -100.00
 145     9.771 56090.30657241 27.47  65.881435  64.395480 23.581  260.40  263.77  261.45
 145     9.661 56090.30657300 26.27  65.887088  64.394523 20.047  260.40  263.77  261.45
 145     9.406 56090.30657359 25.41  65.892741  64.393566 19.629  260.40  263.77  261.45
 145     9.121 56090.30657418 28.05  65.898394  64.392609 29.495  260.40  263.77  261.45
 145     9.304 56090.30657477 26.48  65.904046  64.391651 21.436  260.40  263.77  261.45
 146     9.571 56100.22221804 35.45  65.881029  64.396272   -100 -100.00 -100.00 -100.00
 146     8.644 56100.22221863 38.44  65.886682  64.395316   -100 -100.00 -100.00 -100.00
 146     8.682 56100.22221922 38.35  65.892336  64.394359   -100 -100.00 -100.00 -100.00
 146     8.842 56100.22221981 41.76  65.897988  64.393401   -100 -100.00 -100.00 -100.00
 146     8.549 56100.22222040 44.87  65.903641  64.392444 16.515 -100.00 -100.00 -100.00
 147     9.519 56110.13784991 33.16  65.882884  64.395614   -100  268.66  270.71  269.40
 147     8.705 56110.13785050 39.62  65.888537  64.394657 21.876 -100.00 -100.00 -100.00
 147     7.808 56110.13785109 38.81  65.894190  64.393700   -100 -100.00 -100.00 -100.00
 147     8.138 56110.13785168 45.95  65.899842  64.392743   -100 -100.00 -100.00 -100.00
 148     9.477 56120.05349025 23.81  65.883812  64.393758 19.509 -100.00 -100.00 -100.00
 148     9.424 56120.05349084 19.79  65.889464  64.392801 10.274 -100.00 -100.00 -100.00
 148     9.481 56120.05349143 20.08  65.895117  64.391844  9.983 -100.00 -100.00 -100.00
 148     9.363 56120.05349202 22.37  65.900769  64.390887 12.491 -100.00 -100.00 -100.00
 149     9.387 56129.96912719 23.22  65.887229  64.391204 16.730 -100.00 -100.00 -100.00
 149     9.459 56129.96912778 22.02  65.892882  64.390248 13.212 -100.00 -100.00 -100.00
 149     9.407 56129.96912837 20.78  65.898533  64.389291 11.228 -100.00 -100.00 -100.00
 149     9.434 56129.96912896 23.56  65.904184  64.388334 14.243 -100.00 -100.00 -100.00
 150     9.801 56139.88476028 19.98  65.884897  64.390999  8.437 -100.00 -100.00 -100.00
 150     9.750 56139.88476087 20.97  65.890549  64.390043 11.235 -100.00 -100.00 -100.00
 150     9.506 56139.88476146 20.54  65.896201  64.389086 10.123 -100.00 -100.00 -100.00
 150     9.550 56139.88476205 20.73  65.901852  64.388129  8.760 -100.00 -100.00 -100.00
 151     9.719 56149.80041049 19.64  65.884246  64.391907  7.150 -100.00 -100.00 -100.00
 151     9.466 56149.80041108 18.95  65.889898  64.390950  4.801 -100.00 -100.00 -100.00
 151     9.681 56149.80041167 19.71  65.895550  64.389993  6.034 -100.00 -100.00 -100.00
 151     9.531 56149.80041226 20.70  65.901201  64.389036  6.407 -100.00 -100.00 -100.00
 152     5.283 56159.71605952 34.75  65.885907  64.393480   -100 -100.00 -100.00 -100.00
 152     5.979 56159.71606011 34.05  65.891559  64.392523 18.110 -100.00 -100.00 -100.00
 152     5.043 56159.71606070 33.33  65.897212  64.391566   -100 -100.00 -100.00 -100.00
 152     4.857 56159.71606129 28.01  65.902863  64.390609 23.873 -100.00 -100.00 -100.00
 153     9.317 56169.63170705 25.07  65.886045  64.394219 20.990  261.23  262.48  262.45
 153     9.112 56169.63170764 17.48  65.891699  64.393262  6.170 -100.00 -100.00 -100.00
 153     9.310 56169.63170823 17.67  65.897351  64.392305  5.910 -100.00 -100.00 -100.00
 153     9.087 56169.63170882 18.10  65.903004  64.391347  6.012 -100.00 -100.00 -100.00
 154     9.112 56179.54735143 18.55  65.888139  64.392611  8.633 -100.00 -100.00 -100.00
 154     9.216 56179.54735202 18.35  65.893792  64.391654  7.458 -100.00 -100.00 -100.00
 154     8.841 56179.54735261 20.04  65.899444  64.390697  9.977 -100.00 -100.00 -100.00
 155     5.151 56189.46299164 24.25  65.889796  64.390546  6.414  262.31  262.33  263.06
 155     5.966 56189.46299223 24.73  65.895449  64.389589  7.864  262.31  262.33  263.06
 155     5.855 56189.46299282 24.91  65.901101  64.388631  6.659 -100.00 -100.00 -100.00
 156     9.640 56199.37862818 17.84  65.886674  64.390614  8.528  259.24  261.75  260.84
 156     9.583 56199.37862877 18.09  65.892327  64.389657  7.397  259.24  261.75  260.84
 156     9.069 56199.37862936 19.94  65.897980  64.388700 11.299  259.24  261.75  260.84
 156     9.041 56199.37862995 19.55  65.903632  64.387742 11.383  259.24  261.75  260.84
 157     4.948 56209.29426191 30.71  65.883393  64.393227 12.902  256.41  256.81  257.78
 157     5.275 56209.29426250 37.56  65.889046  64.392270   -100  256.41  256.81  257.78
 157     5.517 56209.29426309 37.75  65.894700  64.391313 24.914  256.41  256.81  257.78
 157     5.415 56209.29426368 38.92  65.900352  64.390356   -100  256.41  256.81  257.78
 158     5.274 56219.20989379 31.10  65.879777  64.396932   -100 -100.00 -100.00 -100.00
 158     5.363 56219.20989438 32.14  65.885431  64.395976   -100 -100.00 -100.00 -100.00
 158     5.546 56219.20989498 30.55  65.891085  64.395019   -100 -100.00 -100.00 -100.00
 158     6.113 56219.20989557 24.47  65.896739  64.394062 18.505 -100.00 -100.00 -100.00
 158     6.659 56219.20989616 22.69  65.902393  64.393105 13.952 -100.00 -100.00 -100.00
 159     9.134 56229.12554156 19.50  65.882879  64.397822  6.965  252.45  250.74  250.69
 159     8.760 56229.12554215 20.73  65.888533  64.396865  9.101  252.45  250.74  250.69
 159     8.992 56229.12554274 20.42  65.894187  64.395909  8.166  252.45  250.74  250.69
 159     8.875 56229.12554333 21.71  65.899841  64.394952 11.418  252.45  250.74  250.69
 160     4.769 56239.04119544 40.54  65.883261  64.396852   -100 -100.00 -100.00 -100.00
 160     4.932 56239.04119603 41.66  65.888915  64.395896   -100 -100.00 -100.00 -100.00
 160     4.876 56239.04119662 42.67  65.894569  64.394939   -100 -100.00 -100.00 -100.00
 160     4.762 56239.04119721 44.00  65.900222  64.393982  8.987 -100.00 -100.00 -100.00
 161     4.146 56248.95684536 33.55  65.882653  64.395408 25.023  256.75  255.18  252.63
 161     4.155 56248.95684596 36.00  65.888306  64.394451   -100  256.75  255.18  252.63
 161     4.336 56248.95684655 37.46  65.893959  64.393494   -100  256.75  255.18  252.63
 161     4.370 56248.95684714 35.89  65.899612  64.392537 31.167  256.75  255.18  252.63
 162     4.647 56258.87249073 23.60  65.885887  64.393903  9.661  254.73  252.37  247.90
 162     4.753 56258.87249132 22.61  65.891540  64.392947  7.930  254.73  252.37  247.90
 162     4.964 56258.87249191 22.50  65.897193  64.391990  7.063  254.73  252.37  247.90
 162     4.857 56258.87249251 23.91  65.902845  64.391032  9.449  254.73  252.37  247.90
 163     4.624 56268.78813232 18.10  65.882462  64.395116  5.792  256.39  253.69  246.17
 163     6.462 56268.78813291 17.62  65.888115  64.394159  4.140  256.39  253.69  246.17
 163     6.606 56268.78813350 18.30  65.893768  64.393202  5.578  256.39  253.69  246.17
 163     7.372 56268.78813409 17.66  65.899421  64.392245  4.648  256.39  253.69  246.17
 164     5.424 56278.70377261 17.19  65.883548  64.395760  5.080 -100.00 -100.00 -100.00
 164     7.801 56278.70377320 17.50  65.889201  64.394803  5.066 -100.00 -100.00 -100.00
 164     7.206 56278.70377380 17.42  65.894855  64.393846  5.010 -100.00 -100.00 -100.00
 164     7.519 56278.70377439 17.59  65.900507  64.392889  5.858 -100.00 -100.00 -100.00
 165     6.171 56288.61942246 16.54  65.885270  64.395146  4.754 -100.00 -100.00 -100.00
 165     6.320 56288.61942305 16.28  65.890924  64.394189  4.478 -100.00 -100.00 -100.00
 165     7.183 56288.61942364 16.24  65.896577  64.393232  4.695 -100.00 -100.00 -100.00
 165     7.630 56288.61942423 16.04  65.902230  64.392275  4.239 -100.00 -100.00 -100.00
 166     6.226 56298.53507120 14.80  65.884469  64.393115  4.272  253.10  246.55  225.69
 166     6.591 56298.53507179 15.16  65.890123  64.392158  5.040  253.10  246.55  225.69
 166     7.012 56298.53507238 15.62  65.895776  64.391201  5.653  253.10  246.55  225.69
 166     7.394 56298.53507297 14.62  65.901428  64.390244  4.007 -100.00 -100.00 -100.00
 167     7.449 56308.45071649 14.62  65.887820  64.390030  3.972  249.46  240.86  215.05
 167     7.629 56308.45071708 14.99  65.893473  64.389073  4.746  249.46  240.86  215.05
 167     7.948 56308.45071767 14.36  65.899125  64.388116  3.624  249.46  240.86  215.05
 167     6.944 56308.45071826 14.47  65.904777  64.387158  3.622 -100.00 -100.00 -100.00
 168     6.337 56318.36635884 13.63  65.887955  64.388906  3.452 -100.00 -100.00 -100.00
 168     6.030 56318.36635943 13.82  65.893607  64.387949  3.351 -100.00 -100.00 -100.00
 168     6.389 56318.36636002 14.30  65.899259  64.386992  3.780 -100.00 -100.00 -100.00
 168     6.826 56318.36636061 13.71  65.904911  64.386034  3.125 -100.00 -100.00 -100.00
 169     4.971 56328.28199952 13.42  65.884998  64.390930  3.799 -100.00 -100.00 -100.00
 169     6.245 56328.28200011 13.47  65.890651  64.389973  3.955 -100.00 -100.00 -100.00
 169     6.048 56328.28200070 13.45  65.896303  64.389015  3.675 -100.00 -100.00 -100.00
 169     4.442 56328.28200129 13.50  65.901955  64.388058  3.626 -100.00 -100.00 -100.00
 170     7.801 56338.19763926 12.45  65.882653  64.393849  3.645  252.43  241.46  212.85
 170     7.457 56338.19763985 12.24  65.888306  64.392892  3.941  252.43  241.46  212.85
 170     7.346 56338.19764044 12.66  65.893959  64.391935  3.964  252.43  241.46  212.85
 170     8.103 56338.19764103 12.28  65.899612  64.390977  3.291  252.43  241.46  212.85
 171    10.054 56348.11327722 12.38  65.880823  64.395730  3.273 -100.00 -100.00 -100.00
 171    10.113 56348.11327781 12.58  65.886477  64.394773  3.910 -100.00 -100.00 -100.00
 171    10.122 56348.11327840 12.51  65.892130  64.393816  3.807 -100.00 -100.00 -100.00
 171     9.983 56348.11327899 12.37  65.897783  64.392859  3.548 -100.00 -100.00 -100.00
 171     9.946 56348.11327958 12.23  65.903435  64.391902  3.298 -100.00 -100.00 -100.00
 172    10.137 56358.02891304 12.57  65.883468  64.394605  3.115  244.17  227.57  192.68
 172    10.068 56358.02891363 12.74  65.889121  64.393649  3.782  244.17  227.57  192.68
 172    10.128 56358.02891422 12.34  65.894774  64.392692  3.562  244.17  227.57  192.68
 172    10.129 56358.02891481 12.52  65.900426  64.391735  3.272  244.17  227.57  192.68
 173    10.715 56367.94456343 13.45  65.887247  64.391381  4.107  245.06  228.86  193.79
 173    10.533 56367.94456402 13.39  65.892899  64.390424  3.691  245.06  228.86  193.79
 173    10.459 56367.94456461 13.11  65.898551  64.389467  3.278  245.06  228.86  193.79
 173    10.211 56367.94456520 13.11  65.904202  64.388510  3.309  245.06  228.86  193.79
 175    10.600 56387.77585705 12.30  65.886893  64.391784  3.582 -100.00 -100.00 -100.00
 175    10.775 56387.77585764 12.10  65.892545  64.390827  3.155 -100.00 -100.00 -100.00
 175    10.503 56387.77585823 12.44  65.898196  64.389870  3.389 -100.00 -100.00 -100.00
 175    10.393 56387.77585882 12.48  65.903847  64.388913  4.052 -100.00 -100.00 -100.00
 176    10.891 56397.69150007 11.69  65.885772  64.394794  2.790  260.63  258.09  255.74
 176    10.739 56397.69150067 12.04  65.891425  64.393837  3.007  260.63  258.09  255.74
 176    10.983 56397.69150126 11.79  65.897077  64.392880  3.077  260.63  258.09  255.74
 176    11.038 56397.69150185 11.82  65.902729  64.391923  2.843  260.63  258.09  255.74
 177     9.733 56407.60714073 15.98  65.883569  64.397027 20.634  267.17  263.75  254.38
 177     9.514 56407.60714132 16.24  65.889223  64.396070 22.221  267.17  263.75  254.38
 177     3.997 56407.60714191 19.82  65.894876  64.395113   -100  267.17  263.75  254.38
 177     4.267 56407.60714250 19.48  65.900529  64.394156   -100  267.17  263.75  254.38
 178     9.236 56417.52277791 46.05  65.884491  64.396884  0.011 -100.00 -100.00 -100.00
 178     6.544 56417.52277850 44.61  65.890144  64.395928   -100 -100.00 -100.00 -100.00
 178     9.619 56417.52277909 35.71  65.895798  64.394971   -100 -100.00 -100.00 -100.00
 178     9.106 56417.52277968 38.46  65.901451  64.394014   -100 -100.00 -100.00 -100.00
 179    10.637 56427.43841048 41.70  65.885224  64.395791 27.869 -100.00 -100.00 -100.00
 179    10.618 56427.43841107 37.80  65.890878  64.394835  6.144 -100.00 -100.00 -100.00
 179    10.622 56427.43841166 35.56  65.896531  64.393878   -100 -100.00 -100.00 -100.00
 179    10.735 56427.43841225 35.66  65.902184  64.392921   -100 -100.00 -100.00 -100.00
 180    10.646 56437.35406292 45.10  65.882025  64.394656 11.015 -100.00 -100.00 -100.00
 180    10.530 56437.35406351 40.11  65.887679  64.393700 10.464 -100.00 -100.00 -100.00
 180    10.615 56437.35406410 50.28  65.893332  64.392743 19.616 -100.00 -100.00 -100.00
 180    11.127 56437.35406469 46.11  65.898984  64.391785   -100 -100.00 -100.00 -100.00
 180    10.954 56437.35406528 48.85  65.904637  64.390828   -100 -100.00 -100.00 -100.00
 181    10.554 56447.26971468 42.95  65.883995  64.394002 27.043  220.78  223.84  226.26
 181    10.507 56447.26971527 36.42  65.889649  64.393046 18.056  220.78  223.84  226.26
 181    10.507 56447.26971586 29.41  65.895301  64.392088 26.217  220.78  223.84  226.26
 181    10.493 56447.26971645 29.78  65.900954  64.391131 24.889  220.78  223.84  226.26
 182    10.510 56457.18536400 43.35  65.884698  64.394579   -100  221.96  224.44  226.52
 182    10.503 56457.18536459 31.87  65.890351  64.393622   -100  221.96  224.44  226.52
 182    10.508 56457.18536518 28.78  65.896003  64.392664 26.097 -100.00 -100.00 -100.00
 182    10.487 56457.18536578 26.85  65.901655  64.391707 16.708 -100.00 -100.00 -100.00
 183    10.464 56467.10101028 40.85  65.886140  64.394077   -100  235.78  243.64  239.51
 183    10.425 56467.10101087 35.50  65.891793  64.393120 23.507  235.78  243.64  239.51
 183    10.427 56467.10101146 28.35  65.897445  64.392163 26.614  235.78  243.64  239.51
 183    10.406 56467.10101205 27.45  65.903097  64.391205 21.895  235.78  243.64  239.51
 184    10.574 56477.01665222 53.39  65.883856  64.393034   -100 -100.00 -100.00 -100.00
 184    10.550 56477.01665281 55.38  65.889509  64.392077   -100 -100.00 -100.00 -100.00
 184    10.558 56477.01665340 53.92  65.895161  64.391120   -100 -100.00 -100.00 -100.00
 184    10.546 56477.01665399 56.02  65.900812  64.390163   -100 -100.00 -100.00 -100.00
 185    10.519 56486.93229114 37.66  65.887770  64.390515 12.178 -100.00 -100.00 -100.00
 185    10.469 56486.93229174 32.29  65.893422  64.389558   -100 -100.00 -100.00 -100.00
 185    10.493 56486.93229233 27.44  65.899073  64.388600 16.498 -100.00 -100.00 -100.00
 185    10.460 56486.93229292 27.40  65.904724  64.387643 15.265 -100.00 -100.00 -100.00
 187    10.473 56506.76356059 45.06  65.884175  64.392331 10.007  244.21  247.36  245.56
 187    10.350 56506.76356118 40.10  65.889827  64.391374 13.601  244.21  247.36  245.56
 187    10.350 56506.76356177 40.11  65.895479  64.390418 15.998  244.21  247.36  245.56
 187    10.349 56506.76356236 44.70  65.901131  64.389460 24.318  244.21  247.36  245.56
 188    10.062 56516.67919559 43.24  65.884426  64.394958 30.850 -100.00 -100.00 -100.00
 188    10.074 56516.67919618 30.91  65.890079  64.394002 30.584 -100.00 -100.00 -100.00
 188    10.073 56516.67919677 25.88  65.895732  64.393045 13.217 -100.00 -100.00 -100.00
 188     9.961 56516.67919736 27.15  65.901385  64.392088 16.806 -100.00 -100.00 -100.00
 189     9.696 56526.59484963 35.46  65.881338  64.395945 28.137 -100.00 -100.00 -100.00
 189     9.672 56526.59485022 30.74  65.886992  64.394988 14.239 -100.00 -100.00 -100.00
 189     9.408 56526.59485081 30.78  65.892645  64.394031 14.891 -100.00 -100.00 -100.00
 189     8.125 56526.59485140 35.06  65.898299  64.393074 30.271 -100.00 -100.00 -100.00
 189     8.742 56526.59485199 37.77  65.903951  64.392117 25.173 -100.00 -100.00 -100.00
 190     9.736 56536.51050005 35.04  65.882528  64.394695   -100 -100.00 -100.00 -100.00
 190     9.731 56536.51050065 26.13  65.888182  64.393739 22.022 -100.00 -100.00 -100.00
 190     9.705 56536.51050124 23.66  65.893835  64.392782 14.878 -100.00 -100.00 -100.00
 190     9.563 56536.51050183 22.76  65.899488  64.391825 11.554 -100.00 -100.00 -100.00
 192     9.443 56556.34179079 30.66  65.885476  64.391556 26.552  258.95  258.44  260.13
 192     6.107 56556.34179138 32.03  65.891129  64.390599   -100  258.95  258.44  260.13
 192     6.996 56556.34179197 33.07  65.896781  64.389641 19.673  258.95  258.44  260.13
 192     6.118 56556.34179256 47.30  65.902434  64.388684 22.473  258.95  258.44  260.13
 193     9.698 56566.25743348 27.07  65.886301  64.392776 23.237  250.73  252.63  253.81
 193     9.622 56566.25743407 22.90  65.891955  64.391819 12.640  250.73  252.63  253.81
 193     9.477 56566.25743466 20.36  65.897608  64.390862  7.322  250.73  252.63  253.81
 193     9.333 56566.25743525 21.83  65.903260  64.389904 11.758  250.73  252.63  253.81
 194     9.450 56576.17307412 23.08  65.880990  64.396249 13.480 -100.00 -100.00 -100.00
 194     9.449 56576.17307471 21.99  65.886644  64.395292  9.558 -100.00 -100.00 -100.00
 194     9.263 56576.17307530 23.83  65.892298  64.394335 12.941 -100.00 -100.00 -100.00
 194     9.328 56576.17307589 23.43  65.897951  64.393378 14.820 -100.00 -100.00 -100.00
 194     9.457 56576.17307648 23.00  65.903604  64.392420 12.603 -100.00 -100.00 -100.00
 195     9.204 56586.08871231 16.71  65.883104  64.397818  4.168 -100.00 -100.00 -100.00
 195     9.093 56586.08871290 16.63  65.888758  64.396862  3.827 -100.00 -100.00 -100.00
 195     9.263 56586.08871349 16.22  65.894412  64.395905  3.216 -100.00 -100.00 -100.00
 195     9.389 56586.08871408 16.62  65.900066  64.394948  4.224 -100.00 -100.00 -100.00
 196     5.973 56596.00435050 31.34  65.881499  64.398161 32.639 -100.00 -100.00 -100.00
 196     6.242 56596.00435109 30.75  65.887153  64.397204 27.718 -100.00 -100.00 -100.00
 196     6.184 56596.00435168 32.94  65.892807  64.396247   -100 -100.00 -100.00 -100.00
 196     6.071 56596.00435227 29.03  65.898461  64.395290 22.713 -100.00 -100.00 -100.00
 196     6.701 56596.00435286 25.82  65.904114  64.394333 14.080 -100.00 -100.00 -100.00
 197     7.004 56605.92000311 42.45  65.882607  64.395936   -100  245.00  246.26  247.69
 197     6.984 56605.92000370 43.79  65.888260  64.394980   -100 -100.00 -100.00 -100.00
 197     7.195 56605.92000429 45.07  65.893913  64.394023   -100 -100.00 -100.00 -100.00
 197     7.206 56605.92000488 46.97  65.899566  64.393065   -100 -100.00 -100.00 -100.00
 198     7.011 56615.83565084 28.45  65.884105  64.394181 13.769 -100.00 -100.00 -100.00
 198     7.083 56615.83565143 30.78  65.889758  64.393224 20.137 -100.00 -100.00 -100.00
 198     7.249 56615.83565202 34.39  65.895411  64.392267 26.582 -100.00 -100.00 -100.00
 198     7.154 56615.83565261 35.00  65.901063  64.391310   -100 -100.00 -100.00 -100.00
 199     6.368 56625.75129459 30.17  65.883357  64.394183 21.624  254.50  252.23  247.92
 199     6.411 56625.75129518 33.66  65.889011  64.393226   -100  254.50  252.23  247.92
 199     6.544 56625.75129577 34.25  65.894664  64.392269   -100  254.50  252.23  247.92
 199     6.690 56625.75129636 35.21  65.900316  64.391312   -100  254.50  252.23  247.92
 200     5.687 56635.66693567 22.57  65.884160  64.394539  8.849  252.22  249.71  242.82
 200     5.781 56635.66693626 22.90  65.889813  64.393582  9.516 -100.00 -100.00 -100.00
 200     5.920 56635.66693685 30.25  65.895466  64.392625 21.089 -100.00 -100.00 -100.00
 200     5.632 56635.66693744 30.10  65.901119  64.391668 27.123 -100.00 -100.00 -100.00
 201     5.858 56645.58257476 20.13  65.885265  64.394668  8.054  250.01  246.43  237.01
 201     5.636 56645.58257535 23.78  65.890919  64.393711 13.651  250.01  246.43  237.01
 201     6.096 56645.58257594 27.92  65.896572  64.392754 17.732  250.01  246.43  237.01
 201     6.049 56645.58257653 28.00  65.902225  64.391797 18.446  250.01  246.43  237.01
 202     8.357 56655.49822717 17.35  65.883701  64.393383  4.343  258.44  255.09  243.64
 202     5.967 56655.49822776 26.38  65.889355  64.392426 20.399  258.44  255.09  243.64
 202     5.822 56655.49822835 25.71  65.895008  64.391469 18.887  258.44  255.09  243.64
 202     6.254 56655.49822894 21.86  65.900661  64.390511 11.064  258.44  255.09  243.64
 203     5.846 56665.41387612 21.33  65.889687  64.390521 11.872  255.82  250.40  235.25
 203     5.915 56665.41387671 23.31  65.895340  64.389564 15.431  255.82  250.40  235.25
 203     8.999 56665.41387730 19.45  65.900992  64.388606  9.119  255.82  250.40  235.25
 205     9.843 56685.24516573 14.66  65.885189  64.391490  4.402  250.71  242.13  219.29
 205     9.945 56685.24516632 14.38  65.890842  64.390533  3.479  250.71  242.13  219.29
 205     9.722 56685.24516691 14.51  65.896494  64.389576  3.520  250.71  242.13  219.29
 205     9.923 56685.24516750 14.73  65.902146  64.388618  4.439  250.71  242.13  219.29
 206     8.690 56695.16080832 15.44  65.886820  64.392899  5.528 -100.00 -100.00 -100.00
 206     9.254 56695.16080891 14.81  65.892473  64.391942  4.556 -100.00 -100.00 -100.00
 206     9.350 56695.16080950 14.97  65.898125  64.390984  4.998 -100.00 -100.00 -100.00
 206     9.400 56695.16081009 14.60  65.903777  64.390027  4.582 -100.00 -100.00 -100.00
 207     9.811 56705.07644609 15.09  65.884975  64.394503  3.902  250.39  239.97  211.66
 207     9.655 56705.07644668 14.97  65.890628  64.393547  3.679  250.39  239.97  211.66
 207     9.985 56705.07644727 15.45  65.896281  64.392590  4.676  250.39  239.97  211.66
 207     9.807 56705.07644786 14.95  65.901934  64.391633  3.825  250.39  239.97  211.66
 208    10.382 56714.99207842 15.18  65.882455  64.395034  3.263 -100.00 -100.00 -100.00
 208    10.115 56714.99207901 15.47  65.888108  64.394077  3.641 -100.00 -100.00 -100.00
 208     9.359 56714.99207960 15.62  65.893761  64.393120  3.458 -100.00 -100.00 -100.00
 208     9.602 56714.99208019 15.54  65.899414  64.392164  3.561 -100.00 -100.00 -100.00
 209    10.247 56724.90773097 15.62  65.885863  64.392823  4.029  251.78  239.64  209.94
 209     9.790 56724.90773156 15.54  65.891515  64.391866  3.585  251.78  239.64  209.94
 209     9.884 56724.90773215 15.04  65.897167  64.390909  3.222  251.78  239.64  209.94
 209     9.828 56724.90773274 15.50  65.902819  64.389952  3.966  251.78  239.64  209.94
 211    10.900 56744.73902732 12.18  65.885540  64.393569  3.274  230.88  211.41  180.80
 211    10.878 56744.73902791 12.13  65.891192  64.392612  2.908  230.88  211.41  180.80
 211    10.819 56744.73902850 12.12  65.896844  64.391655  2.939  230.88  211.41  180.80
 211    11.018 56744.73902909 12.23  65.902496  64.390697  3.183  230.88  211.41  180.80
 212    10.837 56754.65466889 11.73  65.880709  64.396358  3.645 -100.00 -100.00 -100.00
 212    10.931 56754.65466948 11.46  65.886362  64.395401  3.445 -100.00 -100.00 -100.00
 212    10.893 56754.65467007 11.70  65.892015  64.394444  3.650 -100.00 -100.00 -100.00
 212    10.708 56754.65467066 12.05  65.897668  64.393487  4.288 -100.00 -100.00 -100.00
 212    11.032 56754.65467125 11.82  65.903320  64.392529  3.523 -100.00 -100.00 -100.00
 213     4.755 56764.57030536 30.60  65.879568  64.397883   -100 -100.00 -100.00 -100.00
 213     4.768 56764.57030595 32.29  65.885222  64.396927   -100 -100.00 -100.00 -100.00
 213     4.724 56764.57030654 34.60  65.890876  64.395970  9.687 -100.00 -100.00 -100.00
 213     4.610 56764.57030713 36.18  65.896529  64.395013 17.159 -100.00 -100.00 -100.00
 213     4.813 56764.57030772 32.33  65.902182  64.394056   -100 -100.00 -100.00 -100.00
 214     5.526 56774.48594182 22.32  65.879048  64.397741 14.978 -100.00 -100.00 -100.00
 214     5.565 56774.48594241 26.16  65.884702  64.396785 27.855 -100.00 -100.00 -100.00
 214     5.657 56774.48594300 25.06  65.890356  64.395828 24.548 -100.00 -100.00 -100.00
 214     5.803 56774.48594359 24.58  65.896010  64.394871 22.282 -100.00 -100.00 -100.00
 214     5.840 56774.48594418 25.93  65.901663  64.393914 26.854 -100.00 -100.00 -100.00
 215    10.013 56784.40159945 44.29  65.883595  64.395131  3.994  238.80  244.38  244.07
 215     9.982 56784.40160004 41.29  65.889248  64.394174   -100  238.80  244.38  244.07
 215     9.963 56784.40160063 36.80  65.894901  64.393217   -100  238.80  244.38  244.07
 215     9.927 56784.40160122 33.78  65.900554  64.392260 20.128  238.80  244.38  244.07
 216    10.909 56794.31725309 36.58  65.884981  64.393622   -100  199.19  200.80  207.62
 216    10.928 56794.31725368 33.49  65.890634  64.392665   -100  199.19  200.80  207.62
 216    10.914 56794.31725428 29.07  65.896286  64.391707 18.124  199.19  200.80  207.62
 216    10.867 56794.31725487 30.95  65.901938  64.390750 22.724 -100.00 -100.00 -100.00
 217    11.168 56804.23290293 30.78  65.883081  64.393442 21.854 -100.00 -100.00 -100.00
 217    11.135 56804.23290352 31.53  65.888734  64.392485 24.253 -100.00 -100.00 -100.00
 217    11.045 56804.23290411 31.25  65.894386  64.391528 22.947 -100.00 -100.00 -100.00
 217    10.989 56804.23290470 34.64  65.900038  64.390570   -100 -100.00 -100.00 -100.00
 219    11.431 56824.06418498 28.97  65.883921  64.392824 16.743  191.81  201.66  196.87
 219    11.455 56824.06418557 29.35  65.889574  64.391867 16.338  191.81  201.66  196.87
 219    11.246 56824.06418616 29.55  65.895226  64.390910 17.958  191.81  201.66  196.87
 219    11.374 56824.06418675 31.28  65.900877  64.389953 21.323  191.81  201.66  196.87
 220    11.581 56833.97982072 39.33  65.888649  64.391549 30.648  195.01  203.72  197.99
 220    11.248 56833.97982131 38.98  65.894301  64.390592   -100  195.01  203.72  197.99
 220    11.351 56833.97982190 39.85  65.899952  64.389635   -100  195.01  203.72  197.99
 221    11.377 56843.89545191 42.57  65.883481  64.392604  0.496  205.79  218.13  210.76
 221    11.382 56843.89545250 28.64  65.889133  64.391647 14.222  205.79  218.13  210.76
 221    11.350 56843.89545309 28.87  65.894785  64.390690 14.629  205.79  218.13  210.76
 221    11.492 56843.89545368 31.66  65.900437  64.389733 19.769  205.79  218.13  210.76
 222    11.331 56853.81109522 33.45  65.886969  64.392445 24.680  198.22  204.42  201.98
 222    11.318 56853.81109581 33.06  65.892621  64.391488 23.912  198.22  204.42  201.98
 222    11.235 56853.81109640 32.38  65.898273  64.390531 21.178  198.22  204.42  201.98
 222    11.589 56853.81109699 34.88  65.903924  64.389574 26.347  198.22  204.42  201.98
 223    11.111 56863.72674869 28.71  65.883999  64.393195 15.234  214.20  225.22  227.64
 223    11.306 56863.72674928 26.94  65.889652  64.392238 10.839  214.20  225.22  227.64
 223    11.100 56863.72674987 29.43  65.895304  64.391281 15.607  214.20  225.22  227.64
 223    10.963 56863.72675046 35.28  65.900956  64.390324   -100  214.20  225.22  227.64
 224    10.983 56873.64240224 46.74  65.887656  64.392750 23.626 -100.00 -100.00 -100.00
 224    11.046 56873.64240283 31.37  65.893309  64.391793 16.291 -100.00 -100.00 -100.00
 224    10.989 56873.64240342 31.72  65.898961  64.390836 14.739 -100.00 -100.00 -100.00
 224    11.175 56873.64240402 41.66  65.904612  64.389878   -100 -100.00 -100.00 -100.00
 225    10.443 56883.55805214 40.04  65.886283  64.392761   -100 -100.00 -100.00 -100.00
 225    10.279 56883.55805273 32.06  65.891936  64.391804   -100 -100.00 -100.00 -100.00
 225    10.095 56883.55805332 32.72  65.897588  64.390847   -100 -100.00 -100.00 -100.00
 225    10.935 56883.55805391 27.03  65.903240  64.389890 17.215 -100.00 -100.00 -100.00
 226    10.057 56893.47369872 31.21  65.884965  64.392615 30.228  256.81  259.21  258.43
 226     9.956 56893.47369931 30.35  65.890618  64.391658 32.264 -100.00 -100.00 -100.00
 226     9.906 56893.47369990 27.92  65.896271  64.390701 21.423 -100.00 -100.00 -100.00
 226     9.757 56893.47370049 28.44  65.901923  64.389743 25.622 -100.00 -100.00 -100.00
 227     9.970 56903.38934261 26.04  65.888255  64.391864 18.441  251.54  251.35  253.26
 227     9.896 56903.38934320 23.29  65.893908  64.390906 11.955  251.54  251.35  253.26
 227     9.767 56903.38934379 25.50  65.899560  64.389949 18.298  251.54  251.35  253.26
 228     9.748 56913.30498396 31.27  65.886434  64.392933   -100  251.45  251.94  252.96
 228     9.715 56913.30498455 30.18  65.892087  64.391976   -100  251.45  251.94  252.96
 228     9.673 56913.30498514 29.27  65.897739  64.391019   -100  251.45  251.94  252.96
 228    10.771 56913.30498573 24.59  65.903391  64.390061 16.580  251.45  251.94  252.96
 229     9.499 56923.22062327 36.64  65.881359  64.395176   -100  256.96  258.46  258.29
 229     9.099 56923.22062386 35.34  65.887013  64.394219   -100  256.96  258.46  258.29
 229     9.709 56923.22062445 26.84  65.892666  64.393262 17.015  256.96  258.46  258.29
 229     9.468 56923.22062504 25.22  65.898319  64.392305 15.287  256.96  258.46  258.29
 229     9.181 56923.22062563 27.75  65.903971  64.391347 20.580  256.96  258.46  258.29
 230     9.431 56933.13626074 37.04  65.881782  64.396597  8.979 -100.00 -100.00 -100.00
 230     9.676 56933.13626133 28.34  65.887435  64.395640 25.384 -100.00 -100.00 -100.00
 230     9.695 56933.13626192 24.90  65.893089  64.394683 14.595 -100.00 -100.00 -100.00
 230     9.549 56933.13626251 23.22  65.898742  64.393726 10.884 -100.00 -100.00 -100.00
 230     9.355 56933.13626310 26.79  65.904394  64.392768 17.836 -100.00 -100.00 -100.00
 231     9.075 56943.05189281 30.22  65.880583  64.397576 21.240 -100.00 -100.00 -100.00
 231     7.672 56943.05189340 33.27  65.886238  64.396620 25.201 -100.00 -100.00 -100.00
 231     8.862 56943.05189399 30.23  65.891891  64.395663 23.357 -100.00 -100.00 -100.00
 231     8.848 56943.05189458 29.17  65.897545  64.394706 20.878 -100.00 -100.00 -100.00
 231     7.537 56943.05189517 33.64  65.903198  64.393749 28.714 -100.00 -100.00 -100.00
 232     7.103 56952.96753866 37.35  65.884534  64.396071   -100 -100.00 -100.00 -100.00
 232     7.489 56952.96753925 40.15  65.890188  64.395114 31.342 -100.00 -100.00 -100.00
 232     7.443 56952.96753984 41.15  65.895841  64.394157   -100 -100.00 -100.00 -100.00
 232     7.200 56952.96754043 45.42  65.901494  64.393200   -100 -100.00 -100.00 -100.00
 233     7.000 56962.88318936 24.22  65.884706  64.394656  7.414 -100.00 -100.00 -100.00
 233     7.188 56962.88318995 24.35  65.890359  64.393699  8.135 -100.00 -100.00 -100.00
 233     7.290 56962.88319054 25.71  65.896011  64.392742  8.898 -100.00 -100.00 -100.00
 233     7.076 56962.88319114 29.73  65.901663  64.391785 20.152 -100.00 -100.00 -100.00
 234     6.336 56972.79883497 22.43  65.883639  64.394418 17.264 -100.00 -100.00 -100.00
 234     6.434 56972.79883556 24.03  65.889292  64.393461 22.617 -100.00 -100.00 -100.00
 234     6.657 56972.79883615 27.17  65.894945  64.392504   -100 -100.00 -100.00 -100.00
 234     6.940 56972.79883674 27.34  65.900597  64.391546 25.604 -100.00 -100.00 -100.00
 235     8.402 56982.71447636 13.79  65.883737  64.394733  3.915 -100.00 -100.00 -100.00
 235     7.604 56982.71447695 14.88  65.889390  64.393776  6.224 -100.00 -100.00 -100.00
 235     7.676 56982.71447754 15.51  65.895043  64.392819  5.704 -100.00 -100.00 -100.00
 235     7.147 56982.71447813 18.86  65.900695  64.391862 11.367 -100.00 -100.00 -100.00
 236     7.260 56992.63011335 24.78  65.885967  64.394510 28.937 -100.00 -100.00 -100.00
 236     7.525 56992.63011394 25.02  65.891620  64.393553 27.285 -100.00 -100.00 -100.00
 236     8.095 56992.63011453 26.19  65.897273  64.392596 21.114 -100.00 -100.00 -100.00
 236     7.724 56992.63011513 28.28  65.902926  64.391639   -100 -100.00 -100.00 -100.00
 237     7.407 57002.54574827 17.03  65.887050  64.393688  9.903 -100.00 -100.00 -100.00
 237     7.561 57002.54574886 21.68  65.892704  64.392731 18.257 -100.00 -100.00 -100.00
 237     7.817 57002.54574945 23.10  65.898357  64.391774 17.208 -100.00 -100.00 -100.00
 237     7.743 57002.54575004 17.19  65.904010  64.390817  9.083 -100.00 -100.00 -100.00
 238     9.890 57012.46140521 13.39  65.885607  64.391937  3.000 -100.00 -100.00 -100.00
 238    10.051 57012.46140580 13.33  65.891260  64.390980  3.032 -100.00 -100.00 -100.00
 238    10.013 57012.46140640 13.27  65.896913  64.390023  2.848 -100.00 -100.00 -100.00
 238     9.858 57012.46140699 13.22  65.902565  64.389066  3.588 -100.00 -100.00 -100.00
 239    10.077 57022.37705665 14.49  65.885689  64.391115  2.912 -100.00 -100.00 -100.00
 239    10.113 57022.37705724 14.32  65.891342  64.390158  2.651 -100.00 -100.00 -100.00
 239    10.126 57022.37705783 14.60  65.896994  64.389201  2.895 -100.00 -100.00 -100.00
 239    10.260 57022.37705842 14.45  65.902646  64.388244  2.838 -100.00 -100.00 -100.00
 240    10.599 57032.29270518 15.13  65.884921  64.392246  2.770 -100.00 -100.00 -100.00
 240    10.305 57032.29270577 15.14  65.890574  64.391289  2.907 -100.00 -100.00 -100.00
 240    10.399 57032.29270636 15.21  65.896227  64.390331  3.010 -100.00 -100.00 -100.00
 240    10.152 57032.29270695 15.19  65.901879  64.389374  3.002 -100.00 -100.00 -100.00
 241    10.332 57042.20835150 13.45  65.883119  64.393825  2.816 -100.00 -100.00 -100.00
 241    10.603 57042.20835209 13.35  65.888772  64.392868  2.825 -100.00 -100.00 -100.00
 241    10.417 57042.20835268 13.43  65.894425  64.391910  2.921 -100.00 -100.00 -100.00
 241    10.396 57042.20835327 13.56  65.900077  64.390953  3.054 -100.00 -100.00 -100.00
 242    10.549 57052.12399607 13.44  65.884656  64.394114  3.294  248.36  240.01  217.76
 242    10.547 57052.12399666 13.13  65.890309  64.393157  3.108  248.36  240.01  217.76
 242    10.574 57052.12399726 13.06  65.895962  64.392200  2.719  248.36  240.01  217.76
 242    10.443 57052.12399785 13.17  65.901614  64.391242  2.998  248.36  240.01  217.76
 243    10.882 57062.03963651 12.62  65.887117  64.393201  3.065 -100.00 -100.00 -100.00
 243    10.884 57062.03963710 12.72  65.892769  64.392244  2.767 -100.00 -100.00 -100.00
 243    10.787 57062.03963769 12.61  65.898422  64.391287  2.987 -100.00 -100.00 -100.00
 243    10.681 57062.03963828 12.66  65.904073  64.390330  2.564 -100.00 -100.00 -100.00
 244    10.756 57071.95527127 12.48  65.886930  64.393003  3.175  247.16  236.25  212.55
 244    10.726 57071.95527186 12.22  65.892583  64.392047  2.989  247.16  236.25  212.55
 244    10.769 57071.95527245 12.35  65.898235  64.391090  2.896  247.16  236.25  212.55
 244    10.764 57071.95527304 12.32  65.903887  64.390132  2.683  247.16  236.25  212.55
 245    10.435 57081.87090162 12.18  65.885375  64.394319  3.136  249.46  239.59  216.03
 245    10.428 57081.87090221 12.21  65.891028  64.393363  3.542  249.46  239.59  216.03
 245    10.494 57081.87090280 12.20  65.896681  64.392406  2.757  249.46  239.59  216.03
 245    10.558 57081.87090339 12.33  65.902333  64.391449  2.891  249.46  239.59  216.03
 246    10.796 57091.78654616 13.52  65.885293  64.395895  3.474 -100.00 -100.00 -100.00
 246    10.717 57091.78654675 12.94  65.890946  64.394938  2.929 -100.00 -100.00 -100.00
 246    10.734 57091.78654734 12.82  65.896599  64.393981  2.581 -100.00 -100.00 -100.00
 246    10.567 57091.78654793 13.07  65.902251  64.393024  2.914 -100.00 -100.00 -100.00
 247    10.859 57101.70220284 10.95  65.879962  64.397787  3.300 -100.00 -100.00 -100.00
 247    10.986 57101.70220343 10.68  65.885616  64.396831  2.204 -100.00 -100.00 -100.00
 247    10.912 57101.70220402 11.02  65.891269  64.395874  2.422 -100.00 -100.00 -100.00
 247    10.954 57101.70220461 10.85  65.896922  64.394917  2.375 -100.00 -100.00 -100.00
 247    11.109 57101.70220520 10.95  65.902575  64.393959  2.729 -100.00 -100.00 -100.00
 248    10.930 57111.61785695 11.35  65.881827  64.397412  2.638 -100.00 -100.00 -100.00
 248    10.917 57111.61785754 11.23  65.887481  64.396455  2.355 -100.00 -100.00 -100.00
 248    11.127 57111.61785813 11.44  65.893134  64.395498  2.443 -100.00 -100.00 -100.00
 248    10.981 57111.61785872 11.45  65.898787  64.394541  2.385 -100.00 -100.00 -100.00
 248    10.991 57111.61785931 11.51  65.904439  64.393583  2.735 -100.00 -100.00 -100.00
 249    10.698 57121.53350551  6.44  65.885242  64.395554  2.454 -100.00 -100.00 -100.00
 249    11.051 57121.53350610  6.16  65.890895  64.394597  2.227 -100.00 -100.00 -100.00
 249    10.831 57121.53350669  6.10  65.896548  64.393640  2.439 -100.00 -100.00 -100.00
 249    10.853 57121.53350728  6.22  65.902201  64.392682  2.561 -100.00 -100.00 -100.00
 250    10.794 57131.44914787  7.99  65.882877  64.394381  4.144  235.53  221.99  191.66
 250    10.939 57131.44914846  8.35  65.888530  64.393424  4.522  235.53  221.99  191.66
 250    10.472 57131.44914905 10.07  65.894183  64.392467  6.618  235.53  221.99  191.66
 250     9.924 57131.44914964 11.07  65.899835  64.391510  7.937  235.53  221.99  191.66
