# NaN NaN NaN ;Mean Elev.(m), Avg Gradient(m/km), RMS Gradient(m/km) - SRTM1     
#   36.560  -4.732   6.841 ;Mean Elev.(m), Avg Gradient(m/km), RMS Gradient(m/km) - ASTER GDEM
#   41.707  -1.644   4.975 ;Mean Elev.(m), Avg Gradient(m/km), RMS Gradient(m/km) - GMTED2010 
   2    49.219 54673.14398078 27.58  80.153611  59.290069 19.591 -100.00 -100.00 -100.00
   2    48.944 54673.14398137 24.42  80.157603  59.291725 13.902 -100.00 -100.00 -100.00
   2    49.227 54673.14398196 28.18  80.161595  59.293382 20.652 -100.00 -100.00 -100.00
   3   -32.839 54683.05962404  5.11  80.150414  59.290708  2.408 -100.00 -100.00 -100.00
   3   -30.938 54683.05962463  5.05  80.154405  59.292365  2.090 -100.00 -100.00 -100.00
   3   -29.854 54683.05962522  5.01  80.158397  59.294022  2.022 -100.00 -100.00 -100.00
   4    43.537 54692.97526601 37.13  80.149112  59.290309   -100 -100.00 -100.00 -100.00
   4    43.872 54692.97526660 39.62  80.153103  59.291966   -100 -100.00 -100.00 -100.00
   4    43.697 54692.97526719 40.59  80.157095  59.293623   -100 -100.00 -100.00 -100.00
   5   -29.931 54702.89090603  3.18  80.153685  59.289938  2.677 -100.00 -100.00 -100.00
   5   -29.657 54702.89090662  3.10  80.157676  59.291595  2.849 -100.00 -100.00 -100.00
   5   -29.360 54702.89090721  2.83  80.161667  59.293252  2.543 -100.00 -100.00 -100.00
   6    49.294 54712.80655504 26.43  80.156198  59.288714 16.194 -100.00 -100.00 -100.00
   6    48.685 54712.80655563 26.33  80.160189  59.290370 14.166 -100.00 -100.00 -100.00
   6    49.062 54712.80655622 30.68  80.164181  59.292027 24.670 -100.00 -100.00 -100.00
   7   -20.776 54722.72220568  5.89  80.156067  59.287634  2.649 -100.00 -100.00 -100.00
   7   -20.225 54722.72220627  5.38  80.160058  59.289290  2.636 -100.00 -100.00 -100.00
   7   -20.146 54722.72220686  5.05  80.164049  59.290947  1.937 -100.00 -100.00 -100.00
   8    49.154 54732.63785436 22.00  80.156787  59.288909 11.133 -100.00 -100.00 -100.00
   8    49.036 54732.63785495 22.19  80.160778  59.290565  8.730 -100.00 -100.00 -100.00
   8    49.236 54732.63785554 28.40  80.164770  59.292222 21.413 -100.00 -100.00 -100.00
   9    44.209 54742.55350133 34.22  80.154479  59.290495 20.690 -100.00 -100.00 -100.00
   9    44.451 54742.55350192 34.79  80.158470  59.292152 20.794 -100.00 -100.00 -100.00
   9    44.294 54742.55350251 40.01  80.162463  59.293808 32.547 -100.00 -100.00 -100.00
  10    49.036 54752.46914759 30.71  80.149349  59.289824 20.266 -100.00 -100.00 -100.00
  10    48.806 54752.46914818 31.38  80.153341  59.291480 24.544 -100.00 -100.00 -100.00
  10    43.869 54752.46914877 32.45  80.157333  59.293137 31.428 -100.00 -100.00 -100.00
  11    49.152 54762.38479450 30.41  80.152544  59.290647 15.417 -100.00 -100.00 -100.00
  11    48.225 54762.38479509 28.85  80.156536  59.292303 16.237 -100.00 -100.00 -100.00
  11    43.766 54762.38479568 30.27  80.160528  59.293960 18.183 -100.00 -100.00 -100.00
  12    49.730 54772.30043836 22.03  80.153548  59.288738  7.674 -100.00 -100.00 -100.00
  12    48.501 54772.30043895 26.76  80.157540  59.290395 18.599 -100.00 -100.00 -100.00
  12    48.566 54772.30043954 31.29  80.161532  59.292051   -100 -100.00 -100.00 -100.00
  13    44.314 54782.21607974 41.95  80.157533  59.288512 25.241 -100.00 -100.00 -100.00
  13    44.222 54782.21608033 46.06  80.161526  59.290168   -100 -100.00 -100.00 -100.00
  13    43.790 54782.21608092 50.35  80.165518  59.291825   -100 -100.00 -100.00 -100.00
  14    45.629 54792.13171840 41.08  80.159250  59.288716   -100 -100.00 -100.00 -100.00
  14    45.675 54792.13171899 42.57  80.163242  59.290373   -100 -100.00 -100.00 -100.00
  14    45.737 54792.13171958 36.52  80.167235  59.292029 29.814 -100.00 -100.00 -100.00
  18    49.296 54831.79428600 22.55  80.154751  59.288856 10.317 -100.00 -100.00 -100.00
  18    48.931 54831.79428659 22.46  80.158742  59.290513 10.656 -100.00 -100.00 -100.00
  18    44.801 54831.79428718 22.44  80.162734  59.292170  9.792 -100.00 -100.00 -100.00
  19    47.280 54841.70992467 18.57  80.154151  59.289922  6.316 -100.00 -100.00 -100.00
  19    45.907 54841.70992526 18.76  80.158143  59.291579  6.334 -100.00 -100.00 -100.00
  19    47.985 54841.70992585 18.70  80.162135  59.293236  5.045 -100.00 -100.00 -100.00
  20    46.796 54851.62557349 18.27  80.150719  59.291249  4.922 -100.00 -100.00 -100.00
  20    46.964 54851.62557408 18.72  80.154711  59.292906  4.400 -100.00 -100.00 -100.00
  21    46.911 54861.54122172 17.60  80.145138  59.291836  5.104 -100.00 -100.00 -100.00
  21    46.814 54861.54122231 18.79  80.149130  59.293493  6.877 -100.00 -100.00 -100.00
  21    45.637 54861.54122290 19.65  80.153122  59.295150  7.427 -100.00 -100.00 -100.00
  22    47.783 54871.45687073 15.78  80.145856  59.293417  3.693 -100.00 -100.00 -100.00
  22    48.185 54871.45687132 16.19  80.149849  59.295074  3.680 -100.00 -100.00 -100.00
  23    48.264 54881.37251749 14.56  80.145217  59.291370  4.738 -100.00 -100.00 -100.00
  23    48.337 54881.37251808 14.72  80.149209  59.293027  4.019 -100.00 -100.00 -100.00
  23    48.222 54881.37251867 15.17  80.153201  59.294684  3.697 -100.00 -100.00 -100.00
  24    49.086 54891.28816162 14.45  80.150766  59.290007  4.748 -100.00 -100.00 -100.00
  24    47.770 54891.28816221 14.99  80.154759  59.291664  4.401 -100.00 -100.00 -100.00
  24    48.750 54891.28816280 14.66  80.158751  59.293321  4.395 -100.00 -100.00 -100.00
  25    48.042 54901.20380295 15.62  80.156468  59.289871  6.404 -100.00 -100.00 -100.00
  25    49.119 54901.20380354 15.44  80.160461  59.291527  4.479 -100.00 -100.00 -100.00
  25    48.717 54901.20380413 15.45  80.164454  59.293184  4.174 -100.00 -100.00 -100.00
  26    49.387 54911.11944173 14.82  80.154763  59.289741  6.302 -100.00 -100.00 -100.00
  26    48.854 54911.11944232 14.95  80.158755  59.291398  5.418 -100.00 -100.00 -100.00
  26    49.144 54911.11944291 14.55  80.162748  59.293054  3.756 -100.00 -100.00 -100.00
  27    43.738 54921.03507904 16.13  80.150139  59.289786 14.426 -100.00 -100.00 -100.00
  27    43.542 54921.03507963 16.56  80.154131  59.291442 16.011 -100.00 -100.00 -100.00
  27    43.207 54921.03508022 18.21  80.158124  59.293099 18.404 -100.00 -100.00 -100.00
  28    48.393 54930.95071615 21.48  80.149848  59.289995 10.318 -100.00 -100.00 -100.00
  28    49.006 54930.95071674 21.37  80.153840  59.291652  9.968 -100.00 -100.00 -100.00
  28    49.117 54930.95071733 21.25  80.157832  59.293309  7.437 -100.00 -100.00 -100.00
  29    46.105 54940.86635241 38.19  80.155877  59.289659   -100 -100.00 -100.00 -100.00
  29    46.377 54940.86635300 34.59  80.159869  59.291316   -100 -100.00 -100.00 -100.00
  29    46.538 54940.86635359 38.73  80.163861  59.292973   -100 -100.00 -100.00 -100.00
  30    83.952 54950.78198672 15.75  80.161007  59.287636  7.687 -100.00 -100.00 -100.00
  30    83.854 54950.78198731 14.02  80.164998  59.289293  6.637 -100.00 -100.00 -100.00
  30    83.275 54950.78198790 12.66  80.168990  59.290949  4.984 -100.00 -100.00 -100.00
  31    83.967 54960.69762661 20.63  80.160788  59.285530 10.525 -100.00 -100.00 -100.00
  31    84.193 54960.69762720 17.52  80.164779  59.287187  7.705 -100.00 -100.00 -100.00
  31    83.645 54960.69762780 15.93  80.168770  59.288843  6.169 -100.00 -100.00 -100.00
  32    84.465 54970.61327539 16.48  80.160087  59.287156  8.491 -100.00 -100.00 -100.00
  32    83.915 54970.61327598 15.29  80.164078  59.288812  7.892 -100.00 -100.00 -100.00
  32    83.353 54970.61327657 13.09  80.168070  59.290469  5.825 -100.00 -100.00 -100.00
  33    49.647 54980.52892293 29.75  80.157449  59.288933 13.779 -100.00 -100.00 -100.00
  33    49.551 54980.52892352 32.02  80.161440  59.290590 20.815 -100.00 -100.00 -100.00
  33    49.527 54980.52892411 38.07  80.165432  59.292246   -100 -100.00 -100.00 -100.00
  34    49.862 54990.44456971 42.74  80.151853  59.288863 26.446 -100.00 -100.00 -100.00
  34    49.805 54990.44457030 45.33  80.155844  59.290519 28.274 -100.00 -100.00 -100.00
  34    49.404 54990.44457089 50.16  80.159836  59.292176   -100 -100.00 -100.00 -100.00
  35    49.304 55000.36021694 43.11  80.151993  59.289476   -100 -100.00 -100.00 -100.00
  35    49.191 55000.36021753 40.59  80.155984  59.291133 30.084 -100.00 -100.00 -100.00
  35    49.484 55000.36021812 41.83  80.159976  59.292789 30.543 -100.00 -100.00 -100.00
  36    49.145 55010.27586252 33.08  80.153662  59.290221 24.669 -100.00 -100.00 -100.00
  36    49.618 55010.27586311 24.32  80.157653  59.291878  6.382 -100.00 -100.00 -100.00
  36    49.457 55010.27586370 26.49  80.161646  59.293535  9.471 -100.00 -100.00 -100.00
  37    48.589 55020.19150602 43.24  80.152460  59.289635 24.357 -100.00 -100.00 -100.00
  37    48.323 55020.19150661 42.04  80.156452  59.291291   -100 -100.00 -100.00 -100.00
  37    48.524 55020.19150720 35.65  80.160444  59.292948 12.078 -100.00 -100.00 -100.00
  38    49.783 55030.10714818 27.30  80.149384  59.289704  9.891 -100.00 -100.00 -100.00
  38    49.274 55030.10714877 29.71  80.153376  59.291361 15.574 -100.00 -100.00 -100.00
  38    49.321 55030.10714936 26.57  80.157368  59.293017  9.265 -100.00 -100.00 -100.00
  39    49.737 55040.02279017 25.16  80.149752  59.291423 17.387 -100.00 -100.00 -100.00
  39    49.232 55040.02279076 26.73  80.153744  59.293079 19.823 -100.00 -100.00 -100.00
  40    45.383 55049.93843021 37.05  80.147963  59.290600 23.884 -100.00 -100.00 -100.00
  40    45.834 55049.93843080 43.24  80.151954  59.292257 28.434 -100.00 -100.00 -100.00
  40    45.596 55049.93843139 53.04  80.155946  59.293914   -100 -100.00 -100.00 -100.00
  41    45.160 55059.85406881 39.22  80.153348  59.290060 24.795 -100.00 -100.00 -100.00
  41    45.398 55059.85406940 50.37  80.157340  59.291717   -100 -100.00 -100.00 -100.00
  41    45.122 55059.85406999 52.18  80.161331  59.293374  0.232 -100.00 -100.00 -100.00
  42    44.786 55069.76970928 37.09  80.157529  59.288184 28.782 -100.00 -100.00 -100.00
  42    45.380 55069.76970987 48.48  80.161520  59.289840   -100 -100.00 -100.00 -100.00
  42    45.198 55069.76971046 53.41  80.165511  59.291497   -100 -100.00 -100.00 -100.00
  43    49.701 55079.68535866 31.94  80.158591  59.287173 28.423 -100.00 -100.00 -100.00
  43    43.969 55079.68535925 29.41  80.162582  59.288829 23.453 -100.00 -100.00 -100.00
  43    49.232 55079.68535984 27.88  80.166573  59.290486 15.285 -100.00 -100.00 -100.00
  44    44.388 55089.60100635 34.01  80.158234  59.288428   -100 -100.00 -100.00 -100.00
  44    49.166 55089.60100694 25.51  80.162226  59.290085 12.972 -100.00 -100.00 -100.00
  44    49.386 55089.60100753 27.66  80.166218  59.291741 16.240 -100.00 -100.00 -100.00
  45    49.119 55099.51665226 32.26  80.151530  59.288809 17.034 -100.00 -100.00 -100.00
  45    43.545 55099.51665285 34.28  80.155521  59.290466   -100 -100.00 -100.00 -100.00
  45    43.821 55099.51665344 31.31  80.159513  59.292122 30.305 -100.00 -100.00 -100.00
  45    49.102 55099.51665403 25.96  80.163505  59.293778 14.316 -100.00 -100.00 -100.00
  46    49.068 55109.43229818 28.39  80.149055  59.290052 22.210 -100.00 -100.00 -100.00
  46    49.043 55109.43229877 28.88  80.153047  59.291709 18.024 -100.00 -100.00 -100.00
  46    48.796 55109.43229936 27.57  80.157039  59.293365 15.783 -100.00 -100.00 -100.00
  47    49.491 55119.34794324 28.11  80.152949  59.290736 15.093 -100.00 -100.00 -100.00
  47    48.690 55119.34794383 29.76  80.156941  59.292393 31.372 -100.00 -100.00 -100.00
  47    48.901 55119.34794442 28.80  80.160933  59.294049 25.453 -100.00 -100.00 -100.00
  48    49.169 55129.26358556 31.62  80.157374  59.289429 14.448 -100.00 -100.00 -100.00
  48    44.105 55129.26358615 36.98  80.161367  59.291086 27.967 -100.00 -100.00 -100.00
  48    48.798 55129.26358674 36.96  80.165359  59.292742 21.491 -100.00 -100.00 -100.00
  49    46.111 55139.17922553 39.99  80.159431  59.287846 22.072 -100.00 -100.00 -100.00
  49    45.455 55139.17922612 47.51  80.163423  59.289502   -100 -100.00 -100.00 -100.00
  49    45.386 55139.17922671 50.23  80.167416  59.291159  4.150 -100.00 -100.00 -100.00
  50    45.661 55149.09486432 37.71  80.160171  59.288485   -100 -100.00 -100.00 -100.00
  50    45.605 55149.09486491 38.91  80.164163  59.290142   -100 -100.00 -100.00 -100.00
  51    45.702 55159.01050191 31.89  80.154376  59.288152 18.542 -100.00 -100.00 -100.00
  51    45.641 55159.01050250 34.99  80.158368  59.289809 27.565 -100.00 -100.00 -100.00
  51    45.844 55159.01050309 37.10  80.162360  59.291466 27.473 -100.00 -100.00 -100.00
  52   110.660 55168.92614007  0.70  80.155334  59.290001  2.358 -100.00 -100.00 -100.00
  52   111.309 55168.92614066  0.96  80.159325  59.291658  2.637 -100.00 -100.00 -100.00
  52   111.889 55168.92614125  0.94  80.163318  59.293314  2.416 -100.00 -100.00 -100.00
  53   107.322 55178.84177653  0.72  80.153036  59.288620  2.364 -100.00 -100.00 -100.00
  53   109.734 55178.84177712  0.42  80.157027  59.290277  2.501 -100.00 -100.00 -100.00
  53   110.585 55178.84177771  0.27  80.161019  59.291934  2.288 -100.00 -100.00 -100.00
  54    48.836 55188.75742217 18.31  80.153380  59.288152  6.032 -100.00 -100.00 -100.00
  54    48.396 55188.75742276 18.30  80.157371  59.289809  6.114 -100.00 -100.00 -100.00
  54    48.477 55188.75742335 18.61  80.161363  59.291466  5.223 -100.00 -100.00 -100.00
  55    48.710 55198.67307298 15.41  80.153686  59.289448  4.098 -100.00 -100.00 -100.00
  55    47.984 55198.67307357 16.02  80.157678  59.291105  4.776 -100.00 -100.00 -100.00
  55    48.116 55198.67307416 16.28  80.161670  59.292762  4.372 -100.00 -100.00 -100.00
  56    48.259 55208.58872272 15.06  80.151279  59.290712  8.265 -100.00 -100.00 -100.00
  56    48.276 55208.58872331 14.60  80.155271  59.292369  6.700 -100.00 -100.00 -100.00
  56    48.287 55208.58872390 15.07  80.159263  59.294026  5.334 -100.00 -100.00 -100.00
  57    48.268 55218.50437185 14.06  80.147939  59.291493  4.981 -100.00 -100.00 -100.00
  57    48.013 55218.50437244 14.65  80.151931  59.293150  4.460 -100.00 -100.00 -100.00
  58    48.225 55228.42002031 13.15  80.146649  59.291399  5.485 -100.00 -100.00 -100.00
  58    48.191 55228.42002090 12.83  80.150641  59.293056  4.521 -100.00 -100.00 -100.00
  58    48.113 55228.42002149 13.16  80.154633  59.294713  4.007 -100.00 -100.00 -100.00
  59    49.430 55238.33566611 13.26  80.150050  59.291106  4.713 -100.00 -100.00 -100.00
  59    49.092 55238.33566671 12.85  80.154042  59.292763  4.231 -100.00 -100.00 -100.00
  60    48.919 55248.25130821 13.58  80.153717  59.289652  7.762 -100.00 -100.00 -100.00
  60    46.791 55248.25130880 13.22  80.157710  59.291309  5.117 -100.00 -100.00 -100.00
  60    48.415 55248.25130939 13.24  80.161703  59.292965  4.851 -100.00 -100.00 -100.00
  61    48.012 55258.16694787 12.33  80.156679  59.289112 11.516 -100.00 -100.00 -100.00
  61    49.181 55258.16694846 12.73  80.160671  59.290769  7.709 -100.00 -100.00 -100.00
  61    48.896 55258.16694905 13.07  80.164664  59.292425  6.208 -100.00 -100.00 -100.00
  62    48.008 55268.08258640 11.85  80.156056  59.289102  7.934 -100.00 -100.00 -100.00
  62    48.079 55268.08258699 12.54  80.160048  59.290759  6.020 -100.00 -100.00 -100.00
  62    47.849 55268.08258758 12.53  80.164041  59.292415  6.021 -100.00 -100.00 -100.00
  63    46.967 55277.99822412 12.16  80.151890  59.288876  7.388 -100.00 -100.00 -100.00
  63    47.984 55277.99822471 12.22  80.155882  59.290533  5.159 -100.00 -100.00 -100.00
  63    48.183 55277.99822530 12.19  80.159874  59.292189  4.507 -100.00 -100.00 -100.00
  64    48.586 55287.91386094  9.60  80.151401  59.288758  7.731 -100.00 -100.00 -100.00
  64    49.513 55287.91386153 10.01  80.155392  59.290415  6.935 -100.00 -100.00 -100.00
  64    49.664 55287.91386212  9.50  80.159384  59.292071  6.542 -100.00 -100.00 -100.00
  64    49.971 55287.91386271  9.03  80.163376  59.293728  4.252 -100.00 -100.00 -100.00
  65    49.247 55297.82949576  9.23  80.155587  59.288288  7.487 -100.00 -100.00 -100.00
  65    49.500 55297.82949635  9.50  80.159579  59.289944  7.860 -100.00 -100.00 -100.00
  65    49.500 55297.82949694  9.18  80.163571  59.291601  5.150 -100.00 -100.00 -100.00
  66    43.828 55307.74513802 29.92  80.159489  59.287432 24.258 -100.00 -100.00 -100.00
  66    49.132 55307.74513861 27.80  80.163481  59.289088 15.906 -100.00 -100.00 -100.00
  66    50.676 55307.74513920 27.47  80.167472  59.290745 12.080 -100.00 -100.00 -100.00
  67    83.467 55317.66078429 18.40  80.159883  59.286934 11.274 -100.00 -100.00 -100.00
  67    83.235 55317.66078488 15.20  80.163874  59.288591  5.554 -100.00 -100.00 -100.00
  67    83.321 55317.66078547 12.55  80.167866  59.290247  4.457 -100.00 -100.00 -100.00
  68    50.017 55327.57642954 28.76  80.158306  59.287625 21.333 -100.00 -100.00 -100.00
  68    49.648 55327.57643013 27.39  80.162297  59.289282 15.531 -100.00 -100.00 -100.00
  68    49.754 55327.57643072 30.31  80.166289  59.290938 17.070 -100.00 -100.00 -100.00
  69    50.017 55337.49207403 28.75  80.155376  59.288987 14.898 -100.00 -100.00 -100.00
  69    49.729 55337.49207462 27.11  80.159367  59.290644 10.667 -100.00 -100.00 -100.00
  69    49.850 55337.49207521 31.18  80.163359  59.292300 20.139 -100.00 -100.00 -100.00
  70    49.948 55347.40771779 32.60  80.150983  59.289170 20.135 -100.00 -100.00 -100.00
  70    49.942 55347.40771838 30.92  80.154975  59.290827 16.738 -100.00 -100.00 -100.00
  70    50.558 55347.40771897 33.77  80.158967  59.292483 19.315 -100.00 -100.00 -100.00
  71    50.539 55357.32336074 39.94  80.153372  59.290685   -100 -100.00 -100.00 -100.00
  71    50.604 55357.32336133 35.59  80.157364  59.292342 25.946 -100.00 -100.00 -100.00
  71    50.735 55357.32336192 41.49  80.161356  59.293999   -100 -100.00 -100.00 -100.00
  72    50.132 55367.23900117 32.79  80.153574  59.290447 23.273 -100.00 -100.00 -100.00
  72    50.553 55367.23900176 30.50  80.157566  59.292104 12.437 -100.00 -100.00 -100.00
  72    51.052 55367.23900235 39.32  80.161558  59.293760   -100 -100.00 -100.00 -100.00
  73    50.209 55377.15463993 38.11  80.152882  59.289590   -100 -100.00 -100.00 -100.00
  73    50.479 55377.15464052 31.10  80.156873  59.291246 12.108 -100.00 -100.00 -100.00
  73    50.497 55377.15464111 35.14  80.160865  59.292903 23.891 -100.00 -100.00 -100.00
  74    49.786 55387.07027772 42.98  80.151578  59.288861   -100 -100.00 -100.00 -100.00
  74    50.102 55387.07027831 37.60  80.155569  59.290518 26.017 -100.00 -100.00 -100.00
  74    50.035 55387.07027890 35.79  80.159561  59.292175 21.279 -100.00 -100.00 -100.00
  74    50.115 55387.07027949 43.33  80.163553  59.293831   -100 -100.00 -100.00 -100.00
  75    49.770 55396.98591534 26.12  80.155674  59.290266 12.200 -100.00 -100.00 -100.00
  75    49.663 55396.98591593 27.37  80.159666  59.291923 14.482 -100.00 -100.00 -100.00
  75    50.111 55396.98591652 30.92  80.163657  59.293579 21.181 -100.00 -100.00 -100.00
  76    49.700 55406.90155777 23.52  80.155672  59.289485 10.374 -100.00 -100.00 -100.00
  76    49.444 55406.90155836 23.03  80.159664  59.291142  8.835 -100.00 -100.00 -100.00
  76    50.110 55406.90155895 28.19  80.163655  59.292798 14.653 -100.00 -100.00 -100.00
  77    50.087 55416.81720853 27.45  80.154238  59.288345 20.122 -100.00 -100.00 -100.00
  77    49.783 55416.81720912 21.01  80.158229  59.290001  7.685 -100.00 -100.00 -100.00
  77    49.646 55416.81720971 24.25  80.162221  59.291658 11.335 -100.00 -100.00 -100.00
  78    50.211 55426.73285615 24.55  80.155071  59.287432 13.099 -100.00 -100.00 -100.00
  78    49.520 55426.73285674 23.74  80.159062  59.289089 11.989 -100.00 -100.00 -100.00
  78    49.908 55426.73285733 24.19  80.163053  59.290745 12.387 -100.00 -100.00 -100.00
  79    49.973 55436.64850147 26.03  80.157212  59.287845 13.252 -100.00 -100.00 -100.00
  79    49.799 55436.64850206 23.19  80.161203  59.289501  8.101 -100.00 -100.00 -100.00
  79    49.427 55436.64850265 28.49  80.165195  59.291158 18.591 -100.00 -100.00 -100.00
  80    49.798 55446.56414527 29.72  80.155962  59.288298 14.930 -100.00 -100.00 -100.00
  80    44.256 55446.56414586 33.34  80.159954  59.289954 24.534 -100.00 -100.00 -100.00
  80    44.349 55446.56414645 34.80  80.163946  59.291610 26.230 -100.00 -100.00 -100.00
  81    49.287 55456.47978880 24.78  80.155372  59.289632 15.833 -100.00 -100.00 -100.00
  81    49.387 55456.47978939 22.23  80.159364  59.291288  8.192 -100.00 -100.00 -100.00
  81    49.870 55456.47978998 24.96  80.163356  59.292945 12.612 -100.00 -100.00 -100.00
  82    43.894 55466.39543160 38.06  80.155148  59.290298   -100 -100.00 -100.00 -100.00
  82    43.689 55466.39543219 37.88  80.159140  59.291955   -100 -100.00 -100.00 -100.00
  82    44.050 55466.39543278 39.49  80.163132  59.293611   -100 -100.00 -100.00 -100.00
  83    49.658 55476.31107109 24.51  80.155841  59.289148 11.053 -100.00 -100.00 -100.00
  83    49.201 55476.31107168 25.31  80.159833  59.290804 11.928 -100.00 -100.00 -100.00
  83    49.547 55476.31107227 29.52  80.163825  59.292461 20.480 -100.00 -100.00 -100.00
  84    49.542 55486.22670762 27.23  80.159142  59.287914 10.488 -100.00 -100.00 -100.00
  84    49.332 55486.22670821 26.49  80.163134  59.289571 10.015 -100.00 -100.00 -100.00
  84    49.342 55486.22670880 35.00  80.167126  59.291227   -100 -100.00 -100.00 -100.00
  85    49.558 55496.14234189 20.19  80.161737  59.287060  5.597 -100.00 -100.00 -100.00
  85    49.283 55496.14234248 23.26  80.165729  59.288717  9.794 -100.00 -100.00 -100.00
  85    49.488 55496.14234307 30.23  80.169721  59.290373 21.619 -100.00 -100.00 -100.00
  86    49.774 55506.05797706 25.60  80.161723  59.287476 16.599 -100.00 -100.00 -100.00
  86    49.400 55506.05797765 23.17  80.165715  59.289133  9.158 -100.00 -100.00 -100.00
  87    49.838 55515.97362739 27.94  80.158185  59.289108  8.696 -100.00 -100.00 -100.00
  87    49.329 55515.97362798 30.60  80.162177  59.290765 11.867 -100.00 -100.00 -100.00
  87    49.425 55515.97362857 29.21  80.166169  59.292422  9.801 -100.00 -100.00 -100.00
  88    44.165 55525.88927638 37.55  80.152595  59.289104 27.548 -100.00 -100.00 -100.00
  88    44.006 55525.88927697 37.91  80.156587  59.290761   -100 -100.00 -100.00 -100.00
  88    43.645 55525.88927756 38.88  80.160579  59.292418   -100 -100.00 -100.00 -100.00
  89    44.591 55535.80492371 23.28  80.150427  59.289290  9.649 -100.00 -100.00 -100.00
  89    44.824 55535.80492430 23.66  80.154419  59.290947 10.298 -100.00 -100.00 -100.00
  89    45.396 55535.80492489 22.97  80.158411  59.292604  8.245 -100.00 -100.00 -100.00
  89    44.612 55535.80492548 24.43  80.162403  59.294260 10.944 -100.00 -100.00 -100.00
  90    49.173 55545.72056957 19.39  80.152980  59.290740  5.570 -100.00 -100.00 -100.00
  90    45.678 55545.72057017 19.87  80.156972  59.292396  6.870 -100.00 -100.00 -100.00
  90    48.822 55545.72057076 19.72  80.160964  59.294053  6.253 -100.00 -100.00 -100.00
  91    49.183 55555.63621298 19.27  80.150607  59.290487  6.036 -100.00 -100.00 -100.00
  91    49.100 55555.63621357 19.61  80.154599  59.292144  6.168 -100.00 -100.00 -100.00
  91    48.968 55555.63621416 18.81  80.158591  59.293801  5.048 -100.00 -100.00 -100.00
  92    47.080 55565.55185550 16.92  80.147723  59.290115  5.758 -100.00 -100.00 -100.00
  92    48.901 55565.55185609 17.67  80.151714  59.291772  6.394 -100.00 -100.00 -100.00
  92    48.945 55565.55185668 16.82  80.155706  59.293429  4.404 -100.00 -100.00 -100.00
  93    48.803 55575.46749812 16.70  80.150752  59.290805  5.790 -100.00 -100.00 -100.00
  93    49.087 55575.46749871 17.05  80.154743  59.292462  6.483 -100.00 -100.00 -100.00
  93    48.944 55575.46749930 16.65  80.158736  59.294119  5.065 -100.00 -100.00 -100.00
  94    45.774 55585.38313859 17.14  80.152047  59.289140  8.592 -100.00 -100.00 -100.00
  94    45.691 55585.38313918 16.31  80.156039  59.290797  4.814 -100.00 -100.00 -100.00
  94    48.598 55585.38313977 16.29  80.160031  59.292453  4.328 -100.00 -100.00 -100.00
  95    49.734 55595.29877627 16.04  80.157606  59.288507  6.981 -100.00 -100.00 -100.00
  95    49.459 55595.29877686 15.77  80.161598  59.290164  6.174 -100.00 -100.00 -100.00
  95    49.206 55595.29877745 16.11  80.165590  59.291821  5.510 -100.00 -100.00 -100.00
  96    49.369 55605.21441050 15.02  80.161171  59.287876  7.348 -100.00 -100.00 -100.00
  96    47.162 55605.21441110 14.64  80.165163  59.289533  5.700 -100.00 -100.00 -100.00
  97    49.818 55615.13004196 13.43  80.159680  59.286363 21.511 -100.00 -100.00 -100.00
  97    49.578 55615.13004255 13.87  80.163672  59.288020 16.186 -100.00 -100.00 -100.00
  97    49.112 55615.13004314 14.62  80.167664  59.289676  8.108 -100.00 -100.00 -100.00
  98    49.833 55625.04568188 13.90  80.158214  59.286591 11.813 -100.00 -100.00 -100.00
  98    49.575 55625.04568247 14.23  80.162205  59.288248  7.401 -100.00 -100.00 -100.00
  98    49.142 55625.04568306 14.23  80.166197  59.289905  6.269 -100.00 -100.00 -100.00
  99    47.535 55634.96133438 13.50  80.158777  59.288548  7.301 -100.00 -100.00 -100.00
  99    47.520 55634.96133497 13.58  80.162768  59.290204  5.447 -100.00 -100.00 -100.00
  99    48.006 55634.96133556 13.63  80.166761  59.291861  5.592 -100.00 -100.00 -100.00
 100    49.607 55644.87698405 10.57  80.156256  59.287940 12.364 -100.00 -100.00 -100.00
 100    49.063 55644.87698464 12.68  80.160248  59.289597 16.713 -100.00 -100.00 -100.00
 100    46.102 55644.87698523 13.43  80.164240  59.291253 13.048 -100.00 -100.00 -100.00
 101    84.781 55654.79263135  0.66  80.157356  59.287932  4.983 -100.00 -100.00 -100.00
 101    81.688 55654.79263194  2.92  80.161347  59.289589  6.992 -100.00 -100.00 -100.00
 101    82.102 55654.79263253  1.34  80.165339  59.291245  6.188 -100.00 -100.00 -100.00
 102    49.262 55664.70827408 29.95  80.158061  59.287603 19.631 -100.00 -100.00 -100.00
 102    49.715 55664.70827467 30.56  80.162052  59.289260 19.206 -100.00 -100.00 -100.00
 102    49.869 55664.70827526 33.34  80.166044  59.290916 24.705 -100.00 -100.00 -100.00
 103    84.201 55674.62391386 16.69  80.157376  59.287624  6.735 -100.00 -100.00 -100.00
 103    83.451 55674.62391445 15.36  80.161367  59.289281  5.124 -100.00 -100.00 -100.00
 103    83.120 55674.62391504 14.48  80.165359  59.290937  4.942 -100.00 -100.00 -100.00
 104    49.902 55684.53955238 26.83  80.157783  59.288840 13.148 -100.00 -100.00 -100.00
 104    49.753 55684.53955297 27.65  80.161775  59.290497 14.988 -100.00 -100.00 -100.00
 104    50.036 55684.53955356 27.66  80.165767  59.292153 13.636 -100.00 -100.00 -100.00
 105    49.262 55694.45518935 36.59  80.155938  59.288774   -100 -100.00 -100.00 -100.00
 105    49.593 55694.45518994 31.07  80.159929  59.290430 24.104 -100.00 -100.00 -100.00
 105    49.804 55694.45519053 36.94  80.163921  59.292087   -100 -100.00 -100.00 -100.00
 106    82.146 55704.37082500 14.31  80.155243  59.288156 16.020 -100.00 -100.00 -100.00
 106    83.975 55704.37082559  9.65  80.159234  59.289813  7.131 -100.00 -100.00 -100.00
 106    83.234 55704.37082618  8.15  80.163226  59.291469  5.506 -100.00 -100.00 -100.00
 107    49.988 55714.28647164 28.33  80.155998  59.288810 14.787 -100.00 -100.00 -100.00
 107    49.460 55714.28647223 28.03  80.159989  59.290467 13.386 -100.00 -100.00 -100.00
 107    49.346 55714.28647282 39.58  80.163981  59.292124   -100 -100.00 -100.00 -100.00
 108    49.838 55724.20212090 23.68  80.155767  59.290000 10.403 -100.00 -100.00 -100.00
 108    49.539 55724.20212149 23.60  80.159759  59.291657  9.548 -100.00 -100.00 -100.00
 108    49.703 55724.20212208 29.10  80.163751  59.293314 18.690 -100.00 -100.00 -100.00
 109    49.221 55734.11776773 36.27  80.152452  59.290253   -100 -100.00 -100.00 -100.00
 109    48.953 55734.11776832 31.71  80.156444  59.291910 19.411 -100.00 -100.00 -100.00
 109    47.124 55734.11776891 38.56  80.160436  59.293567   -100 -100.00 -100.00 -100.00
 110    49.803 55744.03341350 25.81  80.151371  59.290967 16.157 -100.00 -100.00 -100.00
 110    49.394 55744.03341409 24.51  80.155362  59.292624 14.781 -100.00 -100.00 -100.00
 111    49.434 55753.94905770 29.29  80.151363  59.290563 25.335 -100.00 -100.00 -100.00
 111    49.064 55753.94905829 29.74  80.155355  59.292220 30.695 -100.00 -100.00 -100.00
 111    49.334 55753.94905888 26.19  80.159347  59.293876 17.883 -100.00 -100.00 -100.00
 112    50.148 55763.86469979 25.73  80.154754  59.289380 14.720 -100.00 -100.00 -100.00
 112    49.783 55763.86470039 22.87  80.158746  59.291036  9.434 -100.00 -100.00 -100.00
 112    49.442 55763.86470098 28.64  80.162737  59.292693 20.069 -100.00 -100.00 -100.00
 113    45.082 55773.78033916 30.47  80.158903  59.288113 21.906 -100.00 -100.00 -100.00
 113    45.421 55773.78033975 31.66  80.162894  59.289770 20.131 -100.00 -100.00 -100.00
 113    45.472 55773.78034034 33.93  80.166886  59.291426 18.953 -100.00 -100.00 -100.00
 114    82.226 55783.69597521 16.33  80.161927  59.287624 16.875 -100.00 -100.00 -100.00
 114    83.933 55783.69597580 11.61  80.165918  59.289280  7.161 -100.00 -100.00 -100.00
 115    44.127 55793.61160857 41.38  80.160602  59.287376   -100 -100.00 -100.00 -100.00
 115    44.249 55793.61160916 33.27  80.164593  59.289033 24.422 -100.00 -100.00 -100.00
 115    48.992 55793.61160975 37.13  80.168585  59.290689   -100 -100.00 -100.00 -100.00
 116    82.194 55803.52724471 17.52  80.160184  59.288114 15.235 -100.00 -100.00 -100.00
 116    83.785 55803.52724530 13.40  80.164176  59.289771  8.500 -100.00 -100.00 -100.00
 116    83.066 55803.52724589 11.56  80.168167  59.291427  6.763 -100.00 -100.00 -100.00
 117    49.656 55813.44289426 31.51  80.156708  59.288012 29.225 -100.00 -100.00 -100.00
 117    44.378 55813.44289485 33.88  80.160700  59.289669   -100 -100.00 -100.00 -100.00
 117    45.015 55813.44289544 37.31  80.164691  59.291325 27.629 -100.00 -100.00 -100.00
 118    44.678 55823.35854218 38.51  80.156874  59.287308 27.992 -100.00 -100.00 -100.00
 118    44.409 55823.35854277 37.74  80.160865  59.288964   -100 -100.00 -100.00 -100.00
 118    44.772 55823.35854336 36.63  80.164857  59.290621 28.627 -100.00 -100.00 -100.00
 119    49.567 55833.27418590 25.04  80.161696  59.287634 15.027 -100.00 -100.00 -100.00
 119    49.084 55833.27418649 26.83  80.165687  59.289291 18.078 -100.00 -100.00 -100.00
 120    93.403 55843.18982484 15.26  80.162235  59.286976 12.183 -100.00 -100.00 -100.00
 120    94.903 55843.18982543 11.09  80.166226  59.288633  8.621 -100.00 -100.00 -100.00
 120    98.369 55843.18982602 19.26  80.170219  59.290289 15.787 -100.00 -100.00 -100.00
 121    49.836 55853.10546051 27.00  80.160354  59.286918 15.666 -100.00 -100.00 -100.00
 121    48.998 55853.10546110 26.54  80.164346  59.288575 15.356 -100.00 -100.00 -100.00
 121    49.472 55853.10546169 26.04  80.168338  59.290232 10.580 -100.00 -100.00 -100.00
 122    42.752 55863.02109609 37.52  80.157208  59.287368 30.103 -100.00 -100.00 -100.00
 122    43.256 55863.02109668 49.46  80.161200  59.289025   -100 -100.00 -100.00 -100.00
 122    43.130 55863.02109727 54.05  80.165191  59.290681   -100 -100.00 -100.00 -100.00
 123    96.022 55872.93674982 19.13  80.152580  59.288471 10.789 -100.00 -100.00 -100.00
 123    95.220 55872.93675041 23.47  80.156572  59.290128 14.007 -100.00 -100.00 -100.00
 123    88.949 55872.93675100 28.20  80.160563  59.291785   -100 -100.00 -100.00 -100.00
 133    49.520 55972.09318787 18.66  80.156885  59.287995  7.688 -100.00 -100.00 -100.00
 133    48.985 55972.09318846 17.91  80.160877  59.289652  6.960 -100.00 -100.00 -100.00
 133    48.785 55972.09318905 20.50  80.164869  59.291309 10.228 -100.00 -100.00 -100.00
 134    49.728 55982.00882382 19.14  80.155661  59.288909  9.782 -100.00 -100.00 -100.00
 134    49.366 55982.00882441 19.20  80.159653  59.290565  7.716 -100.00 -100.00 -100.00
 134    48.787 55982.00882500 17.74  80.163646  59.292222  5.450 -100.00 -100.00 -100.00
 135    49.811 55991.92445803 19.10  80.155409  59.287626  8.662 -100.00 -100.00 -100.00
 135    48.942 55991.92445862 19.42  80.159401  59.289283  9.107 -100.00 -100.00 -100.00
 135    48.397 55991.92445921 18.87  80.163392  59.290940  7.186 -100.00 -100.00 -100.00
 136    49.149 56001.84010547 17.17  80.160039  59.288246  7.947 -100.00 -100.00 -100.00
 136    48.801 56001.84010606 18.10  80.164031  59.289902  8.262 -100.00 -100.00 -100.00
 136    48.106 56001.84010665 19.59  80.168022  59.291559  9.846 -100.00 -100.00 -100.00
 137    49.439 56011.75575538 13.46  80.161839  59.287822 12.098 -100.00 -100.00 -100.00
 137    44.046 56011.75575597 13.90  80.165830  59.289478 12.397 -100.00 -100.00 -100.00
 138    96.194 56021.67140102 15.20  80.157576  59.286574 14.655 -100.00 -100.00 -100.00
 138    87.003 56021.67140161 16.24  80.161568  59.288231 17.623 -100.00 -100.00 -100.00
 138    92.545 56021.67140220  7.17  80.165559  59.289887  6.300 -100.00 -100.00 -100.00
 139    44.269 56031.58704444 42.80  80.155274  59.288092 32.727 -100.00 -100.00 -100.00
 139    43.944 56031.58704503 43.60  80.159266  59.289749   -100 -100.00 -100.00 -100.00
 139    43.759 56031.58704562 39.44  80.163258  59.291405   -100 -100.00 -100.00 -100.00
 141    49.597 56051.41832503 34.36  80.152166  59.290461 31.848 -100.00 -100.00 -100.00
 141    49.434 56051.41832562 30.79  80.156158  59.292117 23.499 -100.00 -100.00 -100.00
 141    49.646 56051.41832621 29.18  80.160150  59.293774 19.253 -100.00 -100.00 -100.00
 142    49.826 56061.33396124 33.15  80.152363  59.289163   -100 -100.00 -100.00 -100.00
 142    49.634 56061.33396183 26.84  80.156354  59.290820 21.573 -100.00 -100.00 -100.00
 142    49.565 56061.33396242 28.94  80.160346  59.292477 25.393 -100.00 -100.00 -100.00
 143    84.042 56071.24959986 13.51  80.156025  59.288354  7.624 -100.00 -100.00 -100.00
 143    83.359 56071.24960045 14.10  80.160017  59.290011  9.564 -100.00 -100.00 -100.00
 143    83.009 56071.24960104 12.47  80.164008  59.291667  5.853 -100.00 -100.00 -100.00
 144    47.210 56081.16525045 38.58  80.154989  59.288771 13.890 -100.00 -100.00 -100.00
 144    46.371 56081.16525104 43.93  80.158981  59.290427 22.959 -100.00 -100.00 -100.00
 144    46.079 56081.16525163 49.13  80.162973  59.292084   -100 -100.00 -100.00 -100.00
 145    49.381 56091.08089856 28.50  80.154525  59.290485 11.864 -100.00 -100.00 -100.00
 145    48.159 56091.08089915 29.27  80.158517  59.292142 13.267 -100.00 -100.00 -100.00
 145    45.421 56091.08089974 35.97  80.162509  59.293799 23.111 -100.00 -100.00 -100.00
 146    45.267 56100.99654389 39.81  80.151953  59.291105 15.314 -100.00 -100.00 -100.00
 146    44.563 56100.99654448 51.05  80.155945  59.292762   -100 -100.00 -100.00 -100.00
 147    43.874 56110.91217504 39.82  80.151843  59.290491 22.952 -100.00 -100.00 -100.00
 147    43.902 56110.91217563 51.20  80.155834  59.292148   -100 -100.00 -100.00 -100.00
 147    43.825 56110.91217622 47.34  80.159826  59.293805   -100 -100.00 -100.00 -100.00
 148    43.882 56120.82781490 40.65  80.156981  59.289432 22.608 -100.00 -100.00 -100.00
 148    43.269 56120.82781549 51.62  80.160972  59.291088   -100 -100.00 -100.00 -100.00
 148    43.171 56120.82781608 47.72  80.164964  59.292745   -100 -100.00 -100.00 -100.00
 149    49.241 56130.74345053 41.05  80.159294  59.286265   -100 -100.00 -100.00 -100.00
 149    43.463 56130.74345112 40.19  80.163284  59.287922   -100 -100.00 -100.00 -100.00
 149    43.108 56130.74345171 43.17  80.167276  59.289578   -100 -100.00 -100.00 -100.00
 150    43.330 56140.65908511 43.23  80.165181  59.286717   -100 -100.00 -100.00 -100.00
 150    43.357 56140.65908570 44.01  80.169173  59.288373   -100 -100.00 -100.00 -100.00
 151    49.859 56150.57473548 30.99  80.157543  59.286862 29.176 -100.00 -100.00 -100.00
 151    42.845 56150.57473607 32.43  80.161534  59.288519   -100 -100.00 -100.00 -100.00
 151    42.874 56150.57473667 33.28  80.165526  59.290175   -100 -100.00 -100.00 -100.00
 152    42.640 56160.49038490 28.35  80.155529  59.289472 25.569 -100.00 -100.00 -100.00
 152    42.708 56160.49038549 30.92  80.159520  59.291129 30.801 -100.00 -100.00 -100.00
 152    48.862 56160.49038608 32.75  80.163512  59.292786 30.581 -100.00 -100.00 -100.00
 153    42.827 56170.40603233 37.20  80.152869  59.289449 24.684 -100.00 -100.00 -100.00
 153    42.541 56170.40603292 49.07  80.156860  59.291105   -100 -100.00 -100.00 -100.00
 153    42.386 56170.40603351 45.69  80.160852  59.292762  3.722 -100.00 -100.00 -100.00
 154    49.213 56180.32167644 26.66  80.156888  59.289225 18.684 -100.00 -100.00 -100.00
 154    42.642 56180.32167703 27.56  80.160880  59.290882 23.157 -100.00 -100.00 -100.00
 154    48.731 56180.32167762 30.73  80.164872  59.292538   -100 -100.00 -100.00 -100.00
 155    42.956 56190.23731631 31.98  80.160140  59.288076 20.402 -100.00 -100.00 -100.00
 155    43.069 56190.23731690 37.05  80.164131  59.289733 30.593 -100.00 -100.00 -100.00
 155    42.847 56190.23731749 37.81  80.168124  59.291389 32.415 -100.00 -100.00 -100.00
 156    42.664 56200.15295294 25.98  80.160260  59.287212 18.506 -100.00 -100.00 -100.00
 156    48.279 56200.15295353 26.03  80.164251  59.288868 19.276 -100.00 -100.00 -100.00
 156    49.096 56200.15295412 28.14  80.168243  59.290525 21.208 -100.00 -100.00 -100.00
 157    43.239 56210.06858711 25.27  80.158909  59.287883 20.640 -100.00 -100.00 -100.00
 157    42.960 56210.06858770 27.93  80.162901  59.289540 28.011 -100.00 -100.00 -100.00
 157    48.885 56210.06858829 27.31  80.166893  59.291196 24.065 -100.00 -100.00 -100.00
 158    49.503 56219.98421935 30.81  80.157135  59.288724 30.178 -100.00 -100.00 -100.00
 158    49.260 56219.98421994 28.20  80.161126  59.290381 17.340 -100.00 -100.00 -100.00
 158    48.902 56219.98422053 32.20  80.165118  59.292038 32.390 -100.00 -100.00 -100.00
 159    43.135 56229.89986856 38.77  80.154549  59.290065 23.732 -100.00 -100.00 -100.00
 159    42.704 56229.89986915 43.90  80.158540  59.291722   -100 -100.00 -100.00 -100.00
 159    42.566 56229.89986974 48.11  80.162532  59.293378 17.884 -100.00 -100.00 -100.00
 160    44.546 56239.81552159 41.79  80.152755  59.289795 26.363 -100.00 -100.00 -100.00
 160    44.241 56239.81552218 43.60  80.156747  59.291452   -100 -100.00 -100.00 -100.00
 160    43.846 56239.81552277 43.27  80.160738  59.293108   -100 -100.00 -100.00 -100.00
 161    49.175 56249.73117115 25.63  80.154533  59.290141  8.500 -100.00 -100.00 -100.00
 161    48.829 56249.73117174 25.14  80.158525  59.291798  7.776 -100.00 -100.00 -100.00
 161    48.724 56249.73117233 25.32  80.162517  59.293455  7.003 -100.00 -100.00 -100.00
 162    50.045 56259.64681594 20.88  80.156499  59.290327  5.460 -100.00 -100.00 -100.00
 162    49.644 56259.64681653 20.37  80.160491  59.291984  5.035 -100.00 -100.00 -100.00
 163    49.410 56269.56245769 20.50  80.154326  59.290011  8.398 -100.00 -100.00 -100.00
 163    49.206 56269.56245828 17.74  80.158317  59.291668  4.190 -100.00 -100.00 -100.00
 163    49.193 56269.56245887 18.16  80.162309  59.293324  4.479 -100.00 -100.00 -100.00
 164    49.785 56279.47809769 17.07  80.151816  59.289434  5.497 -100.00 -100.00 -100.00
 164    49.378 56279.47809828 16.39  80.155808  59.291091  4.009 -100.00 -100.00 -100.00
 164    49.103 56279.47809887 16.07  80.159800  59.292748  3.753 -100.00 -100.00 -100.00
 165    49.308 56289.39374855 15.22  80.150813  59.289886  4.393 -100.00 -100.00 -100.00
 165    49.045 56289.39374914 15.61  80.154804  59.291543  5.903 -100.00 -100.00 -100.00
 165    48.908 56289.39374973 14.48  80.158796  59.293200  3.677 -100.00 -100.00 -100.00
 166    49.396 56299.30939748 14.31  80.154926  59.290067  4.553 -100.00 -100.00 -100.00
 166    48.952 56299.30939807 14.55  80.158919  59.291724  3.780 -100.00 -100.00 -100.00
 166    48.824 56299.30939866 14.88  80.162911  59.293381  3.957 -100.00 -100.00 -100.00
 167    49.204 56309.22504210 14.32  80.157784  59.288925  5.525 -100.00 -100.00 -100.00
 167    49.104 56309.22504269 14.27  80.161776  59.290582  5.505 -100.00 -100.00 -100.00
 167    48.684 56309.22504328 14.25  80.165769  59.292238  3.973 -100.00 -100.00 -100.00
 168    49.539 56319.14068374 15.14  80.156311  59.287231 14.410 -100.00 -100.00 -100.00
 168    49.426 56319.14068433 14.69  80.160304  59.288888  8.928 -100.00 -100.00 -100.00
 168    49.176 56319.14068492 13.95  80.164296  59.290544  5.550 -100.00 -100.00 -100.00
 169    47.177 56329.05632484 14.60  80.156231  59.288650  5.219 -100.00 -100.00 -100.00
 169    49.025 56329.05632543 14.17  80.160223  59.290306  3.975 -100.00 -100.00 -100.00
 169    48.887 56329.05632602 14.15  80.164216  59.291963  4.191 -100.00 -100.00 -100.00
 170    49.199 56338.97196496 13.81  80.155547  59.290027  6.205 -100.00 -100.00 -100.00
 170    48.990 56338.97196555 14.32  80.159540  59.291684  6.650 -100.00 -100.00 -100.00
 170    48.800 56338.97196614 14.77  80.163532  59.293340  6.617 -100.00 -100.00 -100.00
 171    49.150 56348.88760260 15.78  80.153855  59.289106  7.888 -100.00 -100.00 -100.00
 171    49.172 56348.88760319 15.25  80.157847  59.290763  6.757 -100.00 -100.00 -100.00
 171    49.081 56348.88760378 15.45  80.161839  59.292420  6.033 -100.00 -100.00 -100.00
 172    49.914 56358.80323813  7.85  80.159290  59.288635  9.803 -100.00 -100.00 -100.00
 172    49.045 56358.80323872 13.21  80.163281  59.290292 16.409 -100.00 -100.00 -100.00
 172    48.499 56358.80323931 13.13  80.167273  59.291948 11.890 -100.00 -100.00 -100.00
 173    49.439 56368.71888849 13.54  80.158522  59.287739 15.708 -100.00 -100.00 -100.00
 173    49.279 56368.71888908 12.70  80.162514  59.289396  9.891 -100.00 -100.00 -100.00
 173    48.942 56368.71888967 13.64  80.166506  59.291052  8.705 -100.00 -100.00 -100.00
 175    49.783 56388.55018141 10.72  80.152877  59.289210  8.914 -100.00 -100.00 -100.00
 175    50.195 56388.55018200 10.00  80.156869  59.290867  6.472 -100.00 -100.00 -100.00
 175    49.814 56388.55018259 10.58  80.160861  59.292524  5.321 -100.00 -100.00 -100.00
 176    94.069 56398.46582478  2.10  80.149764  59.290455  6.216 -100.00 -100.00 -100.00
 176    93.572 56398.46582537  9.35  80.153756  59.292112 16.250 -100.00 -100.00 -100.00
 176    96.532 56398.46582596  9.47  80.157748  59.293768  9.050 -100.00 -100.00 -100.00
 177    46.289 56408.38146588 34.27  80.149417  59.291048 30.885 -100.00 -100.00 -100.00
 177    49.440 56408.38146648 30.34  80.153408  59.292705 15.987 -100.00 -100.00 -100.00
 178    49.551 56418.29710295 35.87  80.152687  59.290724   -100 -100.00 -100.00 -100.00
 178    49.738 56418.29710354 29.67  80.156679  59.292381 16.234 -100.00 -100.00 -100.00
 178    49.655 56418.29710413 32.08  80.160671  59.294038 21.259 -100.00 -100.00 -100.00
 179    49.861 56428.21273519 33.80  80.153618  59.288075 31.884 -100.00 -100.00 -100.00
 179    49.722 56428.21273578 27.84  80.157609  59.289732 14.815 -100.00 -100.00 -100.00
 179    49.859 56428.21273637 27.72  80.161601  59.291389 12.153 -100.00 -100.00 -100.00
 180    50.011 56438.12838943 30.44  80.155031  59.289701 16.074 -100.00 -100.00 -100.00
 180    50.155 56438.12839002 31.70  80.159022  59.291357 17.554 -100.00 -100.00 -100.00
 180    50.267 56438.12839061 38.63  80.163015  59.293014 32.536 -100.00 -100.00 -100.00
 181    50.571 56448.04404062 33.33  80.153489  59.290602 24.151 -100.00 -100.00 -100.00
 181    50.921 56448.04404122 32.28  80.157481  59.292259 14.173 -100.00 -100.00 -100.00
 181    50.820 56448.04404181 37.01  80.161474  59.293915 26.405 -100.00 -100.00 -100.00
 182    50.432 56457.95968920 36.87  80.149837  59.290189   -100 -100.00 -100.00 -100.00
 182    50.344 56457.95968979 35.75  80.153828  59.291846   -100 -100.00 -100.00 -100.00
 182    50.938 56457.95969038 32.25  80.157820  59.293502 15.733 -100.00 -100.00 -100.00
 183    50.479 56467.87533528 31.67  80.152980  59.291015 19.027 -100.00 -100.00 -100.00
 183    50.842 56467.87533587 31.57  80.156972  59.292671 13.508 -100.00 -100.00 -100.00
 183    50.666 56467.87533646 38.46  80.160964  59.294328 31.772 -100.00 -100.00 -100.00
 184    50.399 56477.79097675 47.37  80.153464  59.289376 30.823 -100.00 -100.00 -100.00
 184    50.405 56477.79097734 50.35  80.157455  59.291032   -100 -100.00 -100.00 -100.00
 184    50.407 56477.79097793 51.47  80.161447  59.292689   -100 -100.00 -100.00 -100.00
 185    49.306 56487.70661487 35.26  80.157340  59.288404 26.484 -100.00 -100.00 -100.00
 185    49.343 56487.70661546 41.14  80.161331  59.290061 29.602 -100.00 -100.00 -100.00
 185    49.480 56487.70661605 41.07  80.165323  59.291717 27.032 -100.00 -100.00 -100.00
 187    46.298 56507.53788447 40.06  80.158280  59.287136 24.949 -100.00 -100.00 -100.00
 187    46.361 56507.53788506 41.01  80.162271  59.288792 25.417 -100.00 -100.00 -100.00
 187    46.102 56507.53788565 46.26  80.166262  59.290449   -100 -100.00 -100.00 -100.00
 188    49.884 56517.45352155 29.35  80.156645  59.286925 28.037 -100.00 -100.00 -100.00
 188    49.877 56517.45352214 24.36  80.160635  59.288582 13.170 -100.00 -100.00 -100.00
 188    49.940 56517.45352273 25.03  80.164627  59.290238 13.875 -100.00 -100.00 -100.00
 189    49.802 56527.36917626 20.65  80.156637  59.288619  6.974 -100.00 -100.00 -100.00
 189    49.512 56527.36917685 22.62  80.160628  59.290276 10.637 -100.00 -100.00 -100.00
 189    49.786 56527.36917744 24.32  80.164620  59.291933 11.626 -100.00 -100.00 -100.00
 190    45.898 56537.28482613 33.11  80.154169  59.287767 17.878 -100.00 -100.00 -100.00
 190    49.274 56537.28482672 30.38  80.158161  59.289424 11.358 -100.00 -100.00 -100.00
 190    45.885 56537.28482731 35.00  80.162152  59.291080 22.071 -100.00 -100.00 -100.00
 192    49.309 56557.11611645 23.33  80.156799  59.289570 11.041 -100.00 -100.00 -100.00
 192    49.184 56557.11611704 25.51  80.160791  59.291227 14.782 -100.00 -100.00 -100.00
 192    49.434 56557.11611763 30.85  80.164783  59.292883 25.369 -100.00 -100.00 -100.00
 193    49.380 56567.03175873 29.11  80.153807  59.289954 18.274 -100.00 -100.00 -100.00
 193    44.152 56567.03175932 30.96  80.157799  59.291611 23.478 -100.00 -100.00 -100.00
 193    49.290 56567.03175992 29.34  80.161791  59.293267 18.825 -100.00 -100.00 -100.00
 194    49.591 56576.94739990 29.32  80.152632  59.290979 17.431 -100.00 -100.00 -100.00
 194    49.156 56576.94740049 29.54  80.156624  59.292636 16.252 -100.00 -100.00 -100.00
 194    49.194 56576.94740109 28.48  80.160616  59.294293 12.341 -100.00 -100.00 -100.00
 195    45.130 56586.86303753 42.14  80.152659  59.290602 19.300 -100.00 -100.00 -100.00
 195    44.553 56586.86303812 47.42  80.156650  59.292259   -100 -100.00 -100.00 -100.00
 195    44.526 56586.86303871 52.10  80.160642  59.293915   -100 -100.00 -100.00 -100.00
 196    49.752 56596.77867748 23.54  80.155107  59.290236  7.366 -100.00 -100.00 -100.00
 196    49.330 56596.77867807 24.94  80.159098  59.291893  9.905 -100.00 -100.00 -100.00
 196    49.287 56596.77867866 29.70  80.163090  59.293550 22.562 -100.00 -100.00 -100.00
 197    47.212 56606.69432938 26.17  80.154966  59.290482  9.229 -100.00 -100.00 -100.00
 197    45.134 56606.69432997 29.25  80.158957  59.292139 15.060 -100.00 -100.00 -100.00
 197    49.108 56606.69433056 25.79  80.162949  59.293795  8.540 -100.00 -100.00 -100.00
 198    45.576 56616.60997606 40.98  80.152107  59.289605 23.212 -100.00 -100.00 -100.00
 198    45.325 56616.60997665 44.30  80.156098  59.291262 32.019 -100.00 -100.00 -100.00
 198    44.780 56616.60997724 49.15  80.160090  59.292918  3.016 -100.00 -100.00 -100.00
 199    45.580 56626.52562003 42.17  80.154129  59.290500 28.419 -100.00 -100.00 -100.00
 199    45.009 56626.52562062 47.36  80.158121  59.292157   -100 -100.00 -100.00 -100.00
 199    45.219 56626.52562121 37.86  80.162113  59.293814   -100 -100.00 -100.00 -100.00
 200    46.585 56636.44126056 29.57  80.151787  59.288939 19.223 -100.00 -100.00 -100.00
 200    46.530 56636.44126115 32.14  80.155779  59.290596 22.663 -100.00 -100.00 -100.00
 200    46.413 56636.44126174 28.69  80.159771  59.292253 16.119 -100.00 -100.00 -100.00
 201    45.904 56646.35690159 23.25  80.156279  59.289185 11.351 -100.00 -100.00 -100.00
 201    45.645 56646.35690218 25.17  80.160271  59.290842 15.199 -100.00 -100.00 -100.00
 201    48.592 56646.35690277 23.66  80.164264  59.292499  9.556 -100.00 -100.00 -100.00
 202    46.127 56656.27255388 21.67  80.155614  59.288807 10.341 -100.00 -100.00 -100.00
 202    45.826 56656.27255447 21.86  80.159607  59.290464 11.000 -100.00 -100.00 -100.00
 202    45.965 56656.27255506 21.22  80.163599  59.292120  8.954 -100.00 -100.00 -100.00
 203    48.053 56666.18820188 20.49  80.155802  59.288508 11.513 -100.00 -100.00 -100.00
 203    45.747 56666.18820247 22.30  80.159795  59.290165 14.506 -100.00 -100.00 -100.00
 203    45.757 56666.18820306 20.38  80.163787  59.291821  9.842 -100.00 -100.00 -100.00
 205    45.304 56686.01949144 20.23  80.155801  59.290043 12.467 -100.00 -100.00 -100.00
 205    48.988 56686.01949203 19.71  80.159794  59.291700  9.480 -100.00 -100.00 -100.00
 205    49.057 56686.01949262 18.26  80.163787  59.293356  7.910 -100.00 -100.00 -100.00
 206    45.276 56695.93513338 21.19  80.154578  59.289924 14.170 -100.00 -100.00 -100.00
 206    47.898 56695.93513397 19.58  80.158570  59.291581 11.135 -100.00 -100.00 -100.00
 206    48.676 56695.93513456 18.66  80.162562  59.293238  9.090 -100.00 -100.00 -100.00
 207    47.591 56705.85077097 20.79  80.156275  59.289336 12.497 -100.00 -100.00 -100.00
 207    44.842 56705.85077156 24.18  80.160266  59.290992 19.392 -100.00 -100.00 -100.00
 207    48.862 56705.85077215 18.82  80.164258  59.292649  8.155 -100.00 -100.00 -100.00
 208    48.526 56715.76640332 17.21  80.159013  59.288169 12.354 -100.00 -100.00 -100.00
 208    48.629 56715.76640391 16.83  80.163005  59.289825  9.560 -100.00 -100.00 -100.00
 208    48.805 56715.76640450 15.81  80.166997  59.291482  6.585 -100.00 -100.00 -100.00
 209    47.289 56725.68205638 17.58  80.154803  59.288183 10.456 -100.00 -100.00 -100.00
 209    47.420 56725.68205697 17.74  80.158795  59.289840  9.751 -100.00 -100.00 -100.00
 209    48.427 56725.68205756 16.65  80.162786  59.291497  8.322 -100.00 -100.00 -100.00
 211    48.199 56745.51335201  9.68  80.148893  59.290843  5.703 -100.00 -100.00 -100.00
 211    48.807 56745.51335260  9.36  80.152885  59.292499  5.342 -100.00 -100.00 -100.00
 211    49.364 56745.51335319  9.45  80.156877  59.294156  4.932 -100.00 -100.00 -100.00
 212   104.328 56755.42899428  0.33  80.150308  59.291818  3.907 -100.00 -100.00 -100.00
 212    94.877 56755.42899487  6.50  80.154300  59.293475 13.563 -100.00 -100.00 -100.00
 213    49.250 56765.34463029 38.20  80.149675  59.289618 25.629 -100.00 -100.00 -100.00
 213    47.991 56765.34463088 38.66  80.153666  59.291275   -100 -100.00 -100.00 -100.00
 213    48.291 56765.34463147 37.92  80.157658  59.292932   -100 -100.00 -100.00 -100.00
 213    47.647 56765.34463206 42.16  80.161650  59.294589   -100 -100.00 -100.00 -100.00
 214    49.831 56775.26026942 27.93  80.154156  59.289577  8.738 -100.00 -100.00 -100.00
 214    49.813 56775.26027001 26.58  80.158148  59.291234  6.955 -100.00 -100.00 -100.00
 214    49.637 56775.26027060 30.49  80.162140  59.292891 13.816 -100.00 -100.00 -100.00
 215    50.029 56785.17592607 33.81  80.151636  59.290226 25.935 -100.00 -100.00 -100.00
 215    49.625 56785.17592666 34.44  80.155628  59.291883 28.667 -100.00 -100.00 -100.00
 215    49.670 56785.17592725 36.26  80.159620  59.293540   -100 -100.00 -100.00 -100.00
 216    49.808 56795.09157911 30.84  80.149579  59.291428 17.663 -100.00 -100.00 -100.00
 216    49.828 56795.09157970 30.08  80.153571  59.293085 14.892 -100.00 -100.00 -100.00
 217    50.023 56805.00722835 41.08  80.149460  59.292477 24.566 -100.00 -100.00 -100.00
 217    50.249 56805.00722894 49.42  80.153452  59.294134 29.591 -100.00 -100.00 -100.00
 219    49.425 56824.83850938 42.06  80.155099  59.290444   -100 -100.00 -100.00 -100.00
 219    49.492 56824.83850997 36.13  80.159091  59.292100 24.122 -100.00 -100.00 -100.00
 219    49.868 56824.83851056 37.09  80.163083  59.293757 26.488 -100.00 -100.00 -100.00
 220    49.840 56834.75414394 32.75  80.155619  59.287950 32.705 -100.00 -100.00 -100.00
 220    49.566 56834.75414453 29.90  80.159610  59.289607 22.687 -100.00 -100.00 -100.00
 220    49.313 56834.75414513 33.32  80.163601  59.291263   -100 -100.00 -100.00 -100.00
 221    49.304 56844.66977589 32.19  80.159673  59.288071 10.107 -100.00 -100.00 -100.00
 221    49.370 56844.66977648 32.47  80.163665  59.289727 10.223 -100.00 -100.00 -100.00
 221    49.287 56844.66977707 35.81  80.167656  59.291384 15.059 -100.00 -100.00 -100.00
 222    83.672 56854.58542054 14.08  80.156518  59.288112  9.272 -100.00 -100.00 -100.00
 222    83.146 56854.58542113 15.29  80.160509  59.289769 13.150 -100.00 -100.00 -100.00
 222    82.949 56854.58542172 12.34  80.164501  59.291425  8.239 -100.00 -100.00 -100.00
 223    49.903 56864.50107429 24.23  80.154105  59.289363 10.568 -100.00 -100.00 -100.00
 223    49.644 56864.50107488 22.76  80.158097  59.291019  7.596 -100.00 -100.00 -100.00
 223    49.543 56864.50107547 26.32  80.162088  59.292676 14.868 -100.00 -100.00 -100.00
 224    49.512 56874.41672727 29.83  80.152157  59.289518 25.429 -100.00 -100.00 -100.00
 224    49.617 56874.41672786 23.35  80.156148  59.291175 11.267 -100.00 -100.00 -100.00
 224    49.231 56874.41672845 27.67  80.160140  59.292831 22.967 -100.00 -100.00 -100.00
 225    49.500 56884.33237714 32.36  80.151510  59.289302 27.174 -100.00 -100.00 -100.00
 225    49.282 56884.33237773 28.35  80.155501  59.290959 22.370 -100.00 -100.00 -100.00
 225    45.087 56884.33237832 33.38  80.159493  59.292615   -100 -100.00 -100.00 -100.00
 226    49.308 56894.24802400 30.46  80.152092  59.289447 26.464 -100.00 -100.00 -100.00
 226    49.087 56894.24802459 24.41  80.156083  59.291104 15.556 -100.00 -100.00 -100.00
 226    49.167 56894.24802518 25.02  80.160076  59.292760 17.047 -100.00 -100.00 -100.00
 227    49.517 56904.16366739 30.31  80.150108  59.289661 25.051 -100.00 -100.00 -100.00
 227    49.056 56904.16366798 31.48  80.154100  59.291318 30.183 -100.00 -100.00 -100.00
 227    48.950 56904.16366857 29.12  80.158092  59.292974 24.232 -100.00 -100.00 -100.00
 228    43.911 56914.07930874 37.57  80.147831  59.290820 24.657 -100.00 -100.00 -100.00
 228    44.009 56914.07930933 41.41  80.151823  59.292476 25.241 -100.00 -100.00 -100.00
 228    43.839 56914.07930992 44.47  80.155815  59.294133 31.962 -100.00 -100.00 -100.00
 229    48.846 56923.99494864 25.66  80.148866  59.292386 15.959 -100.00 -100.00 -100.00
 229    48.820 56923.99494923 29.43  80.152858  59.294043 19.167 -100.00 -100.00 -100.00
 230    43.701 56933.91058570 37.44  80.150311  59.292054   -100 -100.00 -100.00 -100.00
 230    43.640 56933.91058629 43.15  80.154303  59.293711  0.145 -100.00 -100.00 -100.00
 231    48.945 56943.82621710 34.59  80.151484  59.289310 18.533 -100.00 -100.00 -100.00
 231    43.419 56943.82621769 37.95  80.155475  59.290967   -100 -100.00 -100.00 -100.00
 231    43.496 56943.82621828 36.79  80.159466  59.292624 30.413 -100.00 -100.00 -100.00
 232    91.165 56953.74186448 20.04  80.154085  59.288971 12.547 -100.00 -100.00 -100.00
 232    90.106 56953.74186507 25.23  80.158076  59.290627 23.536 -100.00 -100.00 -100.00
 232    89.328 56953.74186566 24.43  80.162067  59.292284   -100 -100.00 -100.00 -100.00
 233    47.481 56963.65751452 28.71  80.152559  59.288993 21.081 -100.00 -100.00 -100.00
 233    47.885 56963.65751511 29.89  80.156551  59.290649 22.573 -100.00 -100.00 -100.00
 233    48.375 56963.65751570 32.35  80.160542  59.292306 17.871 -100.00 -100.00 -100.00
 234    47.542 56973.57315983 39.20  80.149763  59.289408   -100 -100.00 -100.00 -100.00
 234    47.320 56973.57316042 40.30  80.153755  59.291065   -100 -100.00 -100.00 -100.00
 234    47.245 56973.57316101 39.02  80.157746  59.292721   -100 -100.00 -100.00 -100.00
 234    47.214 56973.57316160 36.71  80.161738  59.294378 29.073 -100.00 -100.00 -100.00
 235    46.746 56983.48880108 24.71  80.149344  59.289836 13.198 -100.00 -100.00 -100.00
 235    46.649 56983.48880167 27.90  80.153335  59.291493 21.061 -100.00 -100.00 -100.00
 235    46.445 56983.48880226 24.78  80.157327  59.293150 12.987 -100.00 -100.00 -100.00
 236    45.864 56993.40443792 19.61  80.153791  59.289588  9.069 -100.00 -100.00 -100.00
 236    45.718 56993.40443851 19.48  80.157783  59.291245  7.611 -100.00 -100.00 -100.00
 236    45.773 56993.40443910 19.17  80.161775  59.292901  6.111 -100.00 -100.00 -100.00
 237    45.311 57003.32007481 18.86  80.156773  59.287004  9.632 -100.00 -100.00 -100.00
 237    45.300 57003.32007540 19.26  80.160764  59.288661  9.078 -100.00 -100.00 -100.00
 237    45.549 57003.32007599 18.63  80.164756  59.290318  6.955 -100.00 -100.00 -100.00
 238    49.550 57013.23573197 17.14  80.160329  59.288178  8.025 -100.00 -100.00 -100.00
 238    45.027 57013.23573256 18.58  80.164321  59.289835  9.579 -100.00 -100.00 -100.00
 238    48.734 57013.23573315 17.27  80.168313  59.291491  4.924 -100.00 -100.00 -100.00
 239    49.325 57023.15138309 17.23  80.158487  59.288625  6.246 -100.00 -100.00 -100.00
 239    48.472 57023.15138368 16.90  80.162479  59.290282  4.291 -100.00 -100.00 -100.00
 239    49.158 57023.15138428 16.53  80.166472  59.291938  3.906 -100.00 -100.00 -100.00
 240    46.164 57033.06703147 16.55  80.154911  59.289984  5.749 -100.00 -100.00 -100.00
 240    46.082 57033.06703206 16.89  80.158903  59.291641  6.348 -100.00 -100.00 -100.00
 240    48.954 57033.06703265 16.10  80.162896  59.293298  3.534 -100.00 -100.00 -100.00
 241    46.810 57042.98267711 16.61  80.149521  59.289598  8.540 -100.00 -100.00 -100.00
 241    46.820 57042.98267770 16.85  80.153513  59.291255  8.402 -100.00 -100.00 -100.00
 241    47.218 57042.98267829 16.69  80.157505  59.292911  7.724 -100.00 -100.00 -100.00
 241    48.874 57042.98267888 16.30  80.161498  59.294568  5.882 -100.00 -100.00 -100.00
 242    44.763 57052.89832128 16.22  80.151976  59.290285  9.537 -100.00 -100.00 -100.00
 242    44.704 57052.89832187 16.52  80.155968  59.291942 10.195 -100.00 -100.00 -100.00
 242    47.170 57052.89832246 14.72  80.159960  59.293599  5.193 -100.00 -100.00 -100.00
 243    44.662 57062.81396087 14.31  80.155562  59.289309 14.527 -100.00 -100.00 -100.00
 243    44.820 57062.81396146 15.52  80.159554  59.290966 11.509 -100.00 -100.00 -100.00
 243    45.479 57062.81396205 14.04  80.163546  59.292622  8.584 -100.00 -100.00 -100.00
 244    44.889 57072.72959501 15.78  80.156829  59.287733 14.577 -100.00 -100.00 -100.00
 244    44.683 57072.72959560 18.06  80.160820  59.289390 16.205 -100.00 -100.00 -100.00
 244    44.967 57072.72959619 17.08  80.164812  59.291047 11.166 -100.00 -100.00 -100.00
 245    44.634 57082.64522549 16.71  80.157801  59.287771 11.771 -100.00 -100.00 -100.00
 245    44.421 57082.64522608 17.42  80.161792  59.289427 11.524 -100.00 -100.00 -100.00
 245    44.540 57082.64522667 16.62  80.165784  59.291084  8.741 -100.00 -100.00 -100.00
 246    46.275 57092.56087236 15.18  80.152956  59.289187 11.096 -100.00 -100.00 -100.00
 246    44.391 57092.56087295 17.97  80.156947  59.290844 16.354 -100.00 -100.00 -100.00
 246    45.301 57092.56087355 14.96  80.160939  59.292501  8.461 -100.00 -100.00 -100.00
 247    82.390 57102.47652976  6.87  80.150268  59.292153  7.209 -100.00 -100.00 -100.00
 247    80.996 57102.47653035  6.73  80.154260  59.293810  7.958 -100.00 -100.00 -100.00
 248    46.458 57112.39218311 14.53  80.147552  59.291838 16.349 -100.00 -100.00 -100.00
 248    44.237 57112.39218370 15.32  80.151544  59.293495 17.790 -100.00 -100.00 -100.00
 249    82.494 57122.30783116  2.97  80.151902  59.291478  5.646 -100.00 -100.00 -100.00
 249    80.986 57122.30783175  6.25  80.155894  59.293135 10.852 -100.00 -100.00 -100.00
 250    45.685 57132.22347340 33.73  80.154837  59.290394   -100 -100.00 -100.00 -100.00
 250    45.665 57132.22347399 32.21  80.158829  59.292051   -100 -100.00 -100.00 -100.00
 250    49.515 57132.22347458 30.90  80.162822  59.293707 22.968 -100.00 -100.00 -100.00
