# NaN NaN NaN ;Mean Elev.(m), Avg Gradient(m/km), RMS Gradient(m/km) - SRTM1     
#   19.926  -0.072   1.260 ;Mean Elev.(m), Avg Gradient(m/km), RMS Gradient(m/km) - ASTER GDEM
#   23.490  -0.101   1.168 ;Mean Elev.(m), Avg Gradient(m/km), RMS Gradient(m/km) - GMTED2010 
   2    27.238 54673.38619289 29.87  70.728850  61.155235 27.024 -100.00 -100.00 -100.00
   2    26.746 54673.38619348 30.02  70.733347  61.153756 30.822 -100.00 -100.00 -100.00
   2    25.150 54673.38619407 30.80  70.737843  61.152276   -100 -100.00 -100.00 -100.00
   4    27.196 54693.21747946 25.74  70.737400  61.154786 14.726 -100.00 -100.00 -100.00
   4    24.873 54693.21748006 28.02  70.741896  61.153307 24.110 -100.00 -100.00 -100.00
   5   -48.884 54703.13311938  6.53  70.738666  61.154733  2.590 -100.00 -100.00 -100.00
   5   -48.895 54703.13311997  9.14  70.743162  61.153254  2.078 -100.00 -100.00 -100.00
   6    23.868 54713.04876810 38.48  70.731078  61.154858   -100 -100.00 -100.00 -100.00
   6    22.222 54713.04876869 37.65  70.735575  61.153379   -100 -100.00 -100.00 -100.00
   6    24.650 54713.04876928 39.44  70.740071  61.151899   -100 -100.00 -100.00 -100.00
   7   -66.324 54722.96441799  6.66  70.720853  61.155329  3.829 -100.00 -100.00 -100.00
   7   -66.317 54722.96441858  5.41  70.725350  61.153850  3.616 -100.00 -100.00 -100.00
   7   -66.351 54722.96441917  5.82  70.729847  61.152371  2.922 -100.00 -100.00 -100.00
   8    21.799 54732.88006490 37.17  70.707534  61.157516  0.937 -100.00 -100.00 -100.00
   8    22.053 54732.88006549 37.72  70.712031  61.156038   -100 -100.00 -100.00 -100.00
   8    21.799 54732.88006608 36.30  70.716529  61.154559   -100 -100.00 -100.00 -100.00
   8    23.270 54732.88006667 36.05  70.721025  61.153080   -100 -100.00 -100.00 -100.00
   8    22.003 54732.88006726 37.63  70.725522  61.151601   -100 -100.00 -100.00 -100.00
   9    23.381 54742.79571155 27.97  70.706469  61.157759 18.717 -100.00 -100.00 -100.00
   9    26.993 54742.79571214 29.36  70.710967  61.156281 21.634 -100.00 -100.00 -100.00
   9    27.007 54742.79571273 26.67  70.715464  61.154802 16.730 -100.00 -100.00 -100.00
   9    23.553 54742.79571332 32.84  70.719961  61.153323   -100 -100.00 -100.00 -100.00
   9    22.261 54742.79571391 33.84  70.724457  61.151844   -100 -100.00 -100.00 -100.00
  10    22.297 54752.71135821 37.91  70.708370  61.157796   -100 -100.00 -100.00 -100.00
  10    22.740 54752.71135880 39.02  70.712867  61.156317   -100 -100.00 -100.00 -100.00
  10    22.444 54752.71135939 39.89  70.717364  61.154838   -100 -100.00 -100.00 -100.00
  10    22.738 54752.71135999 43.06  70.721861  61.153359   -100 -100.00 -100.00 -100.00
  10    22.486 54752.71136058 44.10  70.726357  61.151880 18.146 -100.00 -100.00 -100.00
  11    26.030 54762.62700428 25.53  70.708188  61.157897 10.127 -100.00 -100.00 -100.00
  11    26.233 54762.62700487 26.58  70.712686  61.156418 14.031 -100.00 -100.00 -100.00
  11    27.158 54762.62700547 25.06  70.717184  61.154939 11.272 -100.00 -100.00 -100.00
  11    27.226 54762.62700606 25.00  70.721681  61.153460  9.724 -100.00 -100.00 -100.00
  11    26.884 54762.62700665 27.05  70.726177  61.151981 13.795 -100.00 -100.00 -100.00
  12    23.269 54772.54264745 32.24  70.703654  61.158169   -100 -100.00 -100.00 -100.00
  12    23.239 54772.54264804 32.96  70.708152  61.156690   -100 -100.00 -100.00 -100.00
  12    26.361 54772.54264863 27.16  70.712650  61.155211 15.666 -100.00 -100.00 -100.00
  12    26.527 54772.54264922 28.17  70.717148  61.153732 17.764 -100.00 -100.00 -100.00
  12    27.464 54772.54264981 25.90  70.721645  61.152253 12.140 -100.00 -100.00 -100.00
  13    22.253 54782.45828785 40.55  70.700133  61.158345   -100 -100.00 -100.00 -100.00
  13    22.233 54782.45828844 41.97  70.704631  61.156867  3.193 -100.00 -100.00 -100.00
  13    22.263 54782.45828903 41.20  70.709130  61.155388   -100 -100.00 -100.00 -100.00
  13    22.397 54782.45828962 41.38  70.713628  61.153909   -100 -100.00 -100.00 -100.00
  13    22.336 54782.45829021 43.49  70.718125  61.152430  0.716 -100.00 -100.00 -100.00
  13    22.306 54782.45829080 43.87  70.722622  61.150951  1.691 -100.00 -100.00 -100.00
  14    21.817 54792.37392650 34.48  70.702561  61.157994   -100 -100.00 -100.00 -100.00
  14    21.873 54792.37392710 35.01  70.707060  61.156515   -100 -100.00 -100.00 -100.00
  14    21.941 54792.37392769 33.60  70.711558  61.155036   -100 -100.00 -100.00 -100.00
  14    21.910 54792.37392828 33.20  70.716056  61.153558   -100 -100.00 -100.00 -100.00
  14    21.834 54792.37392887 35.54  70.720553  61.152079   -100 -100.00 -100.00 -100.00
  17    23.830 54822.12084625 20.48  70.729359  61.154887  9.528 -100.00 -100.00 -100.00
  17    23.654 54822.12084684 20.06  70.733856  61.153408  8.481 -100.00 -100.00 -100.00
  17    23.677 54822.12084743 20.08  70.738352  61.151928  8.501 -100.00 -100.00 -100.00
  18    23.798 54832.03648649 18.01  70.725584  61.154813  6.879 -100.00 -100.00 -100.00
  18    25.657 54832.03648708 17.67  70.730081  61.153334  5.932 -100.00 -100.00 -100.00
  18    25.618 54832.03648767 18.62  70.734577  61.151855  8.525 -100.00 -100.00 -100.00
  19    26.623 54841.95213608 17.17  70.719361  61.155885  6.360 -100.00 -100.00 -100.00
  19    25.196 54841.95213667 16.67  70.723858  61.154406  6.283 -100.00 -100.00 -100.00
  19    23.193 54841.95213726 18.37  70.728354  61.152927  7.932 -100.00 -100.00 -100.00
  19    23.078 54841.95213785 18.65  70.732850  61.151447  9.042 -100.00 -100.00 -100.00
  20    25.541 54851.86778509 16.05  70.719901  61.155969  5.647 -100.00 -100.00 -100.00
  20    23.136 54851.86778568 17.47  70.724397  61.154490  7.550 -100.00 -100.00 -100.00
  20    23.037 54851.86778627 17.91  70.728894  61.153011  7.836 -100.00 -100.00 -100.00
  20    24.805 54851.86778686 17.26  70.733389  61.151531  6.990 -100.00 -100.00 -100.00
  21    25.213 54861.78343463 16.10  70.728563  61.154352  6.449 -100.00 -100.00 -100.00
  21    25.081 54861.78343522 16.43  70.733059  61.152872  5.706 -100.00 -100.00 -100.00
  22    23.933 54871.69908319 17.41  70.729368  61.154700  7.437 -100.00 -100.00 -100.00
  22    23.903 54871.69908378 17.34  70.733864  61.153221  7.261 -100.00 -100.00 -100.00
  22    24.685 54871.69908437 16.82  70.738359  61.151741  6.520 -100.00 -100.00 -100.00
  23    24.844 54881.61472967 14.98  70.726016  61.154601  5.369 -100.00 -100.00 -100.00
  23    24.007 54881.61473026 15.57  70.730512  61.153122  6.570 -100.00 -100.00 -100.00
  23    23.759 54881.61473085 15.16  70.735008  61.151642  6.418 -100.00 -100.00 -100.00
  24    26.386 54891.53037122 14.17  70.708586  61.157700  4.629 -100.00 -100.00 -100.00
  24    24.293 54891.53037181 15.62  70.713084  61.156222  7.247 -100.00 -100.00 -100.00
  24    25.515 54891.53037240 15.09  70.717581  61.154743  5.694 -100.00 -100.00 -100.00
  24    26.367 54891.53037299 14.79  70.722078  61.153263  5.669 -100.00 -100.00 -100.00
  24    25.166 54891.53037358 14.77  70.726575  61.151784  5.092 -100.00 -100.00 -100.00
  25    26.603 54901.44601128 13.69  70.701598  61.157451  4.736 -100.00 -100.00 -100.00
  25    26.109 54901.44601187 14.08  70.706096  61.155973  5.157 -100.00 -100.00 -100.00
  25    26.056 54901.44601246 14.29  70.710594  61.154494  4.985 -100.00 -100.00 -100.00
  25    25.835 54901.44601305 14.89  70.715091  61.153015  6.543 -100.00 -100.00 -100.00
  25    26.441 54901.44601364 14.75  70.719588  61.151536  5.334 -100.00 -100.00 -100.00
  26    26.046 54911.36164993 14.02  70.698539  61.158333  5.025 -100.00 -100.00 -100.00
  26    26.626 54911.36165052 13.52  70.703037  61.156855  4.287 -100.00 -100.00 -100.00
  26    26.744 54911.36165111 13.86  70.707535  61.155376  4.051 -100.00 -100.00 -100.00
  26    26.803 54911.36165170 14.26  70.712033  61.153898  4.386 -100.00 -100.00 -100.00
  26    26.635 54911.36165229 14.26  70.716530  61.152419  4.960 -100.00 -100.00 -100.00
  26    26.618 54911.36165288 14.57  70.721026  61.150939  4.749 -100.00 -100.00 -100.00
  27    27.380 54921.27728856 10.99  70.705176  61.158052  4.353 -100.00 -100.00 -100.00
  27    27.423 54921.27728915 11.06  70.709674  61.156573  4.166 -100.00 -100.00 -100.00
  27    27.398 54921.27728974 11.49  70.714171  61.155095  5.257 -100.00 -100.00 -100.00
  27    27.441 54921.27729033 11.28  70.718668  61.153616  4.697 -100.00 -100.00 -100.00
  27    27.309 54921.27729092 11.55  70.723165  61.152136  5.216 -100.00 -100.00 -100.00
  28    25.282 54931.19292749 24.72  70.718688  61.155755 11.759 -100.00 -100.00 -100.00
  28    25.406 54931.19292808 24.59  70.723185  61.154276 10.753 -100.00 -100.00 -100.00
  28    25.044 54931.19292867 26.00  70.727681  61.152796 14.195 -100.00 -100.00 -100.00
  28    25.121 54931.19292926 24.61  70.732177  61.151317 11.246 -100.00 -100.00 -100.00
  29    22.120 54941.10856348 39.85  70.719056  61.156185   -100 -100.00 -100.00 -100.00
  29    22.084 54941.10856407 38.04  70.723553  61.154706   -100 -100.00 -100.00 -100.00
  29    22.156 54941.10856466 39.05  70.728049  61.153227   -100 -100.00 -100.00 -100.00
  29    22.117 54941.10856525 42.09  70.732545  61.151748   -100 -100.00 -100.00 -100.00
  30    24.139 54951.02419751 42.19  70.716043  61.156399 10.437 -100.00 -100.00 -100.00
  30    24.333 54951.02419810 42.07  70.720540  61.154920  2.232 -100.00 -100.00 -100.00
  30    24.097 54951.02419869 41.54  70.725037  61.153441  8.860 -100.00 -100.00 -100.00
  30    24.422 54951.02419928 39.52  70.729533  61.151962   -100 -100.00 -100.00 -100.00
  31    26.828 54960.93983712 47.93  70.705627  61.158360   -100 -100.00 -100.00 -100.00
  31    26.783 54960.93983771 50.30  70.710125  61.156882 16.431 -100.00 -100.00 -100.00
  31    26.734 54960.93983830 54.38  70.714622  61.155404   -100 -100.00 -100.00 -100.00
  31    26.720 54960.93983889 56.44  70.719119  61.153926   -100 -100.00 -100.00 -100.00
  31    26.704 54960.93983948 56.44  70.723616  61.152447   -100 -100.00 -100.00 -100.00
  31    26.689 54960.93984007 56.79  70.728112  61.150968   -100 -100.00 -100.00 -100.00
  32    26.829 54970.85548600 41.07  70.707233  61.157753  4.120 -100.00 -100.00 -100.00
  32    26.761 54970.85548660 41.15  70.711730  61.156275 11.239 -100.00 -100.00 -100.00
  32    26.729 54970.85548719 41.14  70.716227  61.154796 13.523 -100.00 -100.00 -100.00
  32    26.718 54970.85548778 44.19  70.720724  61.153318 29.119 -100.00 -100.00 -100.00
  32    26.739 54970.85548837 42.22  70.725220  61.151839 11.662 -100.00 -100.00 -100.00
  33    27.222 54980.77113412 47.91  70.714067  61.157104   -100 -100.00 -100.00 -100.00
  33    26.816 54980.77113471 48.60  70.718564  61.155625   -100 -100.00 -100.00 -100.00
  33    26.800 54980.77113530 41.77  70.723061  61.154147 24.477 -100.00 -100.00 -100.00
  33    26.804 54980.77113589 39.06  70.727557  61.152668  7.495 -100.00 -100.00 -100.00
  34   -21.111 54990.68678242 14.64  70.724885  61.155160  2.432 -100.00 -100.00 -100.00
  34   -22.791 54990.68678302 14.78  70.729381  61.153681  2.517 -100.00 -100.00 -100.00
  34   -24.479 54990.68678361 14.72  70.733877  61.152202  2.752 -100.00 -100.00 -100.00
  35    27.318 55000.60242942 49.14  70.726124  61.154668   -100 -100.00 -100.00 -100.00
  35    27.231 55000.60243001 51.08  70.730620  61.153189  1.776 -100.00 -100.00 -100.00
  35    26.936 55000.60243060 45.38  70.735116  61.151710 22.574 -100.00 -100.00 -100.00
  36    26.907 55010.51807408 46.26  70.722394  61.155240 10.329 -100.00 -100.00 -100.00
  36    26.780 55010.51807467 45.41  70.726891  61.153761 21.745 -100.00 -100.00 -100.00
  36    26.782 55010.51807526 39.74  70.731387  61.152281  3.480 -100.00 -100.00 -100.00
  37    26.472 55020.43371740 38.06  70.720253  61.155461  2.353 -100.00 -100.00 -100.00
  37    26.506 55020.43371799 34.66  70.724750  61.153982   -100 -100.00 -100.00 -100.00
  37    26.484 55020.43371858 33.33  70.729246  61.152503   -100 -100.00 -100.00 -100.00
  38    26.396 55030.34936053 33.58  70.726434  61.154428   -100 -100.00 -100.00 -100.00
  38    26.296 55030.34936112 33.04  70.730931  61.152949   -100 -100.00 -100.00 -100.00
  38    26.233 55030.34936171 41.29  70.735427  61.151469 25.736 -100.00 -100.00 -100.00
  39    25.692 55040.26500271 36.92  70.730594  61.154690   -100 -100.00 -100.00 -100.00
  39    25.690 55040.26500330 33.80  70.735090  61.153211   -100 -100.00 -100.00 -100.00
  40    27.170 55050.18064365 24.04  70.735527  61.154663 13.121 -100.00 -100.00 -100.00
  40    24.986 55050.18064424 31.02  70.740023  61.153183   -100 -100.00 -100.00 -100.00
  41    24.040 55060.09628218 31.20  70.736419  61.153907   -100 -100.00 -100.00 -100.00
  41    24.901 55060.09628277 31.21  70.740915  61.152427 24.744 -100.00 -100.00 -100.00
  42    23.983 55070.01192157 41.86  70.722992  61.155611 30.189 -100.00 -100.00 -100.00
  42    23.885 55070.01192216 43.98  70.727489  61.154132 30.960 -100.00 -100.00 -100.00
  42    23.363 55070.01192276 48.30  70.731985  61.152653 16.557 -100.00 -100.00 -100.00
  43    23.186 55079.92756931 43.81  70.706913  61.157315   -100 -100.00 -100.00 -100.00
  43    23.817 55079.92756990 45.28  70.711411  61.155837 22.497 -100.00 -100.00 -100.00
  43    22.978 55079.92757049 48.31  70.715908  61.154359 19.525 -100.00 -100.00 -100.00
  43    22.886 55079.92757108 53.40  70.720405  61.152880   -100 -100.00 -100.00 -100.00
  43    23.107 55079.92757167 55.07  70.724902  61.151401  8.962 -100.00 -100.00 -100.00
  44    23.214 55089.84321625 28.64  70.702160  61.157577 31.814 -100.00 -100.00 -100.00
  44    23.293 55089.84321684 28.31  70.706657  61.156099 28.045 -100.00 -100.00 -100.00
  44    25.999 55089.84321743 24.47  70.711155  61.154620 16.232 -100.00 -100.00 -100.00
  44    26.480 55089.84321802 26.66  70.715652  61.153142 20.550 -100.00 -100.00 -100.00
  44    27.418 55089.84321861 24.40  70.720148  61.151663 12.868 -100.00 -100.00 -100.00
  45    22.604 55099.75886270 44.28  70.704897  61.157834   -100 -100.00 -100.00 -100.00
  45    23.165 55099.75886329 44.00  70.709395  61.156355 24.883 -100.00 -100.00 -100.00
  45    22.419 55099.75886388 47.37  70.713892  61.154876 19.616 -100.00 -100.00 -100.00
  45    22.647 55099.75886447 51.43  70.718389  61.153397   -100 -100.00 -100.00 -100.00
  45    22.362 55099.75886506 53.70  70.722886  61.151918   -100 -100.00 -100.00 -100.00
  46    25.015 55109.67450953 27.86  70.715276  61.156287 22.137 -100.00 -100.00 -100.00
  46    23.500 55109.67451013 34.47  70.719773  61.154808   -100 -100.00 -100.00 -100.00
  46    22.060 55109.67451072 32.50  70.724270  61.153328   -100 -100.00 -100.00 -100.00
  46    23.761 55109.67451131 33.08  70.728766  61.151849   -100 -100.00 -100.00 -100.00
  47    23.623 55119.59015338 30.69  70.712561  61.157306 31.250 -100.00 -100.00 -100.00
  47    23.768 55119.59015397 31.29  70.717059  61.155827 32.456 -100.00 -100.00 -100.00
  47    26.241 55119.59015456 26.46  70.721556  61.154348 15.731 -100.00 -100.00 -100.00
  47    23.711 55119.59015515 29.25  70.726053  61.152869 25.951 -100.00 -100.00 -100.00
  47    23.661 55119.59015574 28.70  70.730549  61.151389 21.768 -100.00 -100.00 -100.00
  48    25.438 55129.50579405 22.55  70.702900  61.158514  8.343 -100.00 -100.00 -100.00
  48    25.855 55129.50579464 22.70  70.707398  61.157036  6.393 -100.00 -100.00 -100.00
  48    26.125 55129.50579523 23.63  70.711896  61.155557  8.095 -100.00 -100.00 -100.00
  48    26.244 55129.50579582 24.53  70.716394  61.154078  8.349 -100.00 -100.00 -100.00
  48    26.254 55129.50579641 26.20  70.720891  61.152599 11.026 -100.00 -100.00 -100.00
  48    22.283 55129.50579700 31.69  70.725388  61.151120 23.460 -100.00 -100.00 -100.00
  49    21.906 55139.42143128 38.15  70.681987  61.163276   -100 -100.00 -100.00 -100.00
  49    21.967 55139.42143364 45.40  70.699986  61.157364   -100 -100.00 -100.00 -100.00
  49    22.114 55139.42143423 47.32  70.704485  61.155885   -100 -100.00 -100.00 -100.00
  49    21.982 55139.42143482 49.21  70.708983  61.154407  3.134 -100.00 -100.00 -100.00
  49    21.759 55139.42143541 52.51  70.713481  61.152928   -100 -100.00 -100.00 -100.00
  49    21.774 55139.42143600 48.93  70.717978  61.151449   -100 -100.00 -100.00 -100.00
  50    22.257 55149.33707209 34.42  70.699177  61.158114   -100 -100.00 -100.00 -100.00
  50    22.298 55149.33707268 36.98  70.703676  61.156635   -100 -100.00 -100.00 -100.00
  50    22.364 55149.33707327 37.13  70.708174  61.155157   -100 -100.00 -100.00 -100.00
  50    22.445 55149.33707386 37.56  70.712672  61.153678   -100 -100.00 -100.00 -100.00
  50    22.533 55149.33707445 38.97  70.717170  61.152199   -100 -100.00 -100.00 -100.00
  50    22.553 55149.33707504 33.13  70.721667  61.150720   -100 -100.00 -100.00 -100.00
  51    22.597 55159.25271178 34.25  70.712156  61.157073   -100 -100.00 -100.00 -100.00
  51    22.641 55159.25271237 29.32  70.716653  61.155594 22.835 -100.00 -100.00 -100.00
  51    22.741 55159.25271296 27.67  70.721151  61.154115 16.714 -100.00 -100.00 -100.00
  51    22.756 55159.25271355 30.29  70.725648  61.152636 27.048 -100.00 -100.00 -100.00
  51    22.752 55159.25271414 26.84  70.730145  61.151157 14.500 -100.00 -100.00 -100.00
  52    22.872 55169.16835153 24.27  70.727983  61.155224 12.188 -100.00 -100.00 -100.00
  52    22.885 55169.16835212 25.22  70.732480  61.153745 14.189 -100.00 -100.00 -100.00
  52    22.910 55169.16835271 24.57  70.736977  61.152266 11.701 -100.00 -100.00 -100.00
  53    23.416 55179.08398949 20.48  70.736230  61.154058  6.391 -100.00 -100.00 -100.00
  53    22.816 55179.08399008 22.05  70.740726  61.152578 10.303 -100.00 -100.00 -100.00
  54    23.698 55188.99963515 18.78  70.730803  61.154338  6.670 -100.00 -100.00 -100.00
  54    23.788 55188.99963574 19.10  70.735300  61.152859  7.442 -100.00 -100.00 -100.00
  55    25.464 55198.91528491 13.53  70.722326  61.155404  5.330 -100.00 -100.00 -100.00
  55    25.277 55198.91528550 12.99  70.726823  61.153925  4.345 -100.00 -100.00 -100.00
  55    24.793 55198.91528609 14.28  70.731319  61.152445  6.313 -100.00 -100.00 -100.00
  56    25.395 55208.83093463 13.66  70.722168  61.155374  5.616 -100.00 -100.00 -100.00
  56    24.906 55208.83093522 13.58  70.726664  61.153895  4.410 -100.00 -100.00 -100.00
  56    24.684 55208.83093581 13.90  70.731160  61.152416  5.140 -100.00 -100.00 -100.00
  57    24.589 55218.74658459 12.99  70.729296  61.154240  4.242 -100.00 -100.00 -100.00
  57    25.091 55218.74658518 13.31  70.733792  61.152761  4.727 -100.00 -100.00 -100.00
  58    24.953 55228.66223287 14.09  70.728962  61.154401  5.535 -100.00 -100.00 -100.00
  58    25.909 55228.66223346 13.45  70.733458  61.152921  5.036 -100.00 -100.00 -100.00
  59    25.730 55238.57787696 12.83  70.718618  61.156292  4.383 -100.00 -100.00 -100.00
  59    26.123 55238.57787755 12.79  70.723115  61.154812  4.352 -100.00 -100.00 -100.00
  59    26.024 55238.57787814 12.94  70.727612  61.153333  4.181 -100.00 -100.00 -100.00
  59    25.488 55238.57787873 13.23  70.732108  61.151854  4.942 -100.00 -100.00 -100.00
  60    25.977 55248.49351696 10.72  70.702996  61.158593  3.260 -100.00 -100.00 -100.00
  60    26.045 55248.49351755 11.60  70.707494  61.157114  4.043 -100.00 -100.00 -100.00
  60    25.518 55248.49351814 12.16  70.711992  61.155635  5.574 -100.00 -100.00 -100.00
  60    25.916 55248.49351873 11.87  70.716489  61.154156  4.551 -100.00 -100.00 -100.00
  60    25.978 55248.49351932 11.70  70.720986  61.152677  4.647 -100.00 -100.00 -100.00
  60    25.979 55248.49351991 12.00  70.725482  61.151198  4.734 -100.00 -100.00 -100.00
  61    26.633 55258.40915384 11.59  70.681817  61.163331  4.162 -100.00 -100.00 -100.00
  61    26.462 55258.40915620 11.35  70.699814  61.157419  3.585 -100.00 -100.00 -100.00
  61    26.636 55258.40915679 11.40  70.704312  61.155940  3.600 -100.00 -100.00 -100.00
  61    25.909 55258.40915738 11.82  70.708810  61.154462  4.111 -100.00 -100.00 -100.00
  61    25.988 55258.40915797 11.99  70.713307  61.152983  4.406 -100.00 -100.00 -100.00
  61    26.652 55258.40915856 11.67  70.717804  61.151504  4.203 -100.00 -100.00 -100.00
  62    26.611 55268.32479496 10.66  70.700287  61.157406  3.359 -100.00 -100.00 -100.00
  62    26.550 55268.32479555 10.60  70.704785  61.155928  3.341 -100.00 -100.00 -100.00
  62    26.731 55268.32479614 11.17  70.709283  61.154449  3.854 -100.00 -100.00 -100.00
  62    26.472 55268.32479673 11.74  70.713780  61.152970  4.856 -100.00 -100.00 -100.00
  62    26.821 55268.32479732 11.78  70.718276  61.151491  4.529 -100.00 -100.00 -100.00
  63    26.805 55278.24043361 10.85  70.704024  61.158421  3.330 -100.00 -100.00 -100.00
  63    27.065 55278.24043420 11.19  70.708522  61.156942  3.664 -100.00 -100.00 -100.00
  63    27.100 55278.24043479 11.29  70.713020  61.155463  3.496 -100.00 -100.00 -100.00
  63    26.731 55278.24043538 11.81  70.717517  61.153985  4.433 -100.00 -100.00 -100.00
  63    26.628 55278.24043597 11.59  70.722013  61.152506  4.622 -100.00 -100.00 -100.00
  63    26.394 55278.24043656 12.08  70.726510  61.151026  4.664 -100.00 -100.00 -100.00
  64    27.106 55288.15607266  9.43  70.720296  61.155401  5.441 -100.00 -100.00 -100.00
  64    27.185 55288.15607325  9.08  70.724793  61.153922  4.902 -100.00 -100.00 -100.00
  64    26.010 55288.15607384 11.78  70.729289  61.152443  7.952 -100.00 -100.00 -100.00
  65    26.874 55298.07170767 11.17  70.722860  61.155700  6.815 -100.00 -100.00 -100.00
  65    27.153 55298.07170826 10.60  70.727357  61.154221  6.142 -100.00 -100.00 -100.00
  65    26.531 55298.07170885 13.10  70.731853  61.152742  8.986 -100.00 -100.00 -100.00
  66    27.315 55307.98734956 28.81  70.715655  61.156211 14.335 -100.00 -100.00 -100.00
  66    27.054 55307.98735015 28.20  70.720152  61.154733 11.956 -100.00 -100.00 -100.00
  66    21.468 55307.98735074 34.21  70.724648  61.153254 32.566 -100.00 -100.00 -100.00
  66    21.400 55307.98735133 34.02  70.729144  61.151775   -100 -100.00 -100.00 -100.00
  67    23.047 55317.90299461 38.16  70.703259  61.157884   -100 -100.00 -100.00 -100.00
  67    22.936 55317.90299520 38.91  70.707756  61.156406  2.132 -100.00 -100.00 -100.00
  67    22.914 55317.90299579 39.59  70.712254  61.154927  2.140 -100.00 -100.00 -100.00
  67    22.925 55317.90299638 39.48  70.716750  61.153449  2.006 -100.00 -100.00 -100.00
  67    23.041 55317.90299697 41.37  70.721247  61.151970 11.908 -100.00 -100.00 -100.00
  68    25.047 55327.81863999 51.58  70.704338  61.157188   -100 -100.00 -100.00 -100.00
  68    25.258 55327.81864059 53.16  70.708835  61.155710  5.575 -100.00 -100.00 -100.00
  68    25.018 55327.81864118 55.53  70.713332  61.154231   -100 -100.00 -100.00 -100.00
  68    25.148 55327.81864177 54.96  70.717828  61.152753 14.862 -100.00 -100.00 -100.00
  68    25.196 55327.81864236 54.25  70.722324  61.151274   -100 -100.00 -100.00 -100.00
  69    26.627 55337.73428504 41.09  70.711175  61.157014  2.743 -100.00 -100.00 -100.00
  69    26.853 55337.73428563 37.80  70.715672  61.155535   -100 -100.00 -100.00 -100.00
  69    26.811 55337.73428622 35.49  70.720169  61.154057   -100 -100.00 -100.00 -100.00
  69    26.868 55337.73428681 33.50  70.724665  61.152578 31.931 -100.00 -100.00 -100.00
  69    26.810 55337.73428740 32.35  70.729161  61.151099 26.028 -100.00 -100.00 -100.00
  70    27.520 55347.64993038 48.42  70.724225  61.155254   -100 -100.00 -100.00 -100.00
  70    27.226 55347.64993097 51.40  70.728722  61.153775  6.797 -100.00 -100.00 -100.00
  70    27.323 55347.64993156 54.27  70.733217  61.152296  3.758 -100.00 -100.00 -100.00
  71    27.240 55357.56557308 41.45  70.728584  61.154976 17.491 -100.00 -100.00 -100.00
  71    27.227 55357.56557367 37.95  70.733080  61.153497  1.330 -100.00 -100.00 -100.00
  71    27.267 55357.56557426 43.03  70.737576  61.152018 11.509 -100.00 -100.00 -100.00
  72    27.444 55367.48121312 50.97  70.726755  61.155260 24.284 -100.00 -100.00 -100.00
  72    27.404 55367.48121371 39.81  70.731251  61.153781  4.282 -100.00 -100.00 -100.00
  72    27.415 55367.48121430 38.54  70.735748  61.152302   -100 -100.00 -100.00 -100.00
  73    27.457 55377.39685183 38.04  70.725440  61.155237   -100 -100.00 -100.00 -100.00
  73    27.410 55377.39685242 35.70  70.729937  61.153758   -100 -100.00 -100.00 -100.00
  73    27.404 55377.39685301 35.27  70.734433  61.152279   -100 -100.00 -100.00 -100.00
  74    27.646 55387.31249001 49.35  70.727043  61.155415 28.304 -100.00 -100.00 -100.00
  74    27.638 55387.31249060 35.26  70.731540  61.153936   -100 -100.00 -100.00 -100.00
  74    27.616 55387.31249119 37.74  70.736036  61.152457   -100 -100.00 -100.00 -100.00
  75    27.630 55397.22812818 43.12  70.735882  61.154006 24.787 -100.00 -100.00 -100.00
  75    27.645 55397.22812877 43.01  70.740378  61.152527 21.667 -100.00 -100.00 -100.00
  76    27.452 55407.14377106 45.76  70.734325  61.155129 16.773 -100.00 -100.00 -100.00
  76    27.414 55407.14377165 42.35  70.738822  61.153649 14.137 -100.00 -100.00 -100.00
  77    26.808 55417.05942157 39.75  70.727055  61.155413  0.879 -100.00 -100.00 -100.00
  77    26.737 55417.05942216 34.24  70.731551  61.153934   -100 -100.00 -100.00 -100.00
  77    26.714 55417.05942275 36.83  70.736047  61.152455   -100 -100.00 -100.00 -100.00
  78    25.222 55426.97506741 35.71  70.709356  61.157904   -100 -100.00 -100.00 -100.00
  78    25.080 55426.97506800 37.04  70.713854  61.156425   -100 -100.00 -100.00 -100.00
  78    25.025 55426.97506859 36.03  70.718351  61.154947   -100 -100.00 -100.00 -100.00
  78    25.027 55426.97506918 30.89  70.722847  61.153468 31.223 -100.00 -100.00 -100.00
  78    24.939 55426.97506977 32.74  70.727344  61.151989   -100 -100.00 -100.00 -100.00
  79    24.208 55436.89071186 30.23  70.703010  61.157625 28.405 -100.00 -100.00 -100.00
  79    23.851 55436.89071245 34.18  70.707508  61.156146   -100 -100.00 -100.00 -100.00
  79    26.316 55436.89071304 27.65  70.712005  61.154668 17.811 -100.00 -100.00 -100.00
  79    26.791 55436.89071363 26.24  70.716502  61.153189 16.061 -100.00 -100.00 -100.00
  79    26.867 55436.89071422 28.86  70.720998  61.151710 24.263 -100.00 -100.00 -100.00
  80    23.596 55446.80635515 45.36  70.700425  61.158198  1.918 -100.00 -100.00 -100.00
  80    24.310 55446.80635574 46.23  70.704923  61.156720 26.208 -100.00 -100.00 -100.00
  80    23.631 55446.80635633 49.38  70.709421  61.155241  2.117 -100.00 -100.00 -100.00
  80    23.471 55446.80635692 54.04  70.713918  61.153762   -100 -100.00 -100.00 -100.00
  80    23.460 55446.80635751 53.26  70.718414  61.152284 26.317 -100.00 -100.00 -100.00
  80    23.763 55446.80635810 46.27  70.722911  61.150805   -100 -100.00 -100.00 -100.00
  81    23.321 55456.72199896 43.31  70.707189  61.157341   -100 -100.00 -100.00 -100.00
  81    23.207 55456.72199955 43.11  70.711687  61.155862   -100 -100.00 -100.00 -100.00
  81    23.162 55456.72200014 48.64  70.716184  61.154383   -100 -100.00 -100.00 -100.00
  81    22.894 55456.72200073 52.75  70.720681  61.152905   -100 -100.00 -100.00 -100.00
  81    22.904 55456.72200132 53.57  70.725177  61.151425 19.210 -100.00 -100.00 -100.00
  82    23.602 55466.63764209 31.98  70.714453  61.156607 32.195 -100.00 -100.00 -100.00
  82    23.600 55466.63764268 36.61  70.718950  61.155128   -100 -100.00 -100.00 -100.00
  82    22.588 55466.63764327 33.89  70.723447  61.153649   -100 -100.00 -100.00 -100.00
  82    23.759 55466.63764386 34.31  70.727944  61.152169   -100 -100.00 -100.00 -100.00
  83    23.518 55476.55328159 38.07  70.717060  61.156217   -100 -100.00 -100.00 -100.00
  83    23.268 55476.55328218 35.87  70.721558  61.154738   -100 -100.00 -100.00 -100.00
  83    22.791 55476.55328277 37.65  70.726055  61.153259   -100 -100.00 -100.00 -100.00
  83    22.628 55476.55328336 40.45  70.730551  61.151779 16.557 -100.00 -100.00 -100.00
  84    23.458 55486.46891715 31.65  70.712533  61.156969   -100 -100.00 -100.00 -100.00
  84    23.580 55486.46891774 34.02  70.717031  61.155490   -100 -100.00 -100.00 -100.00
  84    26.798 55486.46891833 29.46  70.721529  61.154011 23.393 -100.00 -100.00 -100.00
  84    23.752 55486.46891892 31.39  70.726026  61.152532 31.676 -100.00 -100.00 -100.00
  85    23.415 55496.38455071 30.30  70.708818  61.157358 28.120 -100.00 -100.00 -100.00
  85    23.643 55496.38455130 29.96  70.713317  61.155879 21.769 -100.00 -100.00 -100.00
  85    23.453 55496.38455189 33.00  70.717815  61.154401   -100 -100.00 -100.00 -100.00
  85    22.882 55496.38455248 33.85  70.722313  61.152922   -100 -100.00 -100.00 -100.00
  85    22.834 55496.38455307 36.22  70.726810  61.151443   -100 -100.00 -100.00 -100.00
  86    25.066 55506.30018666 28.59  70.712945  61.156980 21.133 -100.00 -100.00 -100.00
  86    23.599 55506.30018725 35.66  70.717443  61.155502   -100 -100.00 -100.00 -100.00
  86    26.861 55506.30018784 27.92  70.721941  61.154023 20.985 -100.00 -100.00 -100.00
  86    23.859 55506.30018844 31.77  70.726438  61.152544 30.101 -100.00 -100.00 -100.00
  87    25.287 55516.21583777 24.59  70.717677  61.156480  8.645 -100.00 -100.00 -100.00
  87    24.223 55516.21583836 26.75  70.722175  61.155001 13.461 -100.00 -100.00 -100.00
  87    22.030 55516.21583895 31.08  70.726672  61.153522 26.851 -100.00 -100.00 -100.00
  87    22.183 55516.21583954 31.03  70.731169  61.152043 24.162 -100.00 -100.00 -100.00
  88    22.471 55526.13148842 33.93  70.726366  61.155278   -100 -100.00 -100.00 -100.00
  88    22.858 55526.13148901 35.50  70.730862  61.153799 25.815 -100.00 -100.00 -100.00
  88    22.218 55526.13148960 37.42  70.735359  61.152320  0.471 -100.00 -100.00 -100.00
  89    22.842 55536.04713635 24.80  70.728496  61.155015 17.508 -100.00 -100.00 -100.00
  89    22.871 55536.04713694 24.84  70.732993  61.153535 17.207 -100.00 -100.00 -100.00
  89    22.923 55536.04713753 22.89  70.737489  61.152056 13.038 -100.00 -100.00 -100.00
  90    22.735 55545.96278161 20.08  70.725795  61.155192  7.981 -100.00 -100.00 -100.00
  90    22.891 55545.96278220 19.57  70.730291  61.153713  7.627 -100.00 -100.00 -100.00
  90    24.492 55545.96278279 19.89  70.734787  61.152233  8.196 -100.00 -100.00 -100.00
  91    22.581 55555.87842501 21.36  70.723322  61.155280 11.831 -100.00 -100.00 -100.00
  91    22.646 55555.87842560 20.90  70.727818  61.153800  9.481 -100.00 -100.00 -100.00
  91    22.656 55555.87842619 19.93  70.732314  61.152321  8.682 -100.00 -100.00 -100.00
  92    22.560 55565.79406777 19.86  70.724143  61.155174  9.900 -100.00 -100.00 -100.00
  92    22.625 55565.79406836 18.64  70.728639  61.153695  7.343 -100.00 -100.00 -100.00
  92    22.380 55565.79406895 19.25  70.733135  61.152215  9.173 -100.00 -100.00 -100.00
  93    22.330 55575.70971000 19.43  70.726433  61.155022  8.935 -100.00 -100.00 -100.00
  93    22.308 55575.70971059 19.28  70.730929  61.153543  8.673 -100.00 -100.00 -100.00
  93    22.314 55575.70971118 19.78  70.735425  61.152063 10.336 -100.00 -100.00 -100.00
  94    21.771 55585.62534991 21.75  70.723605  61.155671 15.371 -100.00 -100.00 -100.00
  94    21.843 55585.62535050 21.41  70.728102  61.154191 14.794 -100.00 -100.00 -100.00
  94    21.917 55585.62535110 19.57  70.732599  61.152712  9.910 -100.00 -100.00 -100.00
  95    23.106 55595.54098675 18.46  70.721569  61.155400  7.867 -100.00 -100.00 -100.00
  95    21.706 55595.54098734 20.26  70.726066  61.153921 11.959 -100.00 -100.00 -100.00
  95    21.696 55595.54098793 21.67  70.730563  61.152442 14.707 -100.00 -100.00 -100.00
  96    22.989 55605.45661982 17.78  70.714963  61.156694  7.827 -100.00 -100.00 -100.00
  96    21.711 55605.45662041 19.12  70.719461  61.155215 10.250 -100.00 -100.00 -100.00
  96    21.599 55605.45662100 18.62  70.723958  61.153736  9.520 -100.00 -100.00 -100.00
  96    21.626 55605.45662159 18.84  70.728455  61.152257 10.064 -100.00 -100.00 -100.00
  97    21.577 55615.37225201 17.48  70.717878  61.155927  7.511 -100.00 -100.00 -100.00
  97    23.214 55615.37225260 17.25  70.722375  61.154448  7.304 -100.00 -100.00 -100.00
  97    21.630 55615.37225319 16.83  70.726873  61.152969  6.692 -100.00 -100.00 -100.00
  97    21.569 55615.37225378 18.04  70.731370  61.151490  9.232 -100.00 -100.00 -100.00
  98    21.294 55625.28789324 16.00  70.722456  61.155180  7.502 -100.00 -100.00 -100.00
  98    21.433 55625.28789383 15.99  70.726954  61.153701  7.511 -100.00 -100.00 -100.00
  98    21.206 55625.28789443 16.45  70.731450  61.152222  9.233 -100.00 -100.00 -100.00
  99    23.861 55635.20354551 14.36  70.721270  61.155444  6.185 -100.00 -100.00 -100.00
  99    24.136 55635.20354610 14.17  70.725767  61.153965  5.984 -100.00 -100.00 -100.00
  99    23.419 55635.20354669 15.24  70.730264  61.152486  8.145 -100.00 -100.00 -100.00
 100    25.301 55645.11919522 14.04  70.716718  61.156592  5.705 -100.00 -100.00 -100.00
 100    23.772 55645.11919581 14.37  70.721215  61.155114  6.513 -100.00 -100.00 -100.00
 100    24.820 55645.11919640 13.92  70.725712  61.153635  5.426 -100.00 -100.00 -100.00
 100    23.713 55645.11919699 14.60  70.730208  61.152156  6.954 -100.00 -100.00 -100.00
 101    27.100 55655.03484245 10.56  70.714045  61.156530  4.521 -100.00 -100.00 -100.00
 101    26.991 55655.03484304 10.53  70.718542  61.155051  3.876 -100.00 -100.00 -100.00
 101    26.584 55655.03484363 10.98  70.723039  61.153572  4.428 -100.00 -100.00 -100.00
 101    27.078 55655.03484422 10.63  70.727535  61.152094  4.615 -100.00 -100.00 -100.00
 102    23.554 55664.95048468 33.56  70.708078  61.157509   -100 -100.00 -100.00 -100.00
 102    21.834 55664.95048527 37.24  70.712575  61.156030   -100 -100.00 -100.00 -100.00
 102    25.758 55664.95048586 33.02  70.717072  61.154552 29.189 -100.00 -100.00 -100.00
 102    21.825 55664.95048645 36.81  70.721569  61.153073   -100 -100.00 -100.00 -100.00
 102    21.848 55664.95048704 36.00  70.726065  61.151594   -100 -100.00 -100.00 -100.00
 103    23.254 55674.86612414 42.51  70.704831  61.158301 12.627 -100.00 -100.00 -100.00
 103    23.319 55674.86612473 43.47  70.709329  61.156823  8.572 -100.00 -100.00 -100.00
 103    23.223 55674.86612532 44.61  70.713826  61.155345 28.471 -100.00 -100.00 -100.00
 103    23.256 55674.86612591 46.82  70.718323  61.153866   -100 -100.00 -100.00 -100.00
 103    23.341 55674.86612650 45.60  70.722819  61.152387 23.438 -100.00 -100.00 -100.00
 103    23.325 55674.86612709 41.21  70.727315  61.150909  0.470 -100.00 -100.00 -100.00
 104    26.111 55684.78176310 47.68  70.712324  61.156919 16.222 -100.00 -100.00 -100.00
 104    26.049 55684.78176370 51.86  70.716821  61.155441   -100 -100.00 -100.00 -100.00
 104    26.022 55684.78176429 54.83  70.721318  61.153962   -100 -100.00 -100.00 -100.00
 104    26.001 55684.78176488 56.41  70.725814  61.152483   -100 -100.00 -100.00 -100.00
 105    26.683 55694.69740106 41.44  70.722409  61.155793 17.867 -100.00 -100.00 -100.00
 105    26.739 55694.69740165 37.22  70.726906  61.154314   -100 -100.00 -100.00 -100.00
 105    26.686 55694.69740224 36.39  70.731402  61.152835   -100 -100.00 -100.00 -100.00
 106    26.969 55704.61303765 51.86  70.732673  61.154826   -100 -100.00 -100.00 -100.00
 106    26.933 55704.61303824 43.95  70.737170  61.153346 32.289 -100.00 -100.00 -100.00
 107    26.986 55714.52868482 35.22  70.736552  61.153827   -100 -100.00 -100.00 -100.00
 107    26.986 55714.52868541 37.33  70.741048  61.152348  7.907 -100.00 -100.00 -100.00
 108    26.972 55724.44433322 49.83  70.731444  61.154590 22.618 -100.00 -100.00 -100.00
 108    27.025 55724.44433381 46.84  70.735940  61.153110 14.221 -100.00 -100.00 -100.00
 109    26.557 55734.35998026 36.69  70.730482  61.154292   -100 -100.00 -100.00 -100.00
 109    26.565 55734.35998085 34.48  70.734978  61.152813   -100 -100.00 -100.00 -100.00
 110    25.682 55744.27562614 34.59  70.730400  61.154229   -100 -100.00 -100.00 -100.00
 110    25.658 55744.27562673 34.73  70.734896  61.152749   -100 -100.00 -100.00 -100.00
 111    26.859 55754.19127047 27.72  70.729693  61.154142 26.010 -100.00 -100.00 -100.00
 111    24.389 55754.19127106 31.83  70.734189  61.152662   -100 -100.00 -100.00 -100.00
 112    23.597 55764.10691156 36.77  70.721088  61.155942  2.598 -100.00 -100.00 -100.00
 112    26.922 55764.10691215 27.29  70.725585  61.154463 23.694 -100.00 -100.00 -100.00
 112    23.795 55764.10691274 31.64  70.730081  61.152984   -100 -100.00 -100.00 -100.00
 112    24.213 55764.10691333 30.64  70.734577  61.151505   -100 -100.00 -100.00 -100.00
 113    23.908 55774.02255011 41.53  70.714099  61.156739   -100 -100.00 -100.00 -100.00
 113    23.845 55774.02255070 43.43  70.718597  61.155261   -100 -100.00 -100.00 -100.00
 113    23.568 55774.02255129 46.73  70.723094  61.153782 12.399 -100.00 -100.00 -100.00
 113    23.398 55774.02255188 51.90  70.727590  61.152303   -100 -100.00 -100.00 -100.00
 114    23.196 55783.93818505 35.90  70.705748  61.158408  3.908 -100.00 -100.00 -100.00
 114    23.741 55783.93818564 30.11  70.710246  61.156930 27.809 -100.00 -100.00 -100.00
 114    26.064 55783.93818624 27.30  70.714743  61.155452 19.376 -100.00 -100.00 -100.00
 114    23.440 55783.93818683 32.47  70.719240  61.153973   -100 -100.00 -100.00 -100.00
 114    27.276 55783.93818742 22.52  70.723737  61.152495 10.390 -100.00 -100.00 -100.00
 114    26.551 55783.93818801 26.20  70.728233  61.151016 18.012 -100.00 -100.00 -100.00
 115    23.542 55793.85381918 31.45  70.712085  61.157434 30.812 -100.00 -100.00 -100.00
 115    23.690 55793.85381977 33.15  70.716583  61.155956   -100 -100.00 -100.00 -100.00
 115    23.612 55793.85382036 34.28  70.721080  61.154477   -100 -100.00 -100.00 -100.00
 115    22.680 55793.85382095 34.31  70.725577  61.152998   -100 -100.00 -100.00 -100.00
 115    22.683 55793.85382154 33.40  70.730073  61.151519   -100 -100.00 -100.00 -100.00
 116    23.856 55803.76945705 31.75  70.726427  61.154795 25.879 -100.00 -100.00 -100.00
 116    23.834 55803.76945764 33.15  70.730923  61.153316 30.809 -100.00 -100.00 -100.00
 116    22.851 55803.76945823 36.47  70.735420  61.151837   -100 -100.00 -100.00 -100.00
 117    23.761 55813.68510674 37.19  70.728049  61.154584   -100 -100.00 -100.00 -100.00
 117    23.780 55813.68510733 32.89  70.732546  61.153104   -100 -100.00 -100.00 -100.00
 117    24.629 55813.68510792 35.54  70.737042  61.151625   -100 -100.00 -100.00 -100.00
 118    26.473 55823.60075363 29.00  70.722342  61.155560 24.231 -100.00 -100.00 -100.00
 118    23.830 55823.60075422 30.95  70.726839  61.154081   -100 -100.00 -100.00 -100.00
 118    23.945 55823.60075481 32.38  70.731336  61.152602   -100 -100.00 -100.00 -100.00
 119    22.807 55833.51639560 41.37  70.714625  61.156789   -100 -100.00 -100.00 -100.00
 119    23.500 55833.51639619 42.32  70.719123  61.155311 28.793 -100.00 -100.00 -100.00
 119    22.987 55833.51639678 45.80  70.723621  61.153832   -100 -100.00 -100.00 -100.00
 119    22.894 55833.51639737 48.08  70.728118  61.152353  2.954 -100.00 -100.00 -100.00
 120    23.484 55843.43203388 29.58  70.710765  61.157548   -100 -100.00 -100.00 -100.00
 120    25.696 55843.43203447 24.95  70.715264  61.156070 17.394 -100.00 -100.00 -100.00
 120    26.240 55843.43203506 26.36  70.719762  61.154591 21.384 -100.00 -100.00 -100.00
 120    26.932 55843.43203565 22.59  70.724259  61.153112 10.054 -100.00 -100.00 -100.00
 120    26.220 55843.43203624 24.03  70.728757  61.151633 13.510 -100.00 -100.00 -100.00
 121    23.512 55853.34767041 29.15  70.717566  61.156508   -100 -100.00 -100.00 -100.00
 121    26.779 55853.34767100 23.44  70.722064  61.155029 13.432 -100.00 -100.00 -100.00
 121    23.835 55853.34767159 28.79  70.726562  61.153550   -100 -100.00 -100.00 -100.00
 121    23.705 55853.34767218 31.02  70.731059  61.152071   -100 -100.00 -100.00 -100.00
 122    21.543 55863.26330841 35.79  70.731745  61.154167   -100 -100.00 -100.00 -100.00
 122    21.819 55863.26330900 41.48  70.736242  61.152688   -100 -100.00 -100.00 -100.00
 123    21.026 55873.17896219 31.61  70.729672  61.155086 31.333 -100.00 -100.00 -100.00
 123    21.113 55873.17896278 30.60  70.734169  61.153607 26.564 -100.00 -100.00 -100.00
 123    20.834 55873.17896337 30.44  70.738666  61.152127 30.150 -100.00 -100.00 -100.00
 133    25.206 55972.33539663 14.08  70.704760  61.158293  4.654 -100.00 -100.00 -100.00
 133    25.613 55972.33539722 14.22  70.709259  61.156815  5.115 -100.00 -100.00 -100.00
 133    25.417 55972.33539781 14.47  70.713757  61.155336  5.547 -100.00 -100.00 -100.00
 133    24.905 55972.33539840 15.24  70.718254  61.153857  6.015 -100.00 -100.00 -100.00
 133    24.869 55972.33539899 15.22  70.722751  61.152378  6.109 -100.00 -100.00 -100.00
 133    24.903 55972.33539958 15.43  70.727248  61.150899  6.126 -100.00 -100.00 -100.00
 134    26.186 55982.25103513 15.01  70.724939  61.154642  4.221 -100.00 -100.00 -100.00
 134    26.265 55982.25103572 15.89  70.729436  61.153163  5.347 -100.00 -100.00 -100.00
 134    25.573 55982.25103631 16.44  70.733932  61.151684  6.149 -100.00 -100.00 -100.00
 135    26.674 55992.16667018 15.24  70.729972  61.155090  4.594 -100.00 -100.00 -100.00
 135    26.491 55992.16667077 16.22  70.734469  61.153611  5.585 -100.00 -100.00 -100.00
 135    26.651 55992.16667136 15.83  70.738965  61.152132  5.603 -100.00 -100.00 -100.00
 136    26.198 56002.08231762 16.94  70.726793  61.154775  4.947 -100.00 -100.00 -100.00
 136    26.567 56002.08231821 17.04  70.731289  61.153296  5.362 -100.00 -100.00 -100.00
 136    26.382 56002.08231880 16.78  70.735786  61.151817  5.183 -100.00 -100.00 -100.00
 137    26.187 56011.99796584 13.59  70.710569  61.157095  5.346 -100.00 -100.00 -100.00
 137    26.351 56011.99796643 13.60  70.715067  61.155617  5.432 -100.00 -100.00 -100.00
 137    26.217 56011.99796702 14.75  70.719564  61.154138  6.447 -100.00 -100.00 -100.00
 137    21.346 56011.99796761 15.57  70.724060  61.152660  8.368 -100.00 -100.00 -100.00
 137    23.551 56011.99796820 15.72  70.728556  61.151181  8.549 -100.00 -100.00 -100.00
 139    21.558 56031.82925528 36.90  70.708111  61.157440   -100 -100.00 -100.00 -100.00
 139    21.768 56031.82925587 39.25  70.712609  61.155961   -100 -100.00 -100.00 -100.00
 139    21.742 56031.82925646 36.42  70.717105  61.154483   -100 -100.00 -100.00 -100.00
 139    21.484 56031.82925705 39.36  70.721602  61.153004  2.390 -100.00 -100.00 -100.00
 139    21.481 56031.82925764 41.77  70.726098  61.151525  8.095 -100.00 -100.00 -100.00
 141    24.954 56051.66053793 33.98  70.732238  61.154485   -100 -100.00 -100.00 -100.00
 141    24.875 56051.66053852 32.84  70.736733  61.153006   -100 -100.00 -100.00 -100.00
 143    25.320 56071.49181286 31.81  70.734512  61.154265   -100 -100.00 -100.00 -100.00
 143    25.252 56071.49181345 33.16  70.739008  61.152786   -100 -100.00 -100.00 -100.00
 144    25.161 56081.40746272 45.87  70.728014  61.154765  2.899 -100.00 -100.00 -100.00
 144    25.359 56081.40746331 47.68  70.732511  61.153286   -100 -100.00 -100.00 -100.00
 144    25.061 56081.40746390 52.99  70.737007  61.151806 22.570 -100.00 -100.00 -100.00
 145    24.547 56091.32311060 34.03  70.727195  61.154847   -100 -100.00 -100.00 -100.00
 145    24.462 56091.32311119 33.52  70.731691  61.153368   -100 -100.00 -100.00 -100.00
 145    24.521 56091.32311178 31.94  70.736187  61.151888   -100 -100.00 -100.00 -100.00
 146    23.929 56101.23875666 36.05  70.731186  61.154437  8.851 -100.00 -100.00 -100.00
 146    24.631 56101.23875725 29.32  70.735682  61.152958 29.246 -100.00 -100.00 -100.00
 147    23.788 56111.15438820 41.73  70.731840  61.154043 18.946 -100.00 -100.00 -100.00
 147    22.972 56111.15438879 45.92  70.736336  61.152564   -100 -100.00 -100.00 -100.00
 148    23.411 56121.07002669 30.11  70.721554  61.155856   -100 -100.00 -100.00 -100.00
 148    26.940 56121.07002728 25.84  70.726051  61.154377 22.223 -100.00 -100.00 -100.00
 148    23.979 56121.07002787 27.01  70.730547  61.152898 25.636 -100.00 -100.00 -100.00
 148    24.620 56121.07002846 22.87  70.735043  61.151419 16.731 -100.00 -100.00 -100.00
 149    21.292 56130.98566175 36.09  70.713251  61.156653   -100 -100.00 -100.00 -100.00
 149    23.434 56130.98566234 36.43  70.717748  61.155174   -100 -100.00 -100.00 -100.00
 149    21.400 56130.98566293 34.99  70.722245  61.153696   -100 -100.00 -100.00 -100.00
 149    21.158 56130.98566352 38.86  70.726742  61.152217 28.637 -100.00 -100.00 -100.00
 150    21.086 56140.90129527 31.91  70.705849  61.158515   -100 -100.00 -100.00 -100.00
 150    21.347 56140.90129586 32.71  70.710347  61.157037   -100 -100.00 -100.00 -100.00
 150    21.427 56140.90129645 33.06  70.714844  61.155559   -100 -100.00 -100.00 -100.00
 150    23.374 56140.90129705 33.86  70.719342  61.154081   -100 -100.00 -100.00 -100.00
 150    21.275 56140.90129764 33.96  70.723838  61.152602   -100 -100.00 -100.00 -100.00
 150    21.064 56140.90129823 35.50  70.728334  61.151123 22.496 -100.00 -100.00 -100.00
 151    21.026 56150.81694651 41.71  70.708637  61.157871  7.158 -100.00 -100.00 -100.00
 151    21.135 56150.81694710 42.65  70.713135  61.156393  2.782 -100.00 -100.00 -100.00
 151    21.305 56150.81694769 43.79  70.717632  61.154914   -100 -100.00 -100.00 -100.00
 151    21.983 56150.81694828 45.92  70.722129  61.153436 24.619 -100.00 -100.00 -100.00
 151    21.321 56150.81694887 51.13  70.726626  61.151957   -100 -100.00 -100.00 -100.00
 152    26.813 56160.73259716 30.55  70.723113  61.155029   -100 -100.00 -100.00 -100.00
 152    20.645 56160.73259775 32.84  70.727610  61.153550   -100 -100.00 -100.00 -100.00
 152    20.689 56160.73259834 30.92  70.732106  61.152071   -100 -100.00 -100.00 -100.00
 153    20.366 56170.64824461 33.85  70.725168  61.155423   -100 -100.00 -100.00 -100.00
 153    20.477 56170.64824520 32.58  70.729665  61.153944   -100 -100.00 -100.00 -100.00
 153    20.352 56170.64824579 32.21  70.734161  61.152465   -100 -100.00 -100.00 -100.00
 154    21.028 56180.56388755 40.23  70.721506  61.155546   -100 -100.00 -100.00 -100.00
 154    21.139 56180.56388814 41.76  70.726003  61.154067   -100 -100.00 -100.00 -100.00
 154    20.705 56180.56388873 46.05  70.730500  61.152588  8.883 -100.00 -100.00 -100.00
 155    20.910 56190.47952547 32.03  70.708799  61.157749   -100 -100.00 -100.00 -100.00
 155    23.251 56190.47952606 33.95  70.713297  61.156270   -100 -100.00 -100.00 -100.00
 155    23.594 56190.47952665 35.15  70.717795  61.154791   -100 -100.00 -100.00 -100.00
 155    20.600 56190.47952724 33.97  70.722293  61.153313   -100 -100.00 -100.00 -100.00
 155    23.418 56190.47952783 29.62  70.726790  61.151834 26.991 -100.00 -100.00 -100.00
 156    23.395 56200.39516163 25.28  70.705359  61.158187 18.074 -100.00 -100.00 -100.00
 156    23.660 56200.39516222 26.70  70.709858  61.156709 21.914 -100.00 -100.00 -100.00
 156    23.416 56200.39516281 26.27  70.714356  61.155230 24.293 -100.00 -100.00 -100.00
 156    23.489 56200.39516340 32.28  70.718854  61.153752   -100 -100.00 -100.00 -100.00
 156    21.045 56200.39516399 28.51  70.723352  61.152273 29.867 -100.00 -100.00 -100.00
 157    23.468 56210.31079755 36.67  70.720555  61.155660   -100 -100.00 -100.00 -100.00
 157    20.974 56210.31079814 35.92  70.725053  61.154182  3.095 -100.00 -100.00 -100.00
 157    21.335 56210.31079873 36.93  70.729550  61.152702   -100 -100.00 -100.00 -100.00
 158    21.201 56220.22643165 37.80  70.737014  61.154269   -100 -100.00 -100.00 -100.00
 158    21.275 56220.22643224 36.90  70.741511  61.152789   -100 -100.00 -100.00 -100.00
 159    20.639 56230.14208166 36.96  70.738139  61.155367   -100 -100.00 -100.00 -100.00
 159    20.761 56230.14208225 35.76  70.742635  61.153887   -100 -100.00 -100.00 -100.00
 160    20.874 56240.05773477 34.83  70.735232  61.155093   -100 -100.00 -100.00 -100.00
 160    20.886 56240.05773536 34.22  70.739728  61.153613   -100 -100.00 -100.00 -100.00
 161    21.793 56249.97338365 28.86  70.729665  61.154813 18.725 -100.00 -100.00 -100.00
 161    21.924 56249.97338424 29.28  70.734161  61.153334 20.208 -100.00 -100.00 -100.00
 161    21.643 56249.97338483 30.61  70.738657  61.151854 26.406 -100.00 -100.00 -100.00
 162    21.669 56259.88902774 26.43  70.725211  61.154837 16.516 -100.00 -100.00 -100.00
 162    21.814 56259.88902833 24.88  70.729708  61.153358 11.012 -100.00 -100.00 -100.00
 162    21.561 56259.88902892 25.93  70.734204  61.151879 14.763 -100.00 -100.00 -100.00
 163    23.025 56269.80466984 21.18  70.727692  61.154484  8.420 -100.00 -100.00 -100.00
 163    21.521 56269.80467043 20.64  70.732188  61.153005  7.490 -100.00 -100.00 -100.00
 164    21.334 56279.72031021 20.52  70.731091  61.154402  9.224 -100.00 -100.00 -100.00
 164    21.460 56279.72031080 20.77  70.735587  61.152923  9.401 -100.00 -100.00 -100.00
 165    21.090 56289.63596082 19.56  70.728226  61.154857  8.841 -100.00 -100.00 -100.00
 165    23.165 56289.63596141 18.76  70.732723  61.153378  6.719 -100.00 -100.00 -100.00
 165    21.147 56289.63596200 19.81  70.737219  61.151898  7.937 -100.00 -100.00 -100.00
 166    22.792 56299.55160759 17.06  70.715277  61.156843  7.315 -100.00 -100.00 -100.00
 166    22.887 56299.55160818 18.16  70.719775  61.155365  8.355 -100.00 -100.00 -100.00
 166    20.917 56299.55160877 18.28  70.724272  61.153885  9.014 -100.00 -100.00 -100.00
 166    23.696 56299.55160936 17.87  70.728769  61.152406  7.812 -100.00 -100.00 -100.00
 167    25.518 56309.46725035 16.48  70.701599  61.158573  4.198 -100.00 -100.00 -100.00
 167    26.237 56309.46725094 16.40  70.706097  61.157094  4.228 -100.00 -100.00 -100.00
 167    26.193 56309.46725153 16.50  70.710595  61.155616  4.690 -100.00 -100.00 -100.00
 167    26.039 56309.46725212 17.17  70.715093  61.154137  5.143 -100.00 -100.00 -100.00
 167    24.777 56309.46725271 17.36  70.719590  61.152658  5.656 -100.00 -100.00 -100.00
 167    24.686 56309.46725331 18.17  70.724087  61.151179  6.619 -100.00 -100.00 -100.00
 168    25.481 56319.38289203 14.72  70.698468  61.158248  3.645 -100.00 -100.00 -100.00
 168    25.358 56319.38289262 15.46  70.702967  61.156770  4.873 -100.00 -100.00 -100.00
 168    23.359 56319.38289321 15.69  70.707465  61.155291  5.691 -100.00 -100.00 -100.00
 168    25.275 56319.38289381 15.60  70.711963  61.153813  5.328 -100.00 -100.00 -100.00
 168    20.705 56319.38289440 16.53  70.716460  61.152334  5.610 -100.00 -100.00 -100.00
 168    20.805 56319.38289499 17.24  70.720957  61.150855  7.275 -100.00 -100.00 -100.00
 169    26.039 56329.29853391 14.86  70.705884  61.157264  4.281 -100.00 -100.00 -100.00
 169    25.908 56329.29853450 15.12  70.710382  61.155785  4.687 -100.00 -100.00 -100.00
 169    20.749 56329.29853509 16.18  70.714880  61.154306  6.345 -100.00 -100.00 -100.00
 169    24.345 56329.29853568 16.54  70.719377  61.152828  6.665 -100.00 -100.00 -100.00
 169    20.457 56329.29853627 17.31  70.723873  61.151348  7.084 -100.00 -100.00 -100.00
 170    20.198 56339.21417569 20.53  70.719869  61.155616 14.184 -100.00 -100.00 -100.00
 170    20.275 56339.21417628 20.39  70.724366  61.154137 13.808 -100.00 -100.00 -100.00
 170    20.327 56339.21417687 22.78  70.728863  61.152658 19.743 -100.00 -100.00 -100.00
 171    20.469 56349.12981484 20.16  70.729101  61.154965 12.358 -100.00 -100.00 -100.00
 171    20.451 56349.12981543 21.37  70.733597  61.153486 15.191 -100.00 -100.00 -100.00
 171    20.372 56349.12981603 22.77  70.738094  61.152007 19.279 -100.00 -100.00 -100.00
 172    22.061 56359.04545064 14.46  70.729166  61.154871  6.245 -100.00 -100.00 -100.00
 172    23.762 56359.04545123 14.11  70.733662  61.153392  5.877 -100.00 -100.00 -100.00
 172    21.361 56359.04545182 14.28  70.738158  61.151913  6.530 -100.00 -100.00 -100.00
 173    26.950 56368.96109936 10.71  70.711240  61.157387  3.716 -100.00 -100.00 -100.00
 173    26.743 56368.96109995 11.05  70.715737  61.155909  3.685 -100.00 -100.00 -100.00
 173    26.941 56368.96110054 11.42  70.720234  61.154430  4.445 -100.00 -100.00 -100.00
 173    27.221 56368.96110113 11.40  70.724731  61.152951  4.541 -100.00 -100.00 -100.00
 173    26.988 56368.96110172 11.18  70.729227  61.151472  4.489 -100.00 -100.00 -100.00
 175    27.844 56388.79239199  9.93  70.707270  61.158039  2.994 -100.00 -100.00 -100.00
 175    27.647 56388.79239258 10.00  70.711767  61.156560  3.204 -100.00 -100.00 -100.00
 175    27.995 56388.79239317  9.99  70.716264  61.155082  3.037 -100.00 -100.00 -100.00
 175    27.927 56388.79239376 10.31  70.720761  61.153603  3.286 -100.00 -100.00 -100.00
 175    27.724 56388.79239435 10.16  70.725257  61.152124  3.378 -100.00 -100.00 -100.00
 176    20.854 56398.70803717 18.14  70.724585  61.155497 19.620 -100.00 -100.00 -100.00
 176    20.788 56398.70803776 19.36  70.729081  61.154018 23.888 -100.00 -100.00 -100.00
 176    20.946 56398.70803835 16.94  70.733577  61.152539 15.424 -100.00 -100.00 -100.00
 177    21.688 56408.62367916 37.26  70.735984  61.154200   -100 -100.00 -100.00 -100.00
 177    24.595 56408.62367975 40.65  70.740480  61.152720   -100 -100.00 -100.00 -100.00
 178    24.719 56418.53931575 40.94  70.737283  61.154343   -100 -100.00 -100.00 -100.00
 178    24.685 56418.53931634 44.83  70.741779  61.152864   -100 -100.00 -100.00 -100.00
 180    27.307 56438.37060155 50.15  70.727568  61.154463  8.538 -100.00 -100.00 -100.00
 180    27.074 56438.37060214 45.55  70.732065  61.152984 28.002 -100.00 -100.00 -100.00
 181    27.435 56448.28625220 51.24  70.721668  61.155405 15.972 -100.00 -100.00 -100.00
 181    27.348 56448.28625279 47.54  70.726164  61.153926 26.490 -100.00 -100.00 -100.00
 181    27.379 56448.28625338 51.18  70.730661  61.152446 27.170 -100.00 -100.00 -100.00
 182    27.550 56458.20190150 39.66  70.723168  61.155219   -100 -100.00 -100.00 -100.00
 182    27.534 56458.20190209 37.04  70.727664  61.153740   -100 -100.00 -100.00 -100.00
 182    27.498 56458.20190268 36.91  70.732161  61.152260   -100 -100.00 -100.00 -100.00
 183    27.751 56468.11754714 37.97  70.721030  61.155458   -100 -100.00 -100.00 -100.00
 183    27.722 56468.11754773 37.96  70.725527  61.153979   -100 -100.00 -100.00 -100.00
 183    27.708 56468.11754832 39.51  70.730023  61.152499   -100 -100.00 -100.00 -100.00
 184    28.248 56478.03318824 50.99  70.714553  61.156451   -100 -100.00 -100.00 -100.00
 184    27.985 56478.03318883 52.20  70.719050  61.154972 16.138 -100.00 -100.00 -100.00
 184    27.908 56478.03318942 55.29  70.723546  61.153493 31.316 -100.00 -100.00 -100.00
 184    27.908 56478.03319001 54.87  70.728042  61.152014 32.321 -100.00 -100.00 -100.00
 185    27.972 56487.94882516 42.14  70.705447  61.158081   -100 -100.00 -100.00 -100.00
 185    28.020 56487.94882575 39.64  70.709945  61.156603   -100 -100.00 -100.00 -100.00
 185    27.962 56487.94882634 35.79  70.714442  61.155124 32.186 -100.00 -100.00 -100.00
 185    27.915 56487.94882693 36.66  70.718939  61.153646   -100 -100.00 -100.00 -100.00
 185    27.902 56487.94882752 35.09  70.723435  61.152167 29.402 -100.00 -100.00 -100.00
 187    27.551 56507.78009557 46.31  70.715691  61.156766   -100 -100.00 -100.00 -100.00
 187    27.559 56507.78009616 47.24  70.720189  61.155287   -100 -100.00 -100.00 -100.00
 187    27.142 56507.78009675 51.29  70.724685  61.153809 18.234 -100.00 -100.00 -100.00
 187    27.125 56507.78009734 50.71  70.729182  61.152330 20.792 -100.00 -100.00 -100.00
 188    24.838 56517.69573450 46.23  70.729107  61.155110  1.975 -100.00 -100.00 -100.00
 188    25.218 56517.69573509 47.21  70.733604  61.153630   -100 -100.00 -100.00 -100.00
 188    25.145 56517.69573568 51.37  70.738100  61.152151   -100 -100.00 -100.00 -100.00
 189    24.323 56527.61138898 33.29  70.732057  61.154182 31.751 -100.00 -100.00 -100.00
 189    23.686 56527.61138957 37.30  70.736554  61.152703   -100 -100.00 -100.00 -100.00
 190    23.207 56537.52703801 39.86  70.724856  61.155540   -100 -100.00 -100.00 -100.00
 190    24.252 56537.52703860 41.01  70.729353  61.154061 19.970 -100.00 -100.00 -100.00
 190    23.824 56537.52703919 43.86  70.733850  61.152582 30.251 -100.00 -100.00 -100.00
 192    22.798 56557.35832557 34.05  70.708161  61.158054   -100 -100.00 -100.00 -100.00
 192    23.608 56557.35832616 32.79  70.712659  61.156575   -100 -100.00 -100.00 -100.00
 192    23.603 56557.35832675 34.37  70.717157  61.155097   -100 -100.00 -100.00 -100.00
 192    22.912 56557.35832734 33.98  70.721654  61.153617   -100 -100.00 -100.00 -100.00
 192    22.774 56557.35832793 36.39  70.726151  61.152138   -100 -100.00 -100.00 -100.00
 193    23.763 56567.27396942 36.47  70.719052  61.155620  0.964 -100.00 -100.00 -100.00
 193    22.338 56567.27397001 30.97  70.723549  61.154140   -100 -100.00 -100.00 -100.00
 193    23.872 56567.27397060 34.85  70.728046  61.152661   -100 -100.00 -100.00 -100.00
 194    26.985 56577.18961211 26.38  70.732303  61.154033 16.489 -100.00 -100.00 -100.00
 194    24.701 56577.18961270 27.33  70.736799  61.152554 19.406 -100.00 -100.00 -100.00
 195    22.581 56587.10525034 37.41  70.737983  61.154720 28.399 -100.00 -100.00 -100.00
 195    22.750 56587.10525093 39.75  70.742479  61.153241 26.033 -100.00 -100.00 -100.00
 196    24.108 56597.02089051 28.57  70.736372  61.155654 21.181 -100.00 -100.00 -100.00
 196    22.596 56597.02089110 34.19  70.740868  61.154174 27.841 -100.00 -100.00 -100.00
 197    22.493 56606.93654244 32.53  70.734451  61.153711 24.703 -100.00 -100.00 -100.00
 197    22.553 56606.93654303 30.48  70.738947  61.152232 16.472 -100.00 -100.00 -100.00
 198    23.132 56616.85218810 37.45  70.723381  61.155561   -100 -100.00 -100.00 -100.00
 198    23.198 56616.85218869 39.86  70.727878  61.154082   -100 -100.00 -100.00 -100.00
 198    23.281 56616.85218928 39.90  70.732374  61.152603   -100 -100.00 -100.00 -100.00
 199    23.240 56626.76783163 34.91  70.724191  61.154996   -100 -100.00 -100.00 -100.00
 199    23.377 56626.76783222 35.65  70.728688  61.153517   -100 -100.00 -100.00 -100.00
 199    23.365 56626.76783281 36.77  70.733184  61.152037   -100 -100.00 -100.00 -100.00
 200    23.725 56636.68347257 33.88  70.727364  61.154507   -100 -100.00 -100.00 -100.00
 200    23.780 56636.68347316 31.60  70.731861  61.153028   -100 -100.00 -100.00 -100.00
 200    23.847 56636.68347375 27.60  70.736357  61.151548 19.508 -100.00 -100.00 -100.00
 201    23.818 56646.59911306 31.05  70.725982  61.155216   -100 -100.00 -100.00 -100.00
 201    23.650 56646.59911365 29.34  70.730479  61.153737 27.537 -100.00 -100.00 -100.00
 201    23.709 56646.59911424 28.41  70.734975  61.152257 23.322 -100.00 -100.00 -100.00
 202    23.203 56656.51476404 29.78  70.715455  61.156650   -100 -100.00 -100.00 -100.00
 202    23.356 56656.51476463 28.16  70.719953  61.155171 28.812 -100.00 -100.00 -100.00
 202    23.523 56656.51476522 25.60  70.724450  61.153692 18.105 -100.00 -100.00 -100.00
 202    23.245 56656.51476581 27.13  70.728947  61.152213 23.405 -100.00 -100.00 -100.00
 203    22.757 56666.43041057 27.87  70.703888  61.158489 28.531 -100.00 -100.00 -100.00
 203    22.878 56666.43041116 28.68  70.708387  61.157010   -100 -100.00 -100.00 -100.00
 203    23.018 56666.43041175 27.70  70.712885  61.155531 26.665 -100.00 -100.00 -100.00
 203    23.192 56666.43041234 25.22  70.717382  61.154052 16.782 -100.00 -100.00 -100.00
 203    23.192 56666.43041293 26.43  70.721880  61.152573 21.798 -100.00 -100.00 -100.00
 203    22.978 56666.43041352 28.07  70.726377  61.151094 28.449 -100.00 -100.00 -100.00
 205    26.046 56686.26170044 18.05  70.707054  61.158103  6.237 -100.00 -100.00 -100.00
 205    25.850 56686.26170103 18.33  70.711552  61.156625  5.284 -100.00 -100.00 -100.00
 205    26.034 56686.26170163 18.08  70.716050  61.155146  5.063 -100.00 -100.00 -100.00
 205    26.231 56686.26170222 18.26  70.720547  61.153667  5.660 -100.00 -100.00 -100.00
 205    26.330 56686.26170281 18.50  70.725044  61.152188  5.840 -100.00 -100.00 -100.00
 206    26.166 56696.17734430 16.54  70.720496  61.155378  4.834 -100.00 -100.00 -100.00
 206    26.304 56696.17734489 16.74  70.724993  61.153899  4.512 -100.00 -100.00 -100.00
 206    26.447 56696.17734548 17.12  70.729489  61.152420  5.082 -100.00 -100.00 -100.00
 207    26.167 56706.09298284 16.14  70.727849  61.154384  4.878 -100.00 -100.00 -100.00
 207    25.663 56706.09298343 16.47  70.732346  61.152905  5.157 -100.00 -100.00 -100.00
 208    26.149 56716.00861566 16.58  70.726396  61.155445  4.526 -100.00 -100.00 -100.00
 208    26.571 56716.00861625 16.57  70.730892  61.153966  4.416 -100.00 -100.00 -100.00
 208    26.367 56716.00861684 17.22  70.735388  61.152487  5.669 -100.00 -100.00 -100.00
 209   -21.376 56725.92426850 10.02  70.719322  61.155610  1.915 -100.00 -100.00 -100.00
 209   -23.012 56725.92426909  9.85  70.723819  61.154132  1.874 -100.00 -100.00 -100.00
 209   -24.655 56725.92426968  9.79  70.728315  61.152653  2.044 -100.00 -100.00 -100.00
 211    27.385 56745.75556397 10.32  70.720072  61.155892  3.743 -100.00 -100.00 -100.00
 211    27.325 56745.75556456  9.87  70.724568  61.154413  3.468 -100.00 -100.00 -100.00
 211    27.257 56745.75556515 10.44  70.729064  61.152934  4.301 -100.00 -100.00 -100.00
 211    27.310 56745.75556574 10.55  70.733559  61.151455  4.691 -100.00 -100.00 -100.00
 212    27.071 56755.67120676  9.59  70.730352  61.154586  6.554 -100.00 -100.00 -100.00
 212    26.962 56755.67120735 10.11  70.734848  61.153106  6.418 -100.00 -100.00 -100.00
 213    22.106 56765.58684338 35.70  70.736544  61.154287   -100 -100.00 -100.00 -100.00
 213    25.039 56765.58684397 36.86  70.741040  61.152808   -100 -100.00 -100.00 -100.00
 215    27.384 56785.41813820 42.22  70.726003  61.155137   -100 -100.00 -100.00 -100.00
 215    27.371 56785.41813879 37.66  70.730500  61.153657   -100 -100.00 -100.00 -100.00
 215    27.273 56785.41813938 34.68  70.734996  61.152178 32.316 -100.00 -100.00 -100.00
 216    27.717 56795.33379026 52.43  70.716498  61.156560 17.323 -100.00 -100.00 -100.00
 216    27.852 56795.33379085 53.31  70.720995  61.155081  9.091 -100.00 -100.00 -100.00
 216    27.663 56795.33379144 54.48  70.725492  61.153602 28.416 -100.00 -100.00 -100.00
 216    27.669 56795.33379203 55.85  70.729988  61.152122 29.097 -100.00 -100.00 -100.00
 217    28.054 56805.24943927 53.40  70.715043  61.156267 17.194 -100.00 -100.00 -100.00
 217    27.971 56805.24943986 54.50  70.719540  61.154788   -100 -100.00 -100.00 -100.00
 217    27.973 56805.24944045 52.41  70.724036  61.153309   -100 -100.00 -100.00 -100.00
 217    27.968 56805.24944104 48.79  70.728532  61.151829   -100 -100.00 -100.00 -100.00
 219    28.407 56825.08071989 36.50  70.710866  61.157115 29.848 -100.00 -100.00 -100.00
 219    28.378 56825.08072048 34.72  70.715363  61.155636 25.796 -100.00 -100.00 -100.00
 219    28.246 56825.08072107 35.85  70.719860  61.154157 30.912 -100.00 -100.00 -100.00
 219    28.253 56825.08072166 35.55  70.724356  61.152678 26.464 -100.00 -100.00 -100.00
 219    28.179 56825.08072225 34.28  70.728852  61.151199 24.493 -100.00 -100.00 -100.00
 220   -18.726 56834.99635459 15.30  70.708091  61.157886  2.492 -100.00 -100.00 -100.00
 220   -18.719 56834.99635518 15.37  70.712588  61.156407  2.335 -100.00 -100.00 -100.00
 220   -21.050 56834.99635577 15.22  70.717085  61.154929  2.571 -100.00 -100.00 -100.00
 220   -22.715 56834.99635636 15.02  70.721582  61.153450  2.515 -100.00 -100.00 -100.00
 220   -24.343 56834.99635695 14.86  70.726078  61.151971  2.510 -100.00 -100.00 -100.00
 221    27.931 56844.91198683 41.65  70.713778  61.157129  0.715 -100.00 -100.00 -100.00
 221    27.929 56844.91198742 40.00  70.718276  61.155650   -100 -100.00 -100.00 -100.00
 221    27.901 56844.91198801 38.57  70.722772  61.154172   -100 -100.00 -100.00 -100.00
 221    27.881 56844.91198860 36.37  70.727269  61.152693   -100 -100.00 -100.00 -100.00
 221    27.854 56844.91198919 35.88  70.731764  61.151214   -100 -100.00 -100.00 -100.00
 223    26.968 56864.74328630 48.59  70.718528  61.156274 28.471 -100.00 -100.00 -100.00
 223    26.945 56864.74328689 50.21  70.723025  61.154795   -100 -100.00 -100.00 -100.00
 223    26.938 56864.74328748 47.86  70.727521  61.153316 21.797 -100.00 -100.00 -100.00
 223    26.940 56864.74328808 51.65  70.732017  61.151837   -100 -100.00 -100.00 -100.00
 224    25.741 56874.65893884 44.14  70.716572  61.156514  0.937 -100.00 -100.00 -100.00
 224    25.927 56874.65893943 46.42  70.721069  61.155035   -100 -100.00 -100.00 -100.00
 224    26.100 56874.65894003 49.28  70.725566  61.153556   -100 -100.00 -100.00 -100.00
 224    25.654 56874.65894062 53.50  70.730062  61.152077 20.117 -100.00 -100.00 -100.00
 225    24.400 56884.57458788 42.31  70.711628  61.157390   -100 -100.00 -100.00 -100.00
 225    24.187 56884.57458847 43.03  70.716126  61.155911   -100 -100.00 -100.00 -100.00
 225    24.457 56884.57458906 46.48  70.720623  61.154432   -100 -100.00 -100.00 -100.00
 225    24.272 56884.57458965 50.30  70.725120  61.152953  2.232 -100.00 -100.00 -100.00
 225    24.094 56884.57459024 53.63  70.729616  61.151474   -100 -100.00 -100.00 -100.00
 226    23.545 56894.49023425 34.48  70.709868  61.157211   -100 -100.00 -100.00 -100.00
 226    26.371 56894.49023484 29.05  70.714366  61.155732 26.679 -100.00 -100.00 -100.00
 226    23.724 56894.49023543 33.63  70.718863  61.154253   -100 -100.00 -100.00 -100.00
 226    27.443 56894.49023602 24.82  70.723360  61.152774 12.199 -100.00 -100.00 -100.00
 226    27.339 56894.49023661 25.21  70.727857  61.151295 14.212 -100.00 -100.00 -100.00
 227    23.102 56904.40587742 38.56  70.708167  61.157694  7.263 -100.00 -100.00 -100.00
 227    23.607 56904.40587801 33.75  70.712665  61.156216   -100 -100.00 -100.00 -100.00
 227    23.836 56904.40587860 32.08  70.717162  61.154737 30.538 -100.00 -100.00 -100.00
 227    23.264 56904.40587919 35.36  70.721659  61.153257   -100 -100.00 -100.00 -100.00
 227    23.294 56904.40587978 37.40  70.726156  61.151778   -100 -100.00 -100.00 -100.00
 228    27.620 56914.32151958 30.46  70.715066  61.156467 29.898 -100.00 -100.00 -100.00
 228    23.724 56914.32152017 33.78  70.719563  61.154988   -100 -100.00 -100.00 -100.00
 228    27.492 56914.32152076 24.32  70.724060  61.153509 13.019 -100.00 -100.00 -100.00
 228    27.169 56914.32152135 26.79  70.728556  61.152029 20.313 -100.00 -100.00 -100.00
 229    23.082 56924.23716039 37.38  70.725449  61.155018   -100 -100.00 -100.00 -100.00
 229    23.936 56924.23716098 35.62  70.729945  61.153539   -100 -100.00 -100.00 -100.00
 229    23.797 56924.23716157 36.01  70.734441  61.152059   -100 -100.00 -100.00 -100.00
 230    27.308 56934.15279799 27.78  70.731653  61.154984 23.774 -100.00 -100.00 -100.00
 230    24.216 56934.15279858 30.45  70.736149  61.153504   -100 -100.00 -100.00 -100.00
 230    24.655 56934.15279917 27.17  70.740645  61.152025 24.131 -100.00 -100.00 -100.00
 231    22.982 56944.06843032 37.61  70.737214  61.154509   -100 -100.00 -100.00 -100.00
 231    23.043 56944.06843091 44.40  70.741710  61.153029 20.071 -100.00 -100.00 -100.00
 232    22.505 56953.98407785 40.99  70.732961  61.154421   -100 -100.00 -100.00 -100.00
 232    22.570 56953.98407844 42.06  70.737457  61.152941   -100 -100.00 -100.00 -100.00
 233    23.016 56963.89972708 30.00  70.724441  61.155288   -100 -100.00 -100.00 -100.00
 233    23.098 56963.89972767 30.80  70.728937  61.153809   -100 -100.00 -100.00 -100.00
 233    23.059 56963.89972826 29.13  70.733433  61.152330 31.123 -100.00 -100.00 -100.00
 234    24.296 56973.81537214 28.84  70.722304  61.155628 25.057 -100.00 -100.00 -100.00
 234    24.192 56973.81537273 32.43  70.726800  61.154149   -100 -100.00 -100.00 -100.00
 234    24.210 56973.81537333 33.42  70.731297  61.152670   -100 -100.00 -100.00 -100.00
 235    24.665 56983.73101385 18.62  70.729269  61.154173  5.528 -100.00 -100.00 -100.00
 235    24.674 56983.73101445 18.47  70.733765  61.152693  5.363 -100.00 -100.00 -100.00
 236    24.668 56993.64665008 17.01  70.731490  61.154133  4.932 -100.00 -100.00 -100.00
 236    24.704 56993.64665067 16.62  70.735987  61.152654  4.443 -100.00 -100.00 -100.00
 237    24.192 57003.56228672 16.55  70.725959  61.155226  5.184 -100.00 -100.00 -100.00
 237    24.296 57003.56228731 16.96  70.730457  61.153747  5.767 -100.00 -100.00 -100.00
 237    24.947 57003.56228790 16.91  70.734953  61.152267  5.679 -100.00 -100.00 -100.00
 238    24.320 57013.47794103 15.68  70.707936  61.158025  5.720 -100.00 -100.00 -100.00
 238    24.856 57013.47794162 15.56  70.712435  61.156546  5.802 -100.00 -100.00 -100.00
 238    24.541 57013.47794221 15.92  70.716933  61.155067  6.515 -100.00 -100.00 -100.00
 238    25.677 57013.47794280 15.30  70.721430  61.153588  5.124 -100.00 -100.00 -100.00
 238    25.416 57013.47794339 15.24  70.725927  61.152109  5.582 -100.00 -100.00 -100.00
 239    26.395 57023.39359184 15.10  70.704466  61.157982  4.537 -100.00 -100.00 -100.00
 239    26.701 57023.39359243 14.72  70.708965  61.156503  4.163 -100.00 -100.00 -100.00
 239    26.722 57023.39359302 14.91  70.713463  61.155025  4.975 -100.00 -100.00 -100.00
 239    26.698 57023.39359361 14.92  70.717960  61.153546  4.385 -100.00 -100.00 -100.00
 239    26.573 57023.39359420 14.49  70.722457  61.152067  4.049 -100.00 -100.00 -100.00
 240    25.917 57033.30924121 13.78  70.711207  61.157143  4.656 -100.00 -100.00 -100.00
 240    25.480 57033.30924180 14.11  70.715705  61.155665  5.768 -100.00 -100.00 -100.00
 240    25.670 57033.30924239 13.73  70.720202  61.154186  4.810 -100.00 -100.00 -100.00
 240    26.090 57033.30924298 14.26  70.724699  61.152706  5.338 -100.00 -100.00 -100.00
 240    25.335 57033.30924357 14.20  70.729196  61.151227  5.037 -100.00 -100.00 -100.00
 241    25.405 57043.22488865 13.56  70.720837  61.155831  5.937 -100.00 -100.00 -100.00
 241    26.154 57043.22488924 13.40  70.725334  61.154352  5.270 -100.00 -100.00 -100.00
 241    25.103 57043.22488983 13.89  70.729830  61.152872  5.618 -100.00 -100.00 -100.00
 241    25.469 57043.22489042 13.39  70.734326  61.151393  5.314 -100.00 -100.00 -100.00
 242    26.011 57053.14053321 12.04  70.725474  61.154954  4.619 -100.00 -100.00 -100.00
 242    26.014 57053.14053380 12.71  70.729970  61.153475  5.485 -100.00 -100.00 -100.00
 242    26.173 57053.14053439 12.55  70.734467  61.151996  5.027 -100.00 -100.00 -100.00
 243    25.134 57063.05617240 11.86  70.722192  61.155320  4.732 -100.00 -100.00 -100.00
 243    26.042 57063.05617299 11.76  70.726688  61.153841  4.856 -100.00 -100.00 -100.00
 243    25.552 57063.05617358 11.70  70.731185  61.152362  4.631 -100.00 -100.00 -100.00
 244    26.229 57072.97180639 12.55  70.719233  61.156064  5.291 -100.00 -100.00 -100.00
 244    26.486 57072.97180698 12.31  70.723730  61.154585  4.620 -100.00 -100.00 -100.00
 244    26.365 57072.97180757 12.26  70.728226  61.153107  4.808 -100.00 -100.00 -100.00
 244    26.686 57072.97180816 11.81  70.732722  61.151627  4.442 -100.00 -100.00 -100.00
 245    26.029 57082.88743755 11.61  70.726378  61.155479  4.133 -100.00 -100.00 -100.00
 245    26.291 57082.88743814 12.00  70.730874  61.154000  3.897 -100.00 -100.00 -100.00
 245    26.362 57082.88743873 11.71  70.735370  61.152521  3.650 -100.00 -100.00 -100.00
 246    26.556 57092.80308652 13.21  70.737030  61.153600  3.969 -100.00 -100.00 -100.00
 246    26.790 57092.80308711 12.95  70.741526  61.152121  3.741 -100.00 -100.00 -100.00
 247    27.666 57102.71874313  9.60  70.734800  61.155051  5.363 -100.00 -100.00 -100.00
 247    27.774 57102.71874372  8.94  70.739296  61.153571  4.138 -100.00 -100.00 -100.00
 248    27.577 57112.63439684 11.21  70.737582  61.153780  3.413 -100.00 -100.00 -100.00
 248    27.398 57112.63439743 11.20  70.742077  61.152301  3.230 -100.00 -100.00 -100.00
 249    21.801 57122.55004357 35.40  70.731525  61.154161   -100 -100.00 -100.00 -100.00
 249    21.639 57122.55004416 35.58  70.736021  61.152682   -100 -100.00 -100.00 -100.00
 250    27.480 57132.46568464 28.45  70.723766  61.154875 16.408 -100.00 -100.00 -100.00
 250    27.200 57132.46568523 30.57  70.728262  61.153396 24.687 -100.00 -100.00 -100.00
 250    24.698 57132.46568582 31.09  70.732758  61.151916 29.189 -100.00 -100.00 -100.00
