# NaN NaN NaN ;Mean Elev.(m), Avg Gradient(m/km), RMS Gradient(m/km) - SRTM1     
#  -10.446  -2.413   6.195 ;Mean Elev.(m), Avg Gradient(m/km), RMS Gradient(m/km) - ASTER GDEM
#    4.126  -1.076   5.490 ;Mean Elev.(m), Avg Gradient(m/km), RMS Gradient(m/km) - GMTED2010 
   1  65.742647  66.146309     6.657     5.787 20 54666.35563660 29.740
   2  65.745353  66.147359     6.936     7.779 20 54676.27128142 28.156
   3  65.749218  66.149132     2.505     2.676 19 54686.18692496 31.442
   4  65.751263  66.150231     4.026     3.908 20 54696.10256669 37.095
   5  65.747675  66.149338     3.529     3.781 19 54706.01820590 34.829
   6  65.745361  66.146837     4.275     4.298 20 54715.93385805 34.388
   7  65.739637  66.144356     4.223     4.383 21 54725.84950741 33.080
   8  65.739312  66.143803     3.983     4.004 21 54735.76515541 34.039
   9  65.743111  66.145383     3.745     4.044 20 54745.68080295 34.849
  10  65.744155  66.147024     3.776     4.182 20 54755.59644981 33.780
  11  65.744847  66.146871     4.163     4.607 20 54765.51209522 34.334
  12  65.742015  66.144759     2.467     2.491 20 54775.42773737 48.246
  13  65.737238  66.142797     2.299     2.325 20 54785.34337686 39.614
  14  65.737504  66.142897     1.783     1.834 21 54795.25901531 26.976
  17  65.745789  66.147623     2.847     2.344 19 54825.00593711 14.192
  18  65.745010  66.146771     3.164     3.233 19 54834.92157669 14.576
  19  65.745078  66.146621     3.230     3.184 20 54844.83722649 14.088
  20  65.747577  66.147516     2.936     2.604 19 54854.75287570 13.760
  21  65.750437  66.149172     3.597     3.571 20 54864.66852478 13.648
  22  65.750988  66.149765     3.117     3.340 19 54874.58417335 12.694
  23  65.747147  66.148764     3.440     3.244 20 54884.49981887 12.247
  24  65.742751  66.146313     3.503     3.515 20 54894.41546092 12.491
  25  65.740712  66.144208     3.361     3.020 20 54904.33110051 11.975
  26  65.738988  66.143929     4.427     4.135 20 54914.24673898 13.847
  27  65.743227  66.145235     3.975     3.835 20 54924.16237745 11.802
  28  65.742583  66.146569     3.545     3.582 20 54934.07801470 11.236
  29  65.744302  66.146517     6.607     5.431 20 54943.99365021 12.703
  30  65.740407  66.144855     9.029     9.188 21 54953.90928304 10.132
  31  65.737616  66.143095     3.597     3.614 21 54963.82492787 34.295
  32  65.738031  66.143132     5.254     5.259 21 54973.74057628 37.060
  33  65.740540  66.144905     8.136     8.997 20 54983.65622420 32.229
  34  65.746466  66.146934     8.664     9.041 19 54993.57187225 28.348
  35  65.746491  66.147774     7.825     8.795 19 55003.48751866 28.627
  36  65.746373  66.147533     5.961     6.047 19 55013.40316305 27.841
  37  65.746141  66.147034     7.646     8.477 19 55023.31880604 26.626
  38  65.745569  66.147580     5.540     5.331 20 55033.23444829 27.534
  39  65.746344  66.148597     4.800     4.831 19 55043.15008997 31.964
  40  65.748164  66.148943     4.266     4.137 20 55053.06573015 37.091
  41  65.745521  66.147676     3.858     3.620 20 55062.98136770 43.091
  42  65.741338  66.145614     4.129     4.271 20 55072.89701193 32.213
  43  65.740137  66.144001     4.106     4.243 20 55082.81266009 31.914
  44  65.741160  66.143972     3.861     4.155 20 55092.72830688 31.935
  45  65.741514  66.144975     4.184     4.178 20 55102.64395338 29.623
  46  65.742063  66.146042     4.105     4.143 20 55112.55959958 37.162
  47  65.743989  66.145857     3.867     4.452 20 55122.47524357 31.041
  48  65.740655  66.144609     2.549     1.979 21 55132.39088417 30.907
  49  65.738916  66.143339     2.018     2.042 21 55142.30652288 42.966
  50  65.738574  66.143548     1.220     1.295 21 55152.22216112 30.950
  51  65.743598  66.145027     1.375     1.437 20 55162.13780013 29.843
  52  65.745280  66.146683     1.517     1.607 19 55172.05343846 20.552
  53  65.747131  66.147503     1.681     1.747 20 55181.96907523 16.916
  54  65.745266  66.147447     1.711     1.719 19 55191.88472526 15.770
  55  65.746030  66.147644     1.830     1.803 19 55201.80037545 14.560
  56  65.745592  66.148144     1.780     1.727 19 55211.71602490 15.165
  57  65.747114  66.148543     1.750     1.769 19 55221.63167406 13.619
  58  65.746971  66.147866     1.652     1.651 20 55231.54732188 13.684
  59  65.743105  66.146439     1.410     1.519 20 55241.46296616 13.289
  60  65.741445  66.144913     1.829     1.741 21 55251.37860714 12.788
  61  65.737988  66.144168     1.905     1.819 20 55261.29424569 12.572
  62  65.740819  66.144639     3.185     3.021 21 55271.20988394 13.504
  63  65.739197  66.145299     3.414     3.227 20 55281.12552170 13.465
  64  65.741954  66.145483     3.330     3.096 20 55291.04115867 13.708
  65  65.742333  66.144960     3.446     3.042 20 55300.95679312 14.683
  66  65.739029  66.144052    10.784    10.939 20 55310.87243954  4.783
  67  65.739769  66.143756     2.663     2.668 21 55320.78808515 34.968
  68  65.740831  66.144425     5.094     5.125 21 55330.70372969 40.801
  69  65.740034  66.145737     7.847     7.346 20 55340.61937397 32.839
  70  65.745007  66.146730     8.045     8.874 19 55350.53501856 30.663
  71  65.745525  66.147178     5.058     4.856 19 55360.45066063 42.436
  72  65.745543  66.147378     6.713     5.732 20 55370.36630049 30.035
  73  65.744911  66.147826     5.737     5.382 19 55380.28193881 30.716
  74  65.749400  66.148492     5.179     5.129 19 55390.19757690 29.669
  75  65.748998  66.148482     4.971     5.079 19 55400.11321343 34.195
  76  65.744181  66.147206     4.704     4.946 19 55410.02886070 35.133
  77  65.742491  66.145171     4.645     4.763 20 55419.94451087 35.142
  78  65.738368  66.143797     4.454     4.453 21 55429.86015760 38.975
  79  65.738862  66.144094     4.343     4.360 21 55439.77580225 32.196
  80  65.743827  66.145305     4.225     4.301 20 55449.69144585 32.586
  81  65.743694  66.145913     2.932     2.622 20 55459.60708857 47.353
  82  65.743974  66.145345     4.091     4.262 20 55469.52273043 33.613
  83  65.740755  66.144106     2.920     2.793 21 55479.43836880 42.748
  84  65.739256  66.143394     3.838     3.940 20 55489.35400456 28.622
  85  65.739881  66.143834     2.916     2.012 21 55499.26963826 29.184
  86  65.740814  66.145284     1.973     1.919 20 55509.18527848 46.951
  87  65.745943  66.146494     2.449     2.445 20 55519.10092898 35.430
  88  65.745635  66.147055     1.471     1.529 20 55529.01657806 27.587
  89  65.745883  66.147004     1.271     1.313 19 55538.93222538 22.526
  90  65.746296  66.147087     1.476     1.543 20 55548.84787046 20.895
  91  65.747527  66.147772     1.624     1.673 20 55558.76351389 20.932
  92  65.748051  66.148716     1.715     1.681 20 55568.67915638 17.772
  93  65.749263  66.148589     2.322     2.175 19 55578.59479806 18.954
  94  65.745245  66.146806     1.706     1.639 19 55588.51043689 17.809
  95  65.740875  66.144305     1.759     1.735 20 55598.42607264 17.985
  96  65.737394  66.143006     1.686     1.545 21 55608.34170590 18.209
  97  65.739893  66.143686     1.796     1.715 20 55618.25733786 13.275
  98  65.739906  66.145675     1.657     1.583 20 55628.17298462 12.684
  99  65.742995  66.146530     2.144     2.003 19 55638.08863619 12.624
 100  65.742806  66.145582     1.807     1.726 20 55648.00428536 12.308
 101  65.738584  66.143607     4.154     4.447 21 55657.91993120 13.910
 102  65.737006  66.142737     1.905     2.088 21 55667.83557319 17.881
 103  65.740295  66.143865     3.313     3.302 20 55677.75121299 38.758
 104  65.741583  66.146044     4.826     4.843 20 55687.66685068 38.447
 105  65.746219  66.147616     8.009     8.848 20 55697.58248740 31.341
 106  65.746247  66.147635     6.198     6.181 19 55707.49812261 46.476
 107  65.744359  66.146855     6.983     5.969 20 55717.41377368 35.638
 108  65.744540  66.146691     7.999     8.827 20 55727.32942221 31.033
 109  65.746117  66.147547     5.497     5.458 19 55737.24506922 53.219
 110  65.748420  66.148604     4.777     4.753 19 55747.16071505 31.840
 111  65.749146  66.148440     4.335     4.278 19 55757.07635864 30.837
 112  65.744537  66.146565     4.100     4.070 20 55766.99199914 32.457
 113  65.740069  66.144018     4.268     4.154 21 55776.90763665 33.568
 114  65.737162  66.142638     4.125     4.176 20 55786.82327161 31.371
 115  65.738437  66.143694     4.096     4.134 20 55796.73890527 30.210
 116  65.742974  66.145687     3.902     4.004 20 55806.65454739 31.947
 117  65.743222  66.146847     2.371     2.052 20 55816.57019647 43.469
 118  65.742800  66.145760     4.072     4.158 20 55826.48584230 32.225
 119  65.740622  66.143876     3.617     3.509 21 55836.40148356 40.414
 120  65.737825  66.142697     3.657     3.402 21 55846.31712149 39.408
 121  65.738225  66.143948     4.101     4.183 20 55856.23275716 37.459
 122  65.741804  66.146347     2.025     1.613 20 55866.14839998 41.816
 123  65.748277  66.148264     1.503     1.570 20 55876.06405315 37.552
 133  65.739179  66.143651     1.186     1.079 21 55975.22048482 17.456
 134  65.743812  66.145830     1.311     1.130 20 55985.13612154 17.846
 135  65.745392  66.146974     1.040     0.888 20 55995.05175595 17.321
 136  65.743495  66.145981     1.684     1.548 20 56004.96740791 17.439
 137  65.737481  66.143865     1.511     1.288 20 56014.88305561 17.663
 139  65.738318  66.144466     4.552     4.346 20 56034.71434402 11.274
 141  65.746442  66.148648     4.073     4.086 19 56054.54562416 28.266
 142  65.747812  66.148655     5.596     5.732 19 56064.46125890 36.168
 143  65.746491  66.147549     7.444     8.372 19 56074.37690259 30.999
 144  65.745363  66.146990     4.879     5.024 20 56084.29255216 32.860
 145  65.745377  66.147137     4.541     4.694 19 56094.20819947 32.714
 146  65.747429  66.147674     4.269     4.330 19 56104.12384482 35.654
 147  65.744519  66.147213     4.333     4.549 20 56114.03947522 30.668
 148  65.743364  66.146030     3.427     3.320 20 56123.95511357 41.706
 149  65.741009  66.144259     4.086     4.058 20 56133.87074784 29.522
 150  65.739692  66.143452     4.009     4.077 20 56143.78638699 30.619
 151  65.740259  66.144048     4.071     4.080 21 56153.70203745 29.119
 152  65.744552  66.145543     3.128     2.549 20 56163.61768694 30.739
 153  65.744710  66.146486     3.179     2.717 20 56173.53333399 28.299
 154  65.743216  66.146079     1.525     1.468 19 56183.44897582 45.837
 155  65.740288  66.144736     3.362     3.163 20 56193.36461377 31.231
 156  65.737691  66.144018     3.902     4.148 20 56203.28024899 34.179
 157  65.739899  66.145029     3.318     3.113 20 56213.19588300 38.451
 158  65.744857  66.147166     1.796     1.597 19 56223.11151623 47.425
 159  65.747029  66.148740     1.574     1.379 20 56233.02717270 43.128
 160  65.749377  66.148855     1.071     1.099 20 56242.94282515 38.638
 161  65.747669  66.147968     0.886     0.967 20 56252.85847267 32.529
 162  65.746839  66.147267     1.160     1.239 19 56262.77411577 28.856
 164  65.746621  66.147245     1.159     1.261 19 56282.60539939 19.445
 165  65.745099  66.146743     1.138     1.179 20 56292.52105111 18.815
 166  65.739233  66.145389     1.042     1.139 20 56302.43669797 19.448
 167  65.739261  66.144177     1.007     1.063 21 56312.35234117 18.278
 168  65.738450  66.144042     0.966     1.023 20 56322.26798213 18.418
 169  65.742273  66.145024     0.877     0.947 20 56332.18362296 18.240
 170  65.742297  66.145910     0.914     0.975 19 56342.09926300 16.158
 171  65.741961  66.146096     0.946     0.887 20 56352.01490070 15.253
 172  65.740079  66.145383     0.871     0.848 20 56361.93054091 15.552
 173  65.740450  66.144812     0.826     0.750 20 56371.84619028 14.810
 174  65.741283  66.145224     1.209     0.923 20 56381.76183703 13.894
 175  65.744428  66.146660     1.329     1.213 20 56391.67748186 14.541
 176  65.745715  66.147924     5.707     5.298 19 56401.59312489  7.383
 177  65.747414  66.148501     3.683     3.611 19 56411.50876521 10.540
 178  65.746615  66.148221     3.069     2.720 19 56421.42440035 36.654
 179  65.748029  66.147855     5.617     5.644 19 56431.34003978 40.297
 180  65.746883  66.147769     8.679     8.763 20 56441.25569251 31.786
 181  65.745100  66.147746     5.224     5.588 19 56451.17134269 35.185
 182  65.746627  66.147159     5.010     5.537 20 56461.08699084 37.926
 183  65.744469  66.145874     5.216     5.299 20 56471.00263535 33.926
 184  65.741034  66.144709     4.936     5.234 21 56480.91827612 34.367
 185  65.741862  66.144359     5.009     5.226 20 56490.83391339 30.388
 187  65.741103  66.145769     4.656     4.970 20 56510.66518123 37.531
 188  65.745596  66.146130     4.565     4.675 20 56520.58082553 36.100
 189  65.742422  66.145796     4.105     4.147 20 56530.49647857 35.118
 191  65.739080  66.145139     3.545     3.761 20 56550.32777284 30.949
 192  65.743843  66.146184     3.580     3.406 19 56560.24341611 24.677
 193  65.744817  66.147652     4.032     4.175 19 56570.15905801 33.790
 194  65.747757  66.148834     1.817     1.662 19 56580.07469872 37.280
 195  65.748709  66.148683     1.982     1.890 19 56589.99033526 48.058
 196  65.748522  66.147804     1.944     1.977 19 56599.90598134 36.609
 197  65.747320  66.147165     2.351     2.353 19 56609.82163173 31.087
 198  65.747273  66.147624     2.459     2.497 20 56619.73727742 30.226
 199  65.746831  66.148132     2.075     2.109 19 56629.65291991 25.206
 200  65.747274  66.147573     1.607     1.661 19 56639.56855919 22.798
 201  65.743099  66.145699     1.506     1.550 20 56649.48420420 19.701
 202  65.738282  66.143863     2.080     1.956 21 56659.39985487 17.741
 203  65.737519  66.143642     1.874     1.704 21 56669.31550208 17.289
 205  65.746141  66.146984     2.262     1.993 19 56689.14679120 15.166
 206  65.745415  66.147093     2.288     1.964 20 56699.06243181 14.760
 207  65.740055  66.145750     2.342     2.111 20 56708.97806735 14.102
 208  65.740930  66.144658     2.915     2.873 20 56718.89370679 14.670
 209  65.739182  66.145086     3.601     3.293 20 56728.80935908 14.576
 211  65.750605  66.149137     4.470     4.497 19 56748.64065331 13.877
 212  65.751193  66.149639     4.682     4.635 20 56758.55629342 12.849
 213  65.747626  66.148644     1.666     1.686 20 56768.47192703 15.514
 214  65.746838  66.147263     2.065     2.065 19 56778.38757416 23.199
 215  65.744745  66.146867     3.739     3.723 20 56788.30322985 36.368
 216  65.744546  66.147458     6.712     6.670 19 56798.21888223 53.471
 217  65.749161  66.148269     8.446     8.781 19 56808.13452932 27.906
 219  65.742689  66.145895     7.068     6.278 20 56827.96580682 36.078
 220  65.737786  66.143858     7.981     8.562 20 56837.88144040 33.563
 221  65.738088  66.143653     6.011     6.037 20 56847.79707163 32.240
 222  65.742147  66.145210     5.836     5.979 20 56857.71272475 32.569
 223  65.745874  66.147212     5.635     5.716 20 56867.62837852 37.932
 224  65.746523  66.147618     5.597     5.690 20 56877.54403030 34.052
 225  65.745772  66.146565     5.022     5.089 20 56887.45967876 32.681
 226  65.743776  66.145111     4.122     3.894 20 56897.37532440 33.036
 227  65.741299  66.145321     4.019     3.816 20 56907.29096729 30.876
 228  65.744690  66.147323     4.226     4.041 19 56917.20660860 31.032
 229  65.748538  66.149571     4.421     4.555 20 56927.12224800 31.589
 230  65.751376  66.150295     4.009     3.857 19 56937.03788359 34.062
 231  65.748663  66.148981     3.495     3.584 19 56946.95351376 31.636
 232  65.745573  66.146961     2.863     2.871 20 56956.86916763 40.044
 233  65.741798  66.146006     2.489     2.382 20 56966.78481592 20.437
 234  65.744824  66.146824     2.276     2.150 19 56976.70046066 22.699
 235  65.746260  66.148037     2.553     2.424 19 56986.61610076 19.553
 236  65.744916  66.147808     2.756     2.727 19 56996.53173482 17.737
 237  65.742525  66.145901     2.941     2.870 20 57006.44737927 17.640
 238  65.738766  66.143805     2.805     2.733 20 57016.36303323 18.008
 239  65.738691  66.143482     2.629     2.419 20 57026.27868368 15.918
 240  65.743128  66.145384     2.111     2.063 20 57036.19433258 14.337
 241  65.744188  66.147346     1.988     1.877 19 57046.10997858 13.882
 242  65.748974  66.147943     2.387     2.391 19 57056.02562152 12.889
 243  65.743526  66.146630     2.536     2.681 20 57065.94125834 13.042
 244  65.742765  66.145616     2.574     2.490 20 57075.85689107 13.348
 245  65.744132  66.145874     3.261     2.894 20 57085.77252093 12.609
 246  65.747945  66.147891     3.165     3.240 20 57095.68817806 12.798
 247  65.749612  66.149762    11.761    11.592 19 57105.60383452 11.493
 248  65.749252  66.150230    11.998    11.774 20 57115.51948625 11.037
 249  65.747472  66.148864    10.433    10.326 19 57125.43513160  4.350
 250  65.744783  66.147085     8.073     8.421 19 57135.35077157 10.620
