# NaN NaN NaN ;Mean Elev.(m), Avg Gradient(m/km), RMS Gradient(m/km) - SRTM1     
#   18.845  -0.660   2.517 ;Mean Elev.(m), Avg Gradient(m/km), RMS Gradient(m/km) - ASTER GDEM
#   21.551   0.191   2.044 ;Mean Elev.(m), Avg Gradient(m/km), RMS Gradient(m/km) - GMTED2010 
   1  67.519565  61.834064    21.153    21.196  4 54662.29240395 44.762
   2  67.518695  61.835069    20.679    21.037  4 54672.20804914 27.337
   3  67.515079  61.835586   -17.760   -17.756  5 54682.12369250  6.773
   4  67.514602  61.835728    20.730    20.852  4 54692.03933486 29.156
   5  67.517152  61.834947   -12.883   -12.845  5 54701.95497497  7.784
   6  67.519418  61.833671    16.487    16.757  5 54711.87062278 37.949
   7  67.519122  61.832629    -4.186    -4.124  4 54721.78627363  8.879
   8  67.519834  61.833138    14.935    14.841  5 54731.70192225 40.375
   9  67.519226  61.834510    14.976    14.991  4 54741.61756931 47.164
  10  67.515735  61.834434    19.136    20.355  4 54751.53321588 26.591
  11  67.516373  61.834498    16.398    16.622  5 54761.44886266 32.469
  12  67.517940  61.833506    16.864    15.542  4 54771.36450699 31.764
  13  67.521435  61.833173    15.286    15.166  5 54781.28014843 45.684
  14  67.522876  61.832895    15.111    15.128  4 54791.19578705 41.817
  17  67.519617  61.833437    17.150    17.174  4 54820.94270172 29.501
  18  67.518696  61.833636    16.713    16.714  4 54830.85835377 23.438
  19  67.516864  61.834192    16.300    16.292  5 54840.77399232 20.745
  20  67.514740  61.835719    15.884    15.901  4 54850.68964127 18.776
  21  67.510778  61.836837    15.477    15.561  5 54860.60528964 16.355
  22  67.511366  61.838095    17.597    18.099  4 54870.52093858 13.136
  23  67.512503  61.836970    18.666    18.836  5 54880.43658597 12.654
  24  67.515089  61.834630    16.868    16.615  4 54890.35223012 14.194
  25  67.519498  61.833706    17.666    18.371  4 54900.26787152 14.163
  26  67.518580  61.833866    17.023    18.066  5 54910.18351042 14.166
  27  67.516337  61.834843    14.002    14.000  4 54920.09914800 15.791
  28  67.515664  61.834984    14.259    14.233  4 54930.01478517 11.094
  29  67.520019  61.834043    14.621    14.577  4 54939.93042159 23.542
  30  67.521938  61.831368    18.623    18.591  4 54949.84605596 38.696
  31  67.525267  61.830620    20.385    20.397  3 54959.76169484 45.330
  32  67.524118  61.831815    20.593    20.563  3 54969.67734344 33.447
  33  67.522231  61.833632    25.917    21.321  4 54979.59299094 29.485
  34  67.518043  61.834179    48.592    40.931  4 54989.50863795 15.194
  35  67.517404  61.834326    20.632    20.627  4 54999.42428527 51.876
  36  67.516642  61.834129    20.823    20.872  4 55009.33993073 30.775
  37  67.517135  61.834433    20.004    20.027  4 55019.25557460 41.709
  38  67.515963  61.835473    20.572    20.622  5 55029.17121704 28.447
  39  67.512925  61.836097    19.698    19.253  5 55039.08685863 43.934
  40  67.513882  61.836432    19.582    19.957  5 55049.00249926 32.318
  41  67.515823  61.834524    20.843    20.822  4 55058.91813763 22.914
  42  67.521119  61.832650    17.672    16.599  4 55068.83377705 31.773
  43  67.523195  61.831799    16.390    16.395  4 55078.74942693 38.087
  44  67.521814  61.832575    15.884    15.842  4 55088.66507457 43.099
  45  67.518446  61.834280    15.921    15.870  4 55098.58072079 39.816
  46  67.516272  61.835489    16.101    15.026  5 55108.49636659 34.123
  47  67.517782  61.835044    14.908    14.815  4 55118.41201151 37.215
  48  67.520638  61.833139    19.400    20.421  5 55128.32765400 25.471
  49  67.524490  61.832222    15.179    14.926  4 55138.24329453 49.523
  50  67.523230  61.832223    14.654    14.627  5 55148.15893306 37.775
  51  67.520505  61.833504    15.252    15.230  4 55158.07457097 33.418
  52  67.517897  61.834248    15.529    15.557  4 55167.99020861 28.469
  53  67.518686  61.834280    15.519    15.576  4 55177.90584579 28.014
  54  67.519945  61.833720    18.255    18.954  5 55187.82149024 17.291
  55  67.518932  61.834096    19.050    19.091  4 55197.73714097 17.256
  56  67.517096  61.835614    19.149    19.096  4 55207.65279076 14.803
  57  67.511708  61.836244    19.454    19.509  4 55217.56843963 13.451
  58  67.511430  61.836780    19.016    19.116  5 55227.48408830 13.735
  59  67.514418  61.835896    18.866    18.755  4 55237.39973428 13.843
  60  67.518020  61.833782    19.224    19.225  5 55247.31537668 12.345
  61  67.521348  61.832782    19.511    19.447  4 55257.23101661 12.006
  62  67.521919  61.833469    18.971    19.184  4 55267.14665548 12.174
  63  67.518840  61.834530    18.802    18.939  4 55277.06229344 12.892
  64  67.515826  61.834174    17.319    16.985  4 55286.97793009 12.168
  65  67.521018  61.833748    14.788    13.560  4 55296.89356522 13.214
  66  67.524903  61.832168    13.695    13.628  3 55306.80920624 37.185
  67  67.524540  61.831146    17.252    16.417  5 55316.72485270 41.759
  68  67.523543  61.832145    18.398    18.290  4 55326.64049817 51.482
  69  67.518148  61.833141    21.145    21.392  4 55336.55614228 28.504
  70  67.515183  61.834304    20.670    20.685  4 55346.47178619 31.861
  71  67.514827  61.834591    20.837    20.920  4 55356.38742889 35.454
  72  67.515673  61.834338    20.953    20.957  4 55366.30306960 37.839
  73  67.516754  61.834043    21.021    21.030  4 55376.21870881 39.230
  74  67.518201  61.834551    21.031    21.000  5 55386.13434713 37.756
  75  67.516199  61.834188    20.953    20.956  4 55396.04998411 34.577
  76  67.517080  61.834107    20.859    20.858  5 55405.96562516 47.033
  77  67.518615  61.833886    20.407    20.368  4 55415.88127650 27.032
  78  67.521715  61.833041    19.689    19.847  5 55425.79692466 28.379
  79  67.523216  61.832299    17.178    17.039  5 55435.71257007 36.378
  80  67.522548  61.832810    20.302    20.275  4 55445.62821417 23.143
  81  67.517876  61.833295    20.258    20.148  4 55455.54385718 26.614
  82  67.517085  61.834370    15.510    15.519  4 55465.45949991 46.235
  83  67.517258  61.833364    15.266    15.250  4 55475.37513954 44.588
  84  67.522176  61.832193    20.354    20.336  5 55485.29077649 28.499
  85  67.526956  61.831492    20.075    20.097  4 55495.20641131 28.322
  86  67.525956  61.831413    20.210    20.169  3 55505.12204487 30.367
  87  67.520337  61.832807    16.149    14.794  4 55515.03769496 38.529
  88  67.518757  61.834837    14.443    14.437  4 55524.95334459 34.785
  89  67.515821  61.835000    15.039    15.030  5 55534.86899196 33.598
  90  67.514689  61.834588    15.249    15.215  4 55544.78463748 22.899
  91  67.515920  61.835100    15.210    15.200  4 55554.70028148 21.903
  92  67.514632  61.835408    14.878    14.893  5 55564.61592431 18.722
  93  67.515300  61.835613    14.773    14.795  5 55574.53156675 16.884
  94  67.515355  61.834252    14.429    14.419  4 55584.44720744 18.245
  95  67.518997  61.832964    14.372    14.399  4 55594.36284506 17.143
  96  67.523792  61.832144    14.446    14.437  5 55604.27847950 15.012
  97  67.525967  61.831613    14.713    13.896  3 55614.19411157 14.444
  98  67.525174  61.831773    14.054    13.896  4 55624.10974972 14.300
  99  67.522590  61.832862    13.969    13.908  4 55634.02540210 14.071
 100  67.520362  61.832956    13.702    13.696  4 55643.94105215 14.052
 101  67.521010  61.832872    14.888    15.091  4 55653.85669960 15.997
 102  67.523040  61.832505    13.971    13.918  4 55663.77234272 42.576
 103  67.523106  61.832375    16.367    16.416  5 55673.68798279 44.869
 104  67.520069  61.832256    20.476    20.519  4 55683.60362113 30.322
 105  67.520103  61.833302    25.765    20.985  4 55693.51925859 29.881
 106  67.518921  61.833370    20.619    20.510  4 55703.43489436 32.667
 107  67.519599  61.834019    25.571    20.635  4 55713.35053935 31.200
 108  67.517548  61.834255    20.524    20.545  5 55723.26618849 32.407
 109  67.516406  61.834875    20.579    20.563  5 55733.18183573 29.160
 110  67.515291  61.835207    20.179    20.212  4 55743.09748162 29.179
 111  67.514616  61.834762    25.144    20.369  4 55753.01312606 28.360
 112  67.517665  61.833895    17.517    17.633  5 55762.92876851 39.065
 113  67.522733  61.833221    19.746    20.036  4 55772.84440836 16.667
 114  67.524655  61.832111    17.189    16.356  4 55782.76004443 25.448
 115  67.523563  61.831592    20.114    19.999  3 55792.67567781 23.324
 116  67.522859  61.831768    15.628    15.680  5 55802.59131222 37.470
 117  67.521480  61.832684    16.709    15.614  5 55812.50696228 22.344
 118  67.521424  61.832532    15.503    15.508  5 55822.42261067 36.834
 119  67.524174  61.832204    19.912    19.978  4 55832.33825449 24.070
 120  67.524913  61.831463    17.124    16.860  5 55842.25389360 31.590
 121  67.525249  61.831798    14.840    14.853  4 55852.16952966 34.465
 122  67.523911  61.832652    14.897    14.740  4 55862.08516357 34.146
 123  67.518670  61.833735    14.622    14.621  4 55872.00081767 39.199
 133  67.522412  61.833069    14.108    14.067  4 55971.15725690 15.096
 134  67.519092  61.833259    13.614    13.600  4 55981.07289265 15.233
 135  67.521243  61.833036    14.823    14.956  4 55990.98852763 15.751
 136  67.522681  61.832274    13.446    13.375  4 56000.90417301 22.108
 137  67.525066  61.832071    13.281    13.308  4 56010.81982344 19.264
 138  67.522683  61.831773    13.178    13.139  4 56020.73546958 20.051
 139  67.520060  61.832918    15.365    14.145  5 56030.65111299 34.363
 141  67.516308  61.834935    25.801    21.102  4 56050.48239391 25.612
 142  67.516632  61.834288    30.870    30.786  4 56060.39803063 25.731
 143  67.519791  61.833365    20.462    20.440  4 56070.31366753 28.802
 144  67.518793  61.833755    19.839    19.952  4 56080.22931836 37.180
 145  67.516754  61.834693    28.812    30.856  5 56090.14496640 24.385
 146  67.514931  61.835545    17.824    17.046  5 56100.06061196 37.100
 147  67.515009  61.834969    16.259    16.255  5 56109.97624343 41.663
 148  67.519584  61.833491    15.507    15.496  4 56119.89188370 36.760
 149  67.523071  61.831066    14.414    14.421  4 56129.80752011 31.625
 150  67.526249  61.830367    14.358    14.371  5 56139.72315360 45.395
 151  67.521316  61.831625    14.301    14.284  4 56149.63880341 37.684
 152  67.518127  61.833624    14.215    14.135  4 56159.55445253 38.117
 153  67.518730  61.834665    13.992    13.959  4 56169.47010053 43.463
 154  67.521425  61.833737    14.332    14.329  4 56179.38574507 32.228
 155  67.522697  61.831893    16.399    16.885  5 56189.30138514 30.734
 156  67.523960  61.831586    18.717    19.976  5 56199.21702218 31.154
 157  67.521769  61.832355    14.330    14.318  4 56209.13265630 32.896
 158  67.518604  61.833251    14.406    14.401  4 56219.04828852 35.716
 159  67.517330  61.834686    14.778    14.034  5 56228.96393562 28.704
 160  67.515933  61.834374    13.687    13.631  4 56238.87958915 40.480
 161  67.517680  61.834311    14.431    14.383  4 56248.79523916 36.350
 162  67.517970  61.833941    14.432    14.353  5 56258.71088414 33.325
 163  67.516788  61.834439    14.322    14.336  5 56268.62652618 20.504
 164  67.517000  61.835163    14.252    14.250  4 56278.54216670 19.196
 165  67.516167  61.835290    13.956    13.971  4 56288.45781626 19.047
 166  67.518657  61.834154    13.705    13.738  4 56298.37346527 18.770
 167  67.522893  61.833045    13.657    13.599  4 56308.28911048 17.783
 168  67.521282  61.831670    14.683    13.365  4 56318.20475248 15.651
 169  67.520148  61.833037    13.122    13.131  4 56328.12039353 15.892
 170  67.518381  61.834367    12.974    13.060  5 56338.03603349 15.446
 171  67.517890  61.834217    12.874    12.916  5 56347.95167151 15.783
 172  67.521162  61.832749    13.076    12.922  4 56357.86730697 13.065
 173  67.523034  61.832133    14.321    13.050  5 56367.78295647 14.719
 175  67.518321  61.833960    13.220    12.979  5 56387.61425001 15.544
 176  67.513166  61.835164    12.906    12.866  4 56397.52989318 17.293
 177  67.512572  61.835968    14.201    14.207  4 56407.44553443 37.261
 178  67.515557  61.835495    18.288    17.271  4 56417.36117195 34.866
 179  67.519056  61.833713    21.039    21.308  4 56427.27680465 28.973
 180  67.520014  61.834186    20.675    20.642  4 56437.19245709 42.767
 181  67.518354  61.835102    20.921    20.928  4 56447.10810851 34.340
 182  67.513851  61.835203    21.008    21.077  4 56457.02375729 37.284
 183  67.514976  61.835368    21.367    21.290  5 56466.93940338 44.892
 184  67.518085  61.834315    21.405    21.415  4 56476.85504551 42.608
 185  67.521488  61.832531    21.362    21.371  4 56486.77068395 33.614
 187  67.522734  61.831979    21.081    21.116  4 56506.60195414 35.501
 188  67.521749  61.832693    20.597    20.664  5 56516.51758913 32.689
 189  67.520386  61.833847    16.829    16.754  4 56526.43324379 37.715
 190  67.518799  61.833067    25.733    20.916  4 56536.34889404 27.415
 192  67.521494  61.833489    16.120    16.070  4 56556.18018488 41.541
 193  67.519051  61.834502    18.991    20.033  4 56566.09582745 28.044
 194  67.515833  61.835521    17.927    17.539  5 56576.01146856 33.944
 195  67.514619  61.835476    14.683    14.746  5 56585.92710648 36.247
 196  67.515484  61.834356    14.982    14.737  4 56595.84274435 41.957
 197  67.517382  61.834603    15.217    15.196  5 56605.75839690 45.365
 198  67.518217  61.834615    16.179    15.968  4 56615.67404454 44.314
 199  67.518261  61.834750    16.945    16.910  4 56625.58968856 39.525
 200  67.518302  61.834716    17.003    16.989  4 56635.50532984 33.639
 201  67.518897  61.833886    17.459    17.436  4 56645.42096871 29.382
 202  67.520991  61.834119    17.378    17.367  4 56655.33662159 27.254
 203  67.520876  61.833130    16.989    16.973  5 56665.25226980 29.021
 205  67.520742  61.834025    19.532    19.638  4 56685.08355991 17.517
 206  67.519248  61.834587    18.032    17.949  4 56694.99920221 17.606
 207  67.519986  61.834431    17.989    17.989  4 56704.91484015 16.545
 208  67.522101  61.833244    19.618    19.726  4 56714.83047268 16.351
 211  67.515175  61.835527    21.125    21.189  5 56744.57742059 10.381
 212  67.514264  61.836367    21.653    21.652  5 56754.49306304 15.080
 213  67.514174  61.835506    15.562    15.492  5 56764.40869985 26.509
 214  67.516577  61.834467    16.937    16.761  5 56774.32433613 18.547
 215  67.515177  61.834797    19.871    19.735  4 56784.23999314 41.950
 216  67.513812  61.835438    21.076    21.070  4 56794.15564649 40.620
 217  67.512921  61.835977    21.395    21.357  5 56804.07129646 40.568
 218  67.514583  61.835613    21.633    21.589  5 56813.98693915 38.520
 219  67.517814  61.834716    21.748    21.749  4 56823.90257844 35.983
 220  67.519116  61.833008    36.862    40.426  4 56833.81821343 22.614
 221  67.521966  61.832290    21.767    21.720  5 56843.73384530 47.003
 222  67.520702  61.832445    21.413    21.425  4 56853.64948786 33.513
 223  67.519805  61.833918    21.240    21.236  4 56863.56514194 44.013
 224  67.516121  61.833942    20.546    20.429  4 56873.48079504 34.399
 225  67.516735  61.834387    18.729    18.762  5 56883.39644542 45.920
 226  67.515709  61.834083    25.824    20.922  4 56893.31209216 29.002
 227  67.515559  61.834593    25.817    21.089  4 56903.22773586 28.479
 228  67.513875  61.835683    24.949    20.946  5 56913.14337746 31.692
 229  67.512468  61.836263    16.723    16.624  5 56923.05901730 50.658
 230  67.513386  61.836247    24.265    21.130  4 56932.97465486 26.983
 231  67.514782  61.834619    17.134    16.307  4 56942.89028700 30.571
 232  67.516294  61.833833    16.198    16.177  4 56952.80593192 44.100
 233  67.516159  61.834075    17.219    17.183  4 56962.72158254 33.504
 234  67.516213  61.834982    17.805    17.851  4 56972.63722847 28.106
 235  67.516064  61.835176    18.786    18.822  5 56982.55287012 21.142
 236  67.518639  61.834436    18.862    18.916  5 56992.46850736 18.438
 237  67.523471  61.832863    18.435    18.434  4 57002.38414216 17.750
 238  67.522031  61.832256    17.738    17.742  4 57012.29979915 18.371
 239  67.521170  61.832691    16.956    16.957  4 57022.21545058 17.556
 240  67.518073  61.833784    16.526    16.452  5 57032.13109905 15.196
 241  67.517622  61.835083    16.263    16.168  4 57042.04674564 13.331
 242  67.517228  61.835000    16.974    16.751  4 57051.96238991 12.806
 243  67.518024  61.833575    18.080    18.224  4 57061.87802985 15.096
 244  67.520225  61.832721    20.224    20.066  4 57071.79366461 12.179
 245  67.521753  61.833011    15.372    15.331  5 57081.70929535 15.776
 246  67.518255  61.834429    20.161    20.070  4 57091.62493944 14.321
 247  67.511806  61.835815    21.286    21.266  4 57101.54059650  9.887
 248  67.512489  61.836772    21.099    21.208  5 57111.45625081 10.577
 249  67.514204  61.835555    20.774    20.972  5 57121.37189917  6.739
 250  67.516248  61.834216    15.177    15.179  4 57131.28754186 21.879
