# NaN NaN NaN ;Mean Elev.(m), Avg Gradient(m/km), RMS Gradient(m/km) - SRTM1     
#  -13.474  -0.301   6.976 ;Mean Elev.(m), Avg Gradient(m/km), RMS Gradient(m/km) - ASTER GDEM
#    4.011   0.131   5.046 ;Mean Elev.(m), Avg Gradient(m/km), RMS Gradient(m/km) - GMTED2010 
   2  65.668341  66.099916     5.706     5.697  7 54669.32225721 29.606
   3  65.667738  66.100725   -11.544   -11.442  6 54679.23790131 16.321
   4  65.667412  66.102034     4.402     4.459  6 54689.15354427 52.535
   5  65.667826  66.102667   -10.452   -10.469  6 54699.06918519 25.314
   6  65.669014  66.101692     4.793     4.765  6 54708.98482909 36.234
   7  65.668893  66.099868     0.457     0.506  6 54718.90048057 28.750
   8  65.670336  66.098075     3.744     4.326  5 54728.81612959 33.986
   9  65.670514  66.097653     2.885     2.752  6 54738.73177696 34.001
  10  65.670311  66.098452     5.302     5.280  6 54748.64742423 31.087
  11  65.667506  66.099367     3.345     3.479  6 54758.56307098 27.771
  12  65.665941  66.099406     5.089     5.043  6 54768.47871560 33.103
  13  65.670904  66.098384     2.851     2.794  6 54778.39435743 39.301
  14  65.669904  66.097003     2.443     2.447  6 54788.30999627 35.654
  15  65.664940  66.096631     2.351     2.420  7 54798.22563372 27.639
  17  65.668894  66.099523     3.383     3.546  6 54818.05690935 14.143
  18  65.669065  66.100478     2.206     2.286  6 54827.97256008 19.709
  19  65.668063  66.100537     2.150     2.282  6 54837.88819894 17.348
  20  65.666315  66.100784     3.158     2.891  6 54847.80384807 14.021
  21  65.667578  66.101456     3.940     3.830  6 54857.71949694 14.521
  22  65.670699  66.102393     3.197     2.945  6 54867.63514608 11.787
  23  65.667931  66.102180     3.288     3.331  6 54877.55079396 11.779
  24  65.669571  66.100976     4.281     4.273  6 54887.46643920 11.387
  25  65.666658  66.099069     4.769     4.741  7 54897.38208064 12.385
  26  65.672026  66.098163     3.057     2.871  6 54907.29772023 10.751
  27  65.665526  66.098153     4.703     4.680  7 54917.21335753 11.376
  28  65.670458  66.098935     4.809     4.753  6 54927.12899574 10.892
  29  65.668065  66.099007     5.561     5.553  6 54937.04463264 10.428
  30  65.668258  66.098451     5.270     5.424  6 54946.96026795 11.151
  31  65.671470  66.097466     5.560     5.393  6 54956.87590198 10.528
  32  65.670040  66.097034     4.257     4.236  6 54966.79155043 28.391
  33  65.670155  66.097596     6.131     6.149  5 54976.70719807 49.029
  34  65.671389  66.098782     6.640     6.643  6 54986.62284584 33.376
  35  65.668332  66.099622     6.528     6.599  7 54996.53849333 32.089
  36  65.670554  66.100194     6.349     6.337  6 55006.45413963 30.887
  37  65.668616  66.100495     6.040     6.055  6 55016.36978337 28.077
  38  65.669174  66.101041     5.873     5.890  6 55026.28542592 27.930
  39  65.667761  66.101956     5.518     5.504  6 55036.20106783 32.032
  40  65.668002  66.102241     4.796     4.769  6 55046.11670901 34.449
  41  65.670403  66.101299     4.599     4.640  6 55056.03234855 28.150
  42  65.667916  66.099161     4.280     4.338  6 55065.94798530 26.761
  43  65.665809  66.097705     3.093     3.034  7 55075.86363409 41.236
  44  65.670859  66.097705     3.414     3.658  6 55085.77928237 35.402
  45  65.667689  66.098510     2.642     2.544  6 55095.69492829 37.450
  46  65.668697  66.099149     2.438     2.427  6 55105.61057435 48.021
  47  65.666498  66.098788     2.334     2.323  7 55115.52621982 39.693
  48  65.670157  66.097799     3.415     3.632  5 55125.44186343 31.126
  49  65.669288  66.096969     2.221     2.036  6 55135.35750402 40.367
  50  65.670137  66.097007     2.273     2.212  5 55145.27314266 37.486
  51  65.670720  66.098140     1.613     1.586  5 55155.18878058 34.007
  52  65.667937  66.099132     1.748     1.696  6 55165.10441843 24.974
  53  65.668213  66.099884     2.132     1.926  6 55175.02005635 20.226
  54  65.670051  66.099846     2.151     2.233  6 55184.93569676 14.803
  55  65.667093  66.100041     2.018     2.011  6 55194.85134762 13.850
  56  65.671814  66.101073     2.630     2.451  6 55204.76699791 13.399
  57  65.669777  66.102279     2.460     2.642  5 55214.68264693 13.735
  58  65.668980  66.102520     3.396     3.547  6 55224.59829554 11.946
  59  65.668938  66.101039     3.102     3.076  7 55234.51394237 12.240
  60  65.670731  66.098592     3.287     2.940  5 55244.42958609 11.422
  61  65.665663  66.096738     3.565     3.571  7 55254.34522622 10.997
  62  65.671838  66.097276     3.762     3.798  6 55264.26086557 11.361
  63  65.669578  66.099008     3.850     3.825  5 55274.17650325 12.318
  64  65.667298  66.099872     4.321     4.463  6 55284.09214036 12.156
  65  65.668753  66.098891     4.885     4.884  6 55294.00777628 12.332
  66  65.665275  66.096824     5.000     4.989  7 55303.92341335 13.154
  67  65.665219  66.095790     2.246     1.949  7 55313.83906078 17.907
  68  65.670691  66.096891     3.394     3.386  6 55323.75470673 32.435
  69  65.670546  66.098868     6.101     6.079  6 55333.67035090 51.063
  70  65.669776  66.100320     6.581     6.597  6 55343.58599485 52.961
  71  65.666323  66.100256     5.867     5.884  6 55353.50163805 31.982
  72  65.669367  66.099881     5.612     5.638  6 55363.41727972 31.074
  73  65.667713  66.099850     5.659     5.574  6 55373.33291915 35.905
  74  65.668870  66.100838     5.586     5.608  6 55383.24855755 32.161
  75  65.667863  66.101861     5.395     5.384  6 55393.16419497 29.784
  76  65.672156  66.102061     5.119     5.073  6 55403.07983154 31.448
  77  65.668318  66.100348     5.237     5.246  6 55412.99548311 49.061
  78  65.670185  66.097910     5.024     4.934  6 55422.91113235 33.924
  79  65.668768  66.096174     4.502     4.428  6 55432.82677864 44.789
  80  65.665162  66.096767     3.413     3.384  7 55442.74242293 49.790
  81  65.667907  66.098623     2.569     2.616  6 55452.65806634 36.546
  82  65.669025  66.100026     2.622     2.531  6 55462.57370881 40.661
  83  65.668966  66.099173     3.855     3.711  6 55472.48934928 36.484
  84  65.671203  66.097222     3.679     3.687  6 55482.40498711 32.311
  85  65.662717  66.095450     2.678     2.576  6 55492.32062176 45.793
  86  65.669244  66.096379     2.207     2.222  5 55502.23625615 46.117
  87  65.669383  66.098725     2.799     2.844  5 55512.15190153 40.502
  88  65.666473  66.100654     2.294     2.314  6 55522.06755087 29.827
  89  65.671617  66.101238     1.613     1.639  6 55531.98319960 22.969
  90  65.666900  66.100291     1.883     1.645  6 55541.89884577 19.672
  91  65.666584  66.099733     2.163     1.996  6 55551.81449027 19.651
  92  65.665940  66.100414     2.121     1.952  6 55561.73013336 18.782
  93  65.668283  66.101714     2.736     2.901  6 55571.64577600 16.382
  94  65.667817  66.101861     3.539     3.727  6 55581.56141722 17.558
  95  65.669063  66.100077     2.943     2.880  6 55591.47705540 17.667
  96  65.670265  66.097387     2.823     2.947  5 55601.39269034 16.373
  97  65.671625  66.095782     2.927     3.110  6 55611.30832314 16.588
  98  65.669636  66.096435     4.271     4.712  5 55621.22395539 11.183
  99  65.670068  66.098699     3.974     4.043  5 55631.13960832 11.579
 100  65.666496  66.099851     4.284     4.392  6 55641.05525880 11.527
 101  65.667283  66.099067     2.897     2.939  6 55650.97090697 10.634
 102  65.669134  66.096942     6.394     6.324  6 55660.88655151 14.810
 103  65.671752  66.095931     2.327     2.323  6 55670.80219282 36.859
 104  65.669094  66.096850     3.771     3.789  5 55680.71783195 37.213
 105  65.668356  66.099168     5.791     5.839  6 55690.63346947 43.625
 106  65.667670  66.100906     6.640     6.649  6 55700.54910539 43.514
 107  65.667770  66.101183     5.984     5.954  6 55710.46474531 30.707
 108  65.668975  66.100521     5.890     5.946  7 55720.38039549 35.837
 109  65.667739  66.100146     5.821     5.763  6 55730.29604326 34.894
 110  65.670100  66.100493     5.501     5.475  6 55740.21169005 52.047
 111  65.668758  66.101010     5.035     5.019  6 55750.12733528 39.020
 112  65.670867  66.100898     4.478     4.527  6 55760.04297843 25.718
 113  65.668648  66.099639     3.351     3.376  6 55769.95861832 42.832
 114  65.671016  66.097681     3.671     3.720  6 55779.87425528 34.933
 115  65.669109  66.096319     2.750     2.677  6 55789.78988930 30.064
 116  65.668939  66.096630     2.708     2.598  6 55799.70552233 35.575
 117  65.670541  66.098207     2.416     2.368  6 55809.62116969 37.635
 118  65.667142  66.099394     2.636     2.697  6 55819.53681832 31.661
 119  65.668578  66.099088     2.777     2.761  6 55829.45246290 49.291
 120  65.670047  66.097527     3.545     3.809  6 55839.36810301 29.158
 121  65.671577  66.096360     2.549     2.605  6 55849.28374008 38.464
 122  65.664076  66.096951     2.771     2.494  6 55859.19937431 34.808
 123  65.666882  66.099249     2.006     1.953  7 55869.11502347 37.954
 133  65.670555  66.097051     2.738     2.699  6 55968.27146652 15.759
 134  65.669721  66.097812     2.459     2.704  5 55978.18710313 15.560
 135  65.667883  66.098562     2.528     2.476  6 55988.10273899 16.206
 136  65.669167  66.098755     2.664     3.096  5 55998.01837932 15.541
 137  65.668084  66.098196     2.769     2.877  6 56007.93403040 15.961
 138  65.665949  66.097391     4.950     4.964  7 56017.84967718 16.547
 139  65.669316  66.097627     5.031     5.007  5 56027.76532157 14.292
 141  65.669021  66.100034     2.612     2.661  6 56047.59660449 21.187
 142  65.668248  66.100979     4.725     4.701  6 56057.51224214 42.886
 143  65.667110  66.101032     5.981     6.041  6 56067.42787540 32.882
 144  65.667210  66.100884     5.470     5.454  6 56077.34352484 37.342
 145  65.668737  66.100946     4.997     5.030  6 56087.25917381 42.733
 146  65.671410  66.101080     4.758     4.646  6 56097.17482042 26.933
 147  65.670272  66.100564     4.227     4.184  6 56107.09046450 51.369
 148  65.666450  66.099210     3.294     3.144  6 56117.00609392 31.122
 149  65.665825  66.097874     2.577     2.571  7 56126.92173152 39.728
 150  65.664350  66.096975     2.915     3.030  6 56136.83736522 30.603
 151  65.664863  66.097408     2.925     2.769  7 56146.75300972 34.090
 152  65.672068  66.098550     2.114     1.994  6 56156.66865981 43.103
 153  65.667951  66.099073     1.985     1.991  6 56166.58430793 46.925
 154  65.668977  66.098769     2.212     1.889  5 56176.49995412 31.670
 155  65.670392  66.098046     2.371     2.316  5 56186.41559543 34.294
 156  65.669682  66.097496     3.378     3.158  5 56196.33123281 26.544
 157  65.670428  66.098173     2.201     2.181  6 56206.24686734 44.042
 158  65.666439  66.099551     2.247     2.198  6 56216.16249995 49.830
 159  65.671728  66.101065     3.664     3.820  6 56226.07814071 30.252
 160  65.672225  66.101360     1.860     1.829  6 56235.99379593 40.926
 161  65.669889  66.100843     1.163     1.194  6 56245.90944701 34.515
 162  65.668558  66.100491     1.234     1.327  7 56255.82509308 31.212
 163  65.668949  66.100971     1.337     1.352  6 56265.74073549 25.649
 164  65.667550  66.101405     1.185     1.187  6 56275.65637605 23.156
 165  65.668686  66.100860     1.540     1.334  6 56285.57202217 17.689
 166  65.667247  66.098999     1.287     1.313  7 56295.48767243 18.505
 167  65.671168  66.097137     1.132     1.111  6 56305.40331904 16.552
 168  65.671926  66.096771     1.264     1.247  6 56315.31896189 16.922
 169  65.671007  66.098168     1.191     1.120  6 56325.23460273 16.664
 170  65.667631  66.099666     1.003     1.033  6 56335.15024249 16.782
 171  65.668503  66.099804     1.372     1.142  7 56345.06588163 13.799
 172  65.669120  66.098562     1.562     2.230  5 56354.98151838 13.922
 173  65.669288  66.097314     1.633     1.292  6 56364.89716361 13.660
 174  65.664514  66.097350     1.725     1.917  6 56374.81281202 12.488
 176  65.669090  66.101178     2.791     2.705  6 56394.64410225 11.896
 177  65.671451  66.102052     4.927     5.207  6 56404.55974438 10.393
 178  65.670749  66.101708     1.755     1.753  6 56414.47538316 34.458
 179  65.671207  66.100542     3.876     3.914  6 56424.39101715 39.894
 180  65.666077  66.100069     6.255     6.277  6 56434.30666273 34.230
 181  65.670346  66.100679     6.001     6.001  6 56444.22231526 37.123
 182  65.670063  66.101592     5.948     5.982  6 56454.13796488 35.057
 183  65.668984  66.101096     5.675     5.643  7 56464.05361158 37.779
 184  65.667526  66.099193     5.497     5.483  6 56473.96925477 43.845
 185  65.669597  66.097027     5.503     5.518  5 56483.88489487 41.287
 187  65.669210  66.097845     5.314     5.378  5 56503.71616599 40.809
 188  65.667922  66.099765     5.198     5.235  6 56513.63179877 43.329
 189  65.670908  66.100447     4.689     4.754  6 56523.54744912 32.810
 190  65.668599  66.099172     4.507     4.453  6 56533.46310075 26.063
 192  65.665148  66.097391     2.476     2.491  7 56553.29439324 33.477
 193  65.666869  66.099383     3.784     3.885  6 56563.21003617 28.496
 194  65.671196  66.101903     4.230     4.376  6 56573.12567807 31.681
 195  65.671359  66.103013     3.016     3.169  6 56583.04131737 30.096
 196  65.670515  66.101994     2.462     2.391  6 56592.95695203 43.456
 197  65.670468  66.100439     2.347     2.345  6 56602.87260370 27.312
 198  65.668576  66.099616     2.599     2.633  6 56612.78825265 28.820
 199  65.667132  66.100329     2.533     2.508  6 56622.70389741 26.173
 200  65.670611  66.101270     2.264     2.305  6 56632.61953973 23.702
 201  65.665901  66.100897     1.883     1.857  6 56642.53517684 17.801
 202  65.668518  66.099086     1.873     1.899  7 56652.45082706 18.386
 203  65.664203  66.096954     3.216     3.777  6 56662.36647621 18.083
 204  65.665426  66.096393     4.475     4.729  7 56672.28212299 15.219
 205  65.670190  66.098268     4.030     4.220  5 56682.19776849 13.619
 206  65.669883  66.100144     3.949     4.123  6 56692.11341148 13.535
 207  65.670587  66.100826     4.161     4.415  6 56702.02905059 13.348
 208  65.667540  66.099364     3.215     3.034  7 56711.94468434 12.704
 209  65.670075  66.098112     4.839     4.790  6 56721.86033015 14.184
 210  65.665869  66.097992     4.776     4.781  7 56731.77598121 13.591
 211  65.670061  66.100113     5.255     5.216  6 56741.69162941 13.178
 212  65.670698  66.102398     5.202     5.220  6 56751.60727298 12.881
 213  65.668383  66.103219     8.405     8.630  6 56761.52291114  4.371
 214  65.671291  66.102270     3.296     3.299  6 56771.43854300 14.875
 215  65.671540  66.100721     2.353     2.380  6 56781.35419834 29.231
 216  65.666509  66.099712     4.905     4.907  6 56791.26985254 38.835
 217  65.670262  66.100177     6.381     6.362  6 56801.18550454 29.756
 218  65.671812  66.101072     6.259     6.290  6 56811.10114925 30.920
 219  65.666492  66.100874     6.518     6.560  6 56821.01678877 54.644
 220  65.668506  66.099405     6.703     6.723  6 56830.93242486 53.982
 221  65.670797  66.097484     6.310     6.285  6 56840.84805767 34.007
 222  65.669166  66.096804     5.997     5.818  5 56850.76369358 28.764
 223  65.670147  66.098166     6.128     5.984  5 56860.67934813 29.827
 224  65.668981  66.100075     5.935     5.920  6 56870.59500176 29.711
 225  65.668563  66.100845     5.793     5.801  6 56880.51065271 39.560
 226  65.667891  66.100123     4.950     4.974  7 56890.42629996 39.756
 227  65.670985  66.098987     4.962     4.886  6 56900.34194470 23.939
 228  65.666368  66.099113     3.119     2.910  6 56910.25758665 35.031
 229  65.668926  66.100684     3.710     3.852  6 56920.17322763 32.065
 230  65.669561  66.102496     3.061     3.114  6 56930.08886631 48.639
 231  65.669820  66.102949     3.351     3.212  6 56940.00450013 37.089
 232  65.671834  66.102091     2.906     2.942  6 56949.92013791 37.386
 233  65.670033  66.100628     2.900     2.942  6 56959.83578987 36.207
 234  65.667753  66.099794     2.497     2.522  7 56969.75143673 29.474
 235  65.666127  66.099824     2.445     2.426  6 56979.66707975 25.540
 236  65.670676  66.100270     2.729     2.761  6 56989.58271892 23.504
 237  65.667947  66.099816     3.026     3.017  7 56999.49835113 18.143
 238  65.667904  66.098955     3.099     3.131  6 57009.41400384 21.297
 239  65.669969  66.097909     2.919     2.733  5 57019.32965650 20.003
 240  65.671472  66.097788     2.991     2.949  6 57029.24530605 14.129
 241  65.670824  66.098679     2.582     2.467  6 57039.16095374 13.434
 242  65.665814  66.099763     3.005     3.008  6 57049.07659870 13.169
 243  65.665950  66.100269     3.091     3.114  6 57058.99224019 12.050
 244  65.667866  66.099918     3.176     3.325  7 57068.90787614 12.370
 245  65.666872  66.099476     3.742     3.768  6 57078.82350752 12.126
 246  65.668172  66.099915     3.837     3.924  6 57088.73914348 12.332
 247  65.669396  66.101366     6.128     6.163  6 57098.65480194 11.125
 248  65.670448  66.102616     6.180     6.144  6 57108.57045743 11.451
 249  65.671768  66.102616     5.948     5.986  6 57118.48610772 10.302
 250  65.669196  66.101521     5.536     5.614  5 57128.40175156 10.859
