# NaN NaN NaN ;Mean Elev.(m), Avg Gradient(m/km), RMS Gradient(m/km) - SRTM1     
#   -0.069     NaN     NaN ;Mean Elev.(m), Avg Gradient(m/km), RMS Gradient(m/km) - ASTER GDEM
#    4.134   0.047   0.536 ;Mean Elev.(m), Avg Gradient(m/km), RMS Gradient(m/km) - GMTED2010 
   1  65.533696  63.352310    14.614    14.703  4 54666.43645999 38.901
   2  65.534459  63.352957    13.469    13.483  4 54676.35210454 35.317
   3  65.532553  63.355289    -5.790    -6.189  4 54686.26774734 21.125
   4  65.533854  63.356678    12.950    13.577  6 54696.18338892 35.248
   5  65.535825  63.355962    -3.154    -2.700  5 54706.09902888 20.786
   6  65.530738  63.353866    11.554    10.558  4 54716.01468101 40.723
   7  65.523239  63.352232    11.736    11.823  5 54725.93033039 25.424
   8  65.522190  63.351010    11.670    10.363  4 54735.84597840 46.947
   9  65.524097  63.351604    14.834    15.149  4 54745.76162565 28.478
  10  65.528072  63.352267    14.031    14.819  4 54755.67727260 29.890
  11  65.528629  63.352253    14.331    14.728  3 54765.59291787 30.867
  12  65.523751  63.351503    11.471    10.778  5 54775.50855977 50.120
  13  65.521418  63.350185    12.280    11.620  4 54785.42419951 42.820
  14  65.523146  63.350099    11.635    11.637  4 54795.33983809 34.768
  17  65.530890  63.354658    14.232    14.588  4 54825.08675976 16.107
  18  65.530048  63.353192    14.189    14.689  4 54835.00239954 14.141
  19  65.528926  63.352412    14.411    14.934  3 54844.91804935 13.056
  20  65.526349  63.353364    14.186    14.511  5 54854.83369799 12.819
  21  65.531759  63.353684    14.077    14.304  5 54864.74934724 12.976
  22  65.528550  63.354996    13.521    14.193  5 54874.66499526 13.559
  23  65.527253  63.354393    13.934    14.442  5 54884.58064098 12.902
  24  65.525200  63.352243    14.176    14.432  4 54894.49628337 13.004
  25  65.524741  63.349925    14.312    14.815  3 54904.41192329 12.551
  26  65.521567  63.350337    14.319    14.523  4 54914.32756162 12.544
  27  65.525301  63.351106    18.483    15.758  4 54924.24320006  3.534
  28  65.527517  63.352692    14.929    15.239  4 54934.15883751  8.495
  29  65.526782  63.353786    11.046    10.809  5 54944.07447281 16.469
  30  65.527755  63.352821    11.720    11.711  4 54953.99010626 28.648
  31  65.526207  63.350967    14.460    14.358  3 54963.90575156 39.724
  32  65.523164  63.351016    15.310    15.260  4 54973.82139961 37.188
  33  65.523300  63.352559    15.392    15.399  5 54983.73704711 36.932
  34  65.533573  63.352438    14.786    14.765  4 54993.65269549 52.911
  35  65.530386  63.353995    14.464    14.458  4 55003.56834135 39.977
  36  65.529245  63.353701    14.880    14.799  4 55013.48398559 32.785
  37  65.530014  63.352715    14.889    14.917  3 55023.39962870 29.915
  38  65.526884  63.353895    14.413    14.791  5 55033.31527062 35.116
  39  65.530564  63.354453    14.603    14.909  4 55043.23091253 27.082
  40  65.532384  63.355187    12.697    12.701  4 55053.14655270 49.434
  41  65.530713  63.354875    11.918    11.905  4 55063.06219043 49.179
  42  65.527780  63.352987    14.065    14.892  4 55072.97783513 33.589
  43  65.526205  63.350723    10.980    10.990  3 55082.89348347 39.779
  44  65.524381  63.350393    14.086    15.044  4 55092.80912997 29.906
  45  65.523178  63.351436    14.841    15.154  4 55102.72477611 30.684
  46  65.524513  63.352292    14.063    15.066  4 55112.64042219 31.626
  47  65.523783  63.352548    11.084    10.212  5 55122.55606579 40.572
  48  65.525978  63.351054    10.907    10.379  3 55132.47170693 46.713
  49  65.522386  63.350613    10.092    10.009  4 55142.38734545 44.304
  50  65.524526  63.350412     9.562     9.557  4 55152.30298395 36.564
  51  65.526342  63.351936     9.850     9.783  4 55162.21862258 34.040
  52  65.530244  63.353525    11.818    11.305  4 55172.13426104 24.760
  53  65.531311  63.354941    14.135    14.496  4 55182.04989769 20.725
  54  65.528573  63.354784    13.998    14.369  5 55191.96554785 16.891
  55  65.529850  63.353698    13.896    14.336  4 55201.88119821 18.113
  56  65.527458  63.354104    13.004    13.913  5 55211.79684741 18.180
  57  65.527450  63.354370    13.806    14.053  5 55221.71249634 16.899
  58  65.529525  63.353188    13.805    14.008  4 55231.62814438 16.628
  59  65.527872  63.352207    12.971    13.476  4 55241.54378887 16.692
  60  65.526007  63.350822    12.410    13.009  3 55251.45942992 16.942
  61  65.525220  63.349910    12.938    13.083  3 55261.37506881 15.388
  62  65.523216  63.350931    13.542    13.861  4 55271.29070657 16.291
  63  65.526275  63.351489    14.079    14.306  4 55281.20634479 14.189
  64  65.524640  63.352856    10.962    11.964  5 55291.12198133 15.159
  65  65.526972  63.352689     8.741     8.730  4 55301.03761608 25.390
  66  65.526427  63.351520    13.331    14.508  4 55310.95326308 33.519
  67  65.522648  63.351560    12.422    12.130  5 55320.86890829 39.763
  68  65.525384  63.351254    13.618    13.597  4 55330.78455295 52.808
  69  65.523929  63.352872    15.123    15.219  5 55340.70019693 36.521
  70  65.529510  63.352881    14.759    14.671  4 55350.61584149 32.180
  71  65.529035  63.353776    14.790    14.766  4 55360.53148328 30.792
  72  65.526705  63.354574    14.827    14.793  5 55370.44712279 34.869
  73  65.529283  63.354536    14.771    14.683  5 55380.36276138 33.584
  74  65.531044  63.355061    14.754    14.801  6 55390.27839919 33.093
  75  65.530713  63.355783    14.532    14.501  5 55400.19403570 43.405
  76  65.532688  63.354069    14.513    14.348  5 55410.10968394 52.925
  77  65.526806  63.352739    14.105    14.145  4 55420.02533390 50.191
  78  65.524594  63.351085    12.965    12.950  4 55429.94098100 48.340
  79  65.523852  63.350850    12.550    12.081  4 55439.85662554 38.979
  80  65.525498  63.351440    13.046    13.078  4 55449.77226870 31.311
  81  65.528108  63.351719    10.486    10.456  3 55459.68791151 47.206
  82  65.524887  63.352280    14.461    14.836  4 55469.60355285 30.538
  83  65.526877  63.351051    14.646    15.043  3 55479.51919168 30.191
  84  65.522261  63.351772    13.198    14.112  5 55489.43482699 31.407
  85  65.525972  63.351830    10.359    10.374  4 55499.35046094 48.925
  86  65.527833  63.352896    10.333    10.263  4 55509.26610131 47.175
  87  65.529538  63.353214    10.304    10.150  4 55519.18175153 41.719
  88  65.526684  63.354202     9.418     9.474  5 55529.09740034 32.436
  89  65.526616  63.353979    10.222     9.791  5 55539.01304772 29.779
  90  65.529827  63.353116    10.436     9.929  4 55548.92869318 30.002
  91  65.527600  63.353968    10.462     9.832  5 55558.84433620 26.994
  92  65.532147  63.353873    10.878    12.120  5 55568.75997901 22.417
  93  65.528428  63.354891    11.545    12.244  5 55578.67562007 21.913
  94  65.528723  63.353493    12.328    12.665  4 55588.59125932 20.417
  95  65.526927  63.351896    11.883    12.134  4 55598.50689537 18.949
  96  65.522868  63.351826    11.836    12.114  5 55608.42252854 19.133
  97  65.526213  63.352131    10.468    10.088  4 55618.33816058 20.179
  98  65.529853  63.352957     8.692     8.688  4 55628.25380785 18.993
  99  65.528682  63.353740     9.188     8.944  4 55638.16945905 16.093
 100  65.527069  63.352919    13.330    13.148  4 55648.08510826 11.985
 101  65.522559  63.351580     8.889     8.880  5 55658.00075427 29.804
 102  65.523797  63.350120    11.046     9.912  4 55667.91639671 37.901
 103  65.525742  63.350829    13.107    12.059  3 55677.83203631 37.721
 104  65.525691  63.353517    13.986    13.926  5 55687.74767355 51.671
 105  65.531447  63.354490    14.253    14.180  4 55697.66331019 39.996
 106  65.533004  63.354943    15.024    15.184  4 55707.57894553 35.731
 107  65.530114  63.354214    14.622    14.605  4 55717.49459649 50.542
 108  65.528318  63.353793    14.775    14.885  4 55727.41024482 33.630
 109  65.527449  63.354425    14.250    14.187  5 55737.32589156 45.896
 110  65.531201  63.354457    13.690    13.671  4 55747.24153755 43.042
 111  65.531678  63.354225    13.010    12.872  4 55757.15718120 50.517
 112  65.525793  63.353907    13.917    14.416  5 55767.07282166 32.547
 113  65.523687  63.352034    13.505    14.410  5 55776.98845961 33.241
 114  65.523750  63.350833    11.182    11.061  4 55786.90409495 48.195
 115  65.524387  63.352184    14.426    15.143  4 55796.81972837 29.001
 116  65.526251  63.353900    13.482    14.094  5 55806.73537013 30.341
 117  65.531146  63.353895    10.554    10.513  4 55816.65101951 41.351
 118  65.529030  63.353304    14.074    14.873  4 55826.56666507 24.102
 119  65.528432  63.351493    13.439    14.789  3 55836.48230652 32.244
 120  65.522182  63.351609    14.440    14.714  5 55846.39794404 29.746
 121  65.525020  63.352564    14.041    15.004  4 55856.31357983 29.230
 122  65.527012  63.354606    12.190    13.248  5 55866.22922253 26.270
 123  65.532742  63.354811     9.588     9.621  6 55876.14487565 39.361
 133  65.525155  63.350825     9.666     9.373  4 55975.30130769 17.204
 134  65.529360  63.352818     9.898     9.165  4 55985.21694428 17.792
 135  65.532400  63.354412     8.613     8.571  4 55995.13257895 17.561
 136  65.528579  63.353727     8.708     8.724  4 56005.04823089 17.943
 137  65.523868  63.351895    10.105    10.342  5 56014.96387894 16.438
 139  65.523995  63.351448    12.080    11.928  4 56034.79516731 37.929
 141  65.531951  63.355133    14.330    14.586  6 56054.62644690 34.471
 142  65.532699  63.355806    14.260    14.409  6 56064.54208141 34.934
 143  65.532133  63.354586    14.111    14.164  4 56074.45772538 33.297
 144  65.530659  63.353452    13.811    13.569  4 56084.37337499 34.547
 145  65.527309  63.353931    14.111    14.564  5 56094.28902196 31.469
 146  65.528538  63.354258    13.720    14.474  5 56104.20466725 32.740
 147  65.530383  63.353604    14.088    14.969  4 56114.12029820 25.136
 148  65.526255  63.353658    13.523    14.373  5 56124.03593633 31.283
 149  65.527950  63.351870    11.730    10.171  3 56133.95157117 33.154
 150  65.523179  63.352073     9.648     9.705  5 56143.86721012 45.686
 151  65.522742  63.352122    11.139     9.861  5 56153.78286039 32.560
 152  65.524699  63.352969    10.309     9.373  5 56163.69850947 38.101
 153  65.529322  63.353023    13.954    14.633  4 56173.61415678 27.173
 154  65.532851  63.352128     9.011     8.921  4 56183.52979902 43.032
 155  65.527408  63.352049    12.076    12.252  4 56193.44543664 33.711
 156  65.524413  63.351993    14.184    14.913  4 56203.36107176 30.161
 157  65.526729  63.352964     9.365     9.387  4 56213.27670569 47.650
 158  65.532358  63.354904     9.635     9.627  6 56223.19233906 46.570
 159  65.533484  63.355791    11.211    11.160  6 56233.10799540 25.612
 160  65.533202  63.355478     8.869     8.768  6 56243.02364769 36.960
 161  65.530571  63.354539     9.210     9.202  4 56252.93929523 30.212
 162  65.526932  63.354277    10.929    11.839  5 56262.85493806 22.678
 164  65.528341  63.354140     9.318     9.317  5 56282.68622180 22.993
 165  65.529518  63.353038     9.126     9.124  4 56292.60187376 21.994
 166  65.524883  63.352354    10.456    10.197  4 56302.51752071 21.359
 167  65.522402  63.351343    10.737    11.072  5 56312.43316371 19.568
 168  65.525247  63.350488    10.620    11.583  3 56322.34880510 19.140
 169  65.525621  63.351655    10.842    11.226  4 56332.26444557 19.167
 170  65.525374  63.353203    10.474    11.259  5 56342.18008552 19.276
 171  65.527104  63.353811    10.379    11.422  5 56352.09572346 16.742
 172  65.529460  63.352815    10.274    10.172  4 56362.01136439 16.344
 173  65.528369  63.351611    10.797    11.168  3 56371.92701379 17.127
 174  65.524455  63.352086     8.190     8.189  4 56381.84266006 19.668
 175  65.525781  63.352963     8.243     8.213  5 56391.75830456 22.146
 176  65.529040  63.353958     8.420     8.435  4 56401.67394757 20.863
 177  65.531752  63.354646     9.600     9.602  4 56411.58958781 40.623
 178  65.532412  63.355067    13.894    13.466  4 56421.50522295 36.157
 179  65.531845  63.354939    14.537    14.879  6 56431.42086235 33.027
 180  65.528701  63.354374    14.710    14.771  5 56441.33651494 49.152
 181  65.529968  63.353370    14.701    14.628  4 56451.25216553 34.593
 182  65.528661  63.352936    14.665    14.527  4 56461.16781350 35.986
 183  65.525573  63.352396    14.931    14.918  4 56471.08345803 35.299
 184  65.527241  63.351031    14.874    14.956  3 56480.99909945 42.688
 185  65.523690  63.351701    15.032    15.072  4 56490.91473628 50.268
 187  65.528727  63.353518    14.557    14.442  4 56510.74600431 29.978
 188  65.529721  63.353929    13.925    13.816  4 56520.66164830 34.227
 189  65.527391  63.353611    12.756    12.638  5 56530.57730130 29.533
 191  65.525957  63.352333    14.084    14.153  4 56550.40859567 28.842
 192  65.525518  63.353083    14.043    14.465  5 56560.32423837 28.923
 193  65.531074  63.353369    13.543    14.456  3 56570.23988070 23.133
 194  65.530789  63.355177    12.340    12.596  4 56580.15552097 31.947
 195  65.532069  63.355792     9.392     9.231  6 56590.07115752 31.380
 196  65.533179  63.354622    10.940    10.953  5 56599.98680405 41.046
 197  65.530365  63.353740    11.665    11.722  4 56609.90245437 33.695
 198  65.529909  63.353791    12.078    11.862  4 56619.81809997 27.616
 199  65.530827  63.354031    11.946    11.862  4 56629.73374248 26.109
 200  65.527157  63.354782    11.715    12.175  5 56639.64938118 24.117
 201  65.528372  63.352760    11.528    11.242  4 56649.56502692 20.645
 202  65.524758  63.351082    11.813    11.687  4 56659.48067775 21.085
 203  65.522588  63.350811    11.387    11.107  4 56669.39632483 22.158
 205  65.526703  63.353407    11.850    12.262  5 56689.22761342 20.853
 206  65.529558  63.353472    10.603    10.576  4 56699.14325442 19.935
 207  65.527047  63.353407    11.075    10.806  5 56709.05889028 20.017
 208  65.527008  63.352356    10.582    10.516  4 56718.97453001 21.149
 209  65.525224  63.352155    12.352    12.609  4 56728.89018235 19.583
 211  65.530715  63.354398    10.374    10.021  4 56748.72147569 18.371
 212  65.533209  63.355038    11.722    12.040  4 56758.63711579 16.003
 213  65.532142  63.355377    12.324    12.861  6 56768.55274946 27.964
 214  65.531685  63.353755    13.369    14.720  5 56778.46839695 35.154
 215  65.525201  63.353671    15.168    15.249  5 56788.38405221 50.608
 216  65.526100  63.353081    15.017    15.045  5 56798.29970477 50.489
 217  65.525727  63.353677    15.098    15.005  5 56808.21535137 43.243
 219  65.527782  63.351918    15.157    15.106  3 56828.04662992 36.505
 220  65.525486  63.351115    15.349    15.348  4 56837.96226385 40.471
 221  65.525062  63.351837    15.289    15.214  4 56847.87789494 36.139
 222  65.527380  63.352193    15.381    15.413  4 56857.79354801 44.470
 223  65.526222  63.354100    15.098    14.961  5 56867.70920106 46.032
 224  65.527398  63.353993    14.779    14.901  5 56877.62485277 32.808
 225  65.525284  63.353045    13.067    13.005  5 56887.54050105 49.914
 226  65.526141  63.350930    14.077    14.890  3 56897.45614705 32.271
 227  65.525356  63.350997    14.179    14.873  4 56907.37179004 28.261
 228  65.527012  63.352754    14.527    14.975  4 56917.28743103 31.642
 229  65.531317  63.354758    13.663    13.901  6 56927.20307032 30.011
 230  65.534869  63.355742    11.562    11.502  5 56937.11870591 49.927
 231  65.533957  63.355885    13.933    14.449  4 56947.03433649 29.706
 232  65.527451  63.354386    11.724    11.725  5 56956.94999019 38.608
 233  65.525213  63.353163    11.227    11.233  5 56966.86563870 46.477
 234  65.533056  63.351981    11.356    11.349  4 56976.78128393 27.064
 235  65.531585  63.353907    11.661    11.669  4 56986.69692347 23.784
 236  65.532304  63.354502    12.061    11.870  4 56996.61255751 20.797
 237  65.533767  63.352331    11.326    11.378  4 57006.52820264 21.977
 238  65.524211  63.351434    11.139    11.131  4 57016.44385604 20.891
 239  65.525850  63.350038    11.960    12.584  3 57026.35950677 19.229
 240  65.526797  63.351520    11.963    12.588  3 57036.27515527 18.735
 241  65.530002  63.353072    11.395    11.331  4 57046.19080140 20.096
 242  65.530497  63.354052    11.954    12.263  4 57056.10644394 15.924
 243  65.528122  63.353714    12.609    12.997  4 57066.02208112 13.345
 244  65.528770  63.352917    12.496    12.466  4 57075.93771410 14.839
 245  65.534083  63.352725    13.831    14.172  4 57085.85334432 17.006
 246  65.530810  63.354580    13.170    13.157  4 57095.76900082 15.578
 247  65.531798  63.355646    14.376    14.568  4 57105.68465703 13.387
 248  65.534011  63.355510    14.204    14.937  5 57115.60030889 13.600
 249  65.531828  63.354576    11.989    11.912  6 57125.51595419 15.873
 250  65.527364  63.353705    10.481    10.423  5 57135.43159400 23.018
