# NaN NaN NaN ;Mean Elev.(m), Avg Gradient(m/km), RMS Gradient(m/km) - SRTM1     
#   23.606     NaN     NaN ;Mean Elev.(m), Avg Gradient(m/km), RMS Gradient(m/km) - ASTER GDEM
#    3.723   0.075   3.282 ;Mean Elev.(m), Avg Gradient(m/km), RMS Gradient(m/km) - GMTED2010 
   2     9.020 54674.23970070 40.82  65.662688  64.995710   -100  236.53  242.30  234.09
   2     8.654 54674.23970129 37.77  65.668607  64.996500   -100 -100.00 -100.00 -100.00
   2     8.674 54674.23970188 35.21  65.674527  64.997289 21.378 -100.00 -100.00 -100.00
   3    -3.233 54684.15534406 19.87  65.661663  64.997191  4.109 -100.00 -100.00 -100.00
   3    -2.656 54684.15534465 19.73  65.667583  64.997980  3.839 -100.00 -100.00 -100.00
   3    -2.157 54684.15534524 20.14  65.673503  64.998769  3.809 -100.00 -100.00 -100.00
   4     8.711 54694.07098595 35.78  65.660750  64.997665 26.411  243.97  249.50  244.06
   4     8.861 54694.07098654 30.00  65.666669  64.998455 11.456  243.97  249.50  244.06
   4     8.552 54694.07098713 30.66  65.672589  64.999244 11.001  243.97  249.50  244.06
   5    -2.131 54703.98662512 24.72  65.659035  64.996147  3.021  244.25  248.70  244.64
   5    -1.597 54703.98662571 23.22  65.664954  64.996936  3.425 -100.00 -100.00 -100.00
   5    -1.908 54703.98662630 24.06  65.670873  64.997726  2.753 -100.00 -100.00 -100.00
   5    -1.934 54703.98662689 22.66  65.676793  64.998515  3.383 -100.00 -100.00 -100.00
   6     7.502 54713.90227587 34.23  65.664267  64.994642 23.938  240.12  242.20  240.30
   6     8.512 54713.90227646 26.24  65.670186  64.995432  7.982  240.12  242.20  240.30
   6     8.564 54713.90227705 24.50  65.676105  64.996221  5.001 -100.00 -100.00 -100.00
   7     7.852 54723.81792629 30.12  65.663947  64.992825 11.364 -100.00 -100.00 -100.00
   7     8.447 54723.81792688 24.68  65.669866  64.993614  4.759 -100.00 -100.00 -100.00
   7     7.396 54723.81792747 29.49  65.675784  64.994403 10.137 -100.00 -100.00 -100.00
   7     5.423 54723.81792806 34.14  65.681703  64.995192 20.268 -100.00 -100.00 -100.00
   8     7.906 54733.73357487 27.73  65.666486  64.993127 11.751  244.44  247.36  245.35
   8     7.437 54733.73357546 29.57  65.672404  64.993916 15.272  244.44  247.36  245.35
   8     8.197 54733.73357605 25.93  65.678323  64.994705  8.582  244.44  247.36  245.35
   9     7.366 54743.64922148 37.48  65.661700  64.994277   -100  242.99  245.81  243.94
   9     8.297 54743.64922207 25.00  65.667619  64.995066  6.873  242.99  245.81  243.94
   9     8.117 54743.64922266 24.32  65.673538  64.995855  4.810  242.99  245.81  243.94
   9     7.095 54743.64922325 24.46  65.679457  64.996644  5.690  242.99  245.81  243.94
  10     7.037 54753.56486832 37.22  65.662716  64.995802 17.285 -100.00 -100.00 -100.00
  10     4.721 54753.56486891 41.15  65.668636  64.996591   -100 -100.00 -100.00 -100.00
  10     4.731 54753.56486950 43.85  65.674556  64.997380   -100 -100.00 -100.00 -100.00
  11     4.898 54763.48051459 42.31  65.665110  64.995698   -100 -100.00 -100.00 -100.00
  11     4.757 54763.48051518 36.33  65.671029  64.996487 13.036 -100.00 -100.00 -100.00
  11     4.782 54763.48051577 40.42  65.676950  64.997276 29.518 -100.00 -100.00 -100.00
  12     4.908 54773.39615790 38.93  65.665131  64.993536   -100  246.62  245.60  245.38
  12     5.034 54773.39615849 39.86  65.671050  64.994325   -100 -100.00 -100.00 -100.00
  12     5.210 54773.39615908 41.88  65.676970  64.995114   -100 -100.00 -100.00 -100.00
  12     4.801 54773.39615967 47.14  65.682891  64.995903 11.313 -100.00 -100.00 -100.00
  13     6.030 54783.31179892 36.44  65.669502  64.992378   -100  256.05  255.91  254.63
  13     6.222 54783.31179951 37.97  65.675422  64.993167   -100  256.05  255.91  254.63
  13     5.891 54783.31180010 39.02  65.681342  64.993956   -100  256.05  255.91  254.63
  14     5.214 54793.22743755 31.15  65.671263  64.992672 24.495  254.28  252.47  248.50
  14     5.369 54793.22743814 32.79  65.677183  64.993461 26.186  254.28  252.47  248.50
  14     5.163 54793.22743873 35.20  65.683103  64.994250   -100  254.28  252.47  248.50
  17     6.638 54822.97435490 23.84  65.665509  64.995280 13.794 -100.00 -100.00 -100.00
  17     5.167 54822.97435549 24.14  65.671428  64.996069 15.567 -100.00 -100.00 -100.00
  17     5.179 54822.97435608 23.87  65.677348  64.996858 12.957 -100.00 -100.00 -100.00
  18     8.417 54832.88999498 18.40  65.664403  64.994646  6.241  254.13  250.57  236.51
  18     7.372 54832.88999557 19.47  65.670323  64.995435  8.000  254.13  250.57  236.51
  18     6.310 54832.88999616 21.72  65.676242  64.996224 11.395  254.13  250.57  236.51
  19     7.796 54842.80564520 18.36  65.665765  64.995158  5.351 -100.00 -100.00 -100.00
  19     8.372 54842.80564579 18.25  65.671684  64.995947  5.352 -100.00 -100.00 -100.00
  19     7.788 54842.80564638 18.46  65.677604  64.996736  5.825 -100.00 -100.00 -100.00
  20     7.992 54852.72129352 17.23  65.658223  64.995779  4.645  248.41  240.37  217.08
  20     8.704 54852.72129411 17.07  65.664142  64.996568  4.921  248.41  240.37  217.08
  20     8.516 54852.72129470 17.66  65.670062  64.997358  5.635  248.41  240.37  217.08
  20     8.088 54852.72129529 17.12  65.675982  64.998147  4.948  248.41  240.37  217.08
  21     8.597 54862.63694215 17.86  65.656348  64.997645  5.413  248.29  239.46  213.83
  21     8.428 54862.63694274 17.39  65.662268  64.998434  5.104  248.29  239.46  213.83
  21     8.975 54862.63694333 18.08  65.668189  64.999224  6.042  248.29  239.46  213.83
  21     8.248 54862.63694392 17.11  65.674109  65.000013  5.061  248.29  239.46  213.83
  22     8.684 54872.55259074 18.02  65.655423  64.998411  5.188  243.27  232.37  203.17
  22     7.900 54872.55259133 17.52  65.661343  64.999200  5.042  243.27  232.37  203.17
  22     8.368 54872.55259192 17.59  65.667263  64.999989  5.383  243.27  232.37  203.17
  22     9.095 54872.55259251 17.71  65.673185  65.000778  5.312  243.27  232.37  203.17
  23     7.948 54882.46823734 16.94  65.656243  64.997153  5.820  249.61  239.08  211.02
  23     8.932 54882.46823793 16.94  65.662163  64.997942  5.482  249.61  239.08  211.02
  23     8.647 54882.46823852 17.14  65.668084  64.998732  5.887  249.61  239.08  211.02
  23     6.982 54882.46823911 17.11  65.674005  64.999521  5.489  249.61  239.08  211.02
  24     8.173 54892.38388135 17.19  65.665606  64.995475  5.613  250.62  239.07  211.04
  24     7.372 54892.38388194 17.90  65.671527  64.996264  6.417 -100.00 -100.00 -100.00
  24     7.529 54892.38388253 17.31  65.677447  64.997053  5.852 -100.00 -100.00 -100.00
  25     8.370 54902.29952177 17.56  65.666796  64.993368  4.164 -100.00 -100.00 -100.00
  25     7.400 54902.29952236 17.56  65.672715  64.994157  4.492 -100.00 -100.00 -100.00
  25     7.105 54902.29952295 18.31  65.678636  64.994945  5.811 -100.00 -100.00 -100.00
  26     8.900 54912.21516074 17.95  65.666995  64.993543  4.817  248.91  237.14  208.40
  26     8.587 54912.21516133 18.38  65.672915  64.994332  4.661  248.91  237.14  208.40
  26     8.402 54912.21516192 18.63  65.678835  64.995121  6.358  248.91  237.14  208.40
  27     7.790 54922.13079855 16.65  65.664679  64.994928  5.023  249.28  237.63  209.21
  27     8.543 54922.13079914 16.51  65.670599  64.995717  4.625  249.28  237.63  209.21
  27     8.210 54922.13079973 16.60  65.676519  64.996506  5.242  249.28  237.63  209.21
  28     8.508 54932.04643571 16.54  65.663652  64.995834  4.647  242.35  228.40  198.24
  28     7.905 54932.04643630 16.56  65.669572  64.996624  4.588  242.35  228.40  198.24
  28     7.718 54932.04643689 16.54  65.675492  64.997413  4.814  242.35  228.40  198.24
  29     9.898 54941.96207124 13.37  65.664190  64.994708  3.014 -100.00 -100.00 -100.00
  29     9.825 54941.96207183 13.25  65.670109  64.995498  2.778 -100.00 -100.00 -100.00
  29     9.637 54941.96207242 13.09  65.676028  64.996287  3.320 -100.00 -100.00 -100.00
  30     6.753 54951.87770542 13.84  65.669699  64.992841  8.379  229.98  210.72  179.87
  30     7.023 54951.87770601 12.48  65.675618  64.993630  7.657  229.98  210.72  179.87
  30     5.609 54951.87770660 13.95  65.681537  64.994419 10.099  229.98  210.72  179.87
  31     6.537 54961.79334725 31.93  65.668958  64.991013   -100  261.24  255.85  239.05
  31     6.811 54961.79334784 32.93  65.674876  64.991803   -100  261.24  255.85  239.05
  31     6.585 54961.79334843 33.00  65.680794  64.992592   -100  261.24  255.85  239.05
  31     6.605 54961.79334902 33.31  65.686712  64.993381   -100  261.24  255.85  239.05
  32     8.954 54971.70899604 33.65  65.669866  64.992013 23.428  244.08  239.03  223.71
  32     8.967 54971.70899663 33.40  65.675784  64.992802 23.041  244.08  239.03  223.71
  32     8.975 54971.70899722 34.74  65.681703  64.993591 27.737  244.08  239.03  223.71
  33     9.609 54981.62464332 30.20  65.665401  64.993584 16.080  186.23  190.73  190.55
  33     9.578 54981.62464391 31.99  65.671319  64.994373 20.631  186.23  190.73  190.55
  33     9.781 54981.62464450 31.94  65.677238  64.995162 19.433 -100.00 -100.00 -100.00
  34     9.697 54991.54029064 30.52  65.664541  64.995469 17.339  196.00  207.43  199.59
  34     9.665 54991.54029123 32.31  65.670460  64.996258 21.585  196.00  207.43  199.59
  34     9.640 54991.54029182 35.19  65.676380  64.997047   -100  196.00  207.43  199.59
  35     9.825 55001.45593715 46.89  65.661482  64.995560   -100  216.84  227.84  215.09
  35     9.470 55001.45593774 33.63  65.667402  64.996349   -100  216.84  227.84  215.09
  35     9.503 55001.45593833 41.26  65.673321  64.997138  7.072  216.84  227.84  215.09
  36     9.620 55011.37158215 31.50  65.661836  64.995390 23.294 -100.00 -100.00 -100.00
  36     9.237 55011.37158274 32.06  65.667756  64.996180 31.184 -100.00 -100.00 -100.00
  36     9.204 55011.37158333 32.87  65.673675  64.996969   -100 -100.00 -100.00 -100.00
  37     9.422 55021.28722566 41.83  65.662396  64.995047   -100  238.19  247.77  235.18
  37     8.982 55021.28722625 36.39  65.668316  64.995836   -100  238.19  247.77  235.18
  37     8.994 55021.28722684 33.36  65.674236  64.996626   -100  238.19  247.77  235.18
  38     8.712 55031.20286796 36.43  65.660466  64.995651   -100  237.31  243.09  236.53
  38     8.677 55031.20286855 35.92  65.666385  64.996440   -100  237.31  243.09  236.53
  38     8.729 55031.20286914 28.76  65.672305  64.997229 24.368  237.31  243.09  236.53
  38     8.606 55031.20286973 33.51  65.678225  64.998018   -100  237.31  243.09  236.53
  39     8.164 55041.11850953 27.03  65.658142  64.996651 20.806 -100.00 -100.00 -100.00
  39     8.255 55041.11851012 26.91  65.664061  64.997441 20.323 -100.00 -100.00 -100.00
  39     9.059 55041.11851071 25.17  65.669981  64.998230 15.508 -100.00 -100.00 -100.00
  39     8.008 55041.11851130 27.48  65.675901  64.999019 21.757 -100.00 -100.00 -100.00
  40     7.417 55051.03414970 37.17  65.657165  64.996956  8.736  242.30  243.35  240.46
  40     7.662 55051.03415029 29.84  65.663085  64.997746 28.845  242.30  243.35  240.46
  40     8.579 55051.03415088 26.40  65.669004  64.998535 14.283  242.30  243.35  240.46
  40     7.093 55051.03415147 28.50  65.674924  64.999324 23.374 -100.00 -100.00 -100.00
  41     7.611 55060.94978793 34.66  65.659743  64.995725   -100 -100.00 -100.00 -100.00
  41     7.444 55060.94978852 30.53  65.665662  64.996515 20.852 -100.00 -100.00 -100.00
  41     8.725 55060.94978911 23.71  65.671581  64.997304  6.481 -100.00 -100.00 -100.00
  41     7.132 55060.94978970 22.58  65.677501  64.998093  5.151 -100.00 -100.00 -100.00
  42     7.284 55070.86543018 31.16  65.665759  64.993871 19.081  250.38  254.35  249.17
  42     8.241 55070.86543077 24.95  65.671678  64.994661  6.629  250.38  254.35  249.17
  42     7.222 55070.86543136 28.86  65.677597  64.995450 13.337  250.38  254.35  249.17
  43     5.417 55080.78107919 45.97  65.667088  64.992163 12.389  251.62  254.81  250.14
  43     6.215 55080.78107978 43.99  65.673006  64.992952 25.201  251.62  254.81  250.14
  43     6.271 55080.78108037 45.07  65.678925  64.993741 22.900  251.62  254.81  250.14
  43     5.737 55080.78108096 51.43  65.684844  64.994530   -100  251.62  254.81  250.14
  44     8.712 55090.69672646 23.84  65.666932  64.992390  6.939 -100.00 -100.00 -100.00
  44     8.398 55090.69672705 21.88  65.672851  64.993179  4.109 -100.00 -100.00 -100.00
  44     8.459 55090.69672764 21.61  65.678769  64.993968  3.683 -100.00 -100.00 -100.00
  44     8.250 55090.69672823 22.37  65.684689  64.994757  4.571 -100.00 -100.00 -100.00
  45     7.611 55100.61237296 25.46  65.665817  64.994203  7.744  245.27  245.51  245.37
  45     7.469 55100.61237355 25.74  65.671736  64.994992  7.742  245.27  245.51  245.37
  45     7.113 55100.61237414 27.00  65.677655  64.995781  9.846  245.27  245.51  245.37
  46     7.559 55110.52801883 26.48  65.662983  64.995650 11.169  243.17  244.71  243.97
  46     8.520 55110.52801942 27.30  65.668903  64.996439 12.407  243.17  244.71  243.97
  46     7.310 55110.52802001 22.30  65.674823  64.997228  4.162  243.17  244.71  243.97
  47     7.656 55120.44366279 36.75  65.660414  64.994936   -100  247.65  248.94  248.83
  47     7.357 55120.44366338 30.95  65.666334  64.995725 19.776  247.65  248.94  248.83
  47     7.179 55120.44366397 31.81  65.672254  64.996515 26.587  247.65  248.94  248.83
  47     6.958 55120.44366456 28.98  65.678174  64.997303 15.752  247.65  248.94  248.83
  48     7.687 55130.35930448 30.19  65.663331  64.993100 21.915 -100.00 -100.00 -100.00
  48     7.334 55130.35930507 29.82  65.669251  64.993890 20.750 -100.00 -100.00 -100.00
  48     7.223 55130.35930566 27.39  65.675170  64.994679 11.324 -100.00 -100.00 -100.00
  48     6.989 55130.35930625 30.47  65.681090  64.995468 20.929 -100.00 -100.00 -100.00
  49     4.582 55140.27494428 38.99  65.667266  64.991608 31.873  248.98  248.48  247.93
  49     4.844 55140.27494487 39.78  65.673186  64.992397 31.342  248.98  248.48  247.93
  49     4.779 55140.27494546 42.13  65.679105  64.993186   -100  248.98  248.48  247.93
  49     4.588 55140.27494605 45.29  65.685025  64.993975  2.347 -100.00 -100.00 -100.00
  50     3.385 55150.19058294 33.00  65.668113  64.991965 17.259  252.96  252.11  249.08
  50     3.675 55150.19058353 33.72  65.674032  64.992755 18.401  252.96  252.11  249.08
  50     3.586 55150.19058412 33.01  65.679952  64.993544 18.213  252.96  252.11  249.08
  50     3.515 55150.19058471 31.75  65.685872  64.994332 14.940  252.96  252.11  249.08
  51     3.963 55160.10622151 28.79  65.668499  64.994007 12.997  248.45  246.00  240.76
  51     3.713 55160.10622210 30.96  65.674418  64.994797 22.395  248.45  246.00  240.76
  51     3.798 55160.10622269 30.90  65.680338  64.995586 22.946  248.45  246.00  240.76
  52     7.599 55170.02185886 22.18  65.660879  64.994799  9.824 -100.00 -100.00 -100.00
  52     7.084 55170.02185945 21.71  65.666798  64.995589  9.463 -100.00 -100.00 -100.00
  52     6.619 55170.02186004 21.40  65.672718  64.996378  9.662 -100.00 -100.00 -100.00
  52     5.729 55170.02186064 21.95  65.678638  64.997167  9.463 -100.00 -100.00 -100.00
  53     7.702 55179.93749549 19.45  65.659597  64.994984  6.253  248.23  243.52  230.63
  53     7.443 55179.93749608 20.00  65.665516  64.995774  7.625  248.23  243.52  230.63
  53     6.981 55179.93749667 19.78  65.671436  64.996563  7.657  248.23  243.52  230.63
  53     6.659 55179.93749726 20.13  65.677356  64.997353  7.921  248.23  243.52  230.63
  54     7.784 55189.85314283 16.46  65.661125  64.994728  5.380 -100.00 -100.00 -100.00
  54     7.256 55189.85314342 16.91  65.667044  64.995517  5.692 -100.00 -100.00 -100.00
  54     6.873 55189.85314401 16.92  65.672964  64.996307  6.319 -100.00 -100.00 -100.00
  54     7.857 55189.85314460 16.24  65.678883  64.997096  5.618 -100.00 -100.00 -100.00
  55     7.614 55199.76879331 16.63  65.661444  64.995067  6.513  248.88  243.39  223.68
  55     6.856 55199.76879390 16.74  65.667364  64.995856  6.436  248.88  243.39  223.68
  55     7.756 55199.76879449 16.42  65.673283  64.996646  5.708  248.88  243.39  223.68
  55     6.433 55199.76879508 16.65  65.679203  64.997435  5.577  248.88  243.39  223.68
  56     7.770 55209.68444330 16.41  65.663690  64.996400  5.463  249.11  241.73  220.43
  56     6.894 55209.68444389 17.09  65.669610  64.997189  6.766  249.11  241.73  220.43
  56     8.594 55209.68444448 16.71  65.675530  64.997978  6.114  249.11  241.73  220.43
  57     7.910 55219.60009231 15.99  65.660569  64.997194  6.134  249.95  242.13  217.92
  57     6.934 55219.60009290 16.03  65.666489  64.997984  5.164  249.95  242.13  217.92
  57     6.828 55219.60009349 15.46  65.672409  64.998773  4.631 -100.00 -100.00 -100.00
  58     8.261 55229.51574061 15.74  65.660067  64.997070  5.282 -100.00 -100.00 -100.00
  58     8.004 55229.51574120 15.47  65.665987  64.997859  5.353 -100.00 -100.00 -100.00
  58     8.045 55229.51574179 15.23  65.671907  64.998648  5.169 -100.00 -100.00 -100.00
  59     8.555 55239.43138565 15.31  65.659634  64.995695  4.556  246.79  236.28  208.42
  59     7.989 55239.43138624 15.73  65.665554  64.996484  5.924  246.79  236.28  208.42
  59     8.490 55239.43138683 15.07  65.671474  64.997274  4.351  246.79  236.28  208.42
  59     8.318 55239.43138742 15.80  65.677395  64.998063  5.438  246.79  236.28  208.42
  60     7.662 55249.34702763 15.94  65.665184  64.994305  5.024 -100.00 -100.00 -100.00
  60     7.628 55249.34702822 15.80  65.671104  64.995094  5.090 -100.00 -100.00 -100.00
  60     8.533 55249.34702881 15.74  65.677024  64.995883  4.618 -100.00 -100.00 -100.00
  61     8.007 55259.26266678 15.42  65.665633  64.993010  4.160 -100.00 -100.00 -100.00
  61     8.310 55259.26266737 15.01  65.671553  64.993799  3.884 -100.00 -100.00 -100.00
  61     7.508 55259.26266796 15.33  65.677473  64.994588  4.133 -100.00 -100.00 -100.00
  61     7.593 55259.26266855 15.18  65.683393  64.995376  4.541 -100.00 -100.00 -100.00
  62     8.220 55269.17830548 15.62  65.668547  64.993455  4.524 -100.00 -100.00 -100.00
  62     8.647 55269.17830607 15.23  65.674467  64.994244  4.321 -100.00 -100.00 -100.00
  62     7.307 55269.17830666 16.19  65.680387  64.995033  5.346 -100.00 -100.00 -100.00
  63     8.344 55279.09394316 14.77  65.662603  64.993736  3.733  247.81  234.90  208.61
  63     8.307 55279.09394375 14.99  65.668522  64.994526  4.459  247.81  234.90  208.61
  63     8.619 55279.09394434 14.62  65.674442  64.995315  4.589  247.81  234.90  208.61
  63     8.277 55279.09394493 15.14  65.680362  64.996104  4.380  247.81  234.90  208.61
  64     7.293 55289.00958012 17.77  65.662757  64.994277  7.445  238.02  225.64  199.39
  64     7.105 55289.00958071 17.59  65.668676  64.995067  5.955  238.02  225.64  199.39
  64     7.509 55289.00958130 16.85  65.674596  64.995856  5.390  238.02  225.64  199.39
  64     6.547 55289.00958189 17.16  65.680515  64.996645  6.029 -100.00 -100.00 -100.00
  65     3.425 55298.92521461 21.69  65.663044  64.993603 11.344  232.20  217.93  194.10
  65     3.452 55298.92521520 24.15  65.668963  64.994392 17.621  232.20  217.93  194.10
  65     3.274 55298.92521579 23.62  65.674881  64.995182 17.306 -100.00 -100.00 -100.00
  65     3.411 55298.92521638 22.53  65.680801  64.995971 14.651 -100.00 -100.00 -100.00
  66     3.184 55308.84085874 21.70  65.669022  64.992930   -100  257.92  252.14  236.44
  66     3.340 55308.84085933 23.79  65.674940  64.993719   -100  257.92  252.14  236.44
  66     3.298 55308.84085992 24.16  65.680859  64.994508   -100  257.92  252.14  236.44
  67     8.865 55318.75650460 36.89  65.668080  64.991918 25.844  251.29  243.21  220.73
  67     8.511 55318.75650519 37.92  65.673998  64.992707   -100  251.29  243.21  220.73
  67     5.550 55318.75650578 35.56  65.679917  64.993496   -100  251.29  243.21  220.73
  67     5.337 55318.75650637 37.39  65.685835  64.994284   -100  251.29  243.21  220.73
  68     8.867 55328.67214979 43.46  65.669467  64.992649   -100  228.00  235.80  231.35
  68     8.593 55328.67215038 45.13  65.675385  64.993438  1.940 -100.00 -100.00 -100.00
  68     8.707 55328.67215097 46.89  65.681304  64.994227  2.690 -100.00 -100.00 -100.00
  69     9.353 55338.58779378 42.43  65.662780  64.993586   -100  215.55  218.36  217.60
  69     9.111 55338.58779437 32.56  65.668699  64.994375   -100  215.55  218.36  217.60
  69     8.971 55338.58779496 35.79  65.674618  64.995164   -100  215.55  218.36  217.60
  69     8.924 55338.58779555 34.54  65.680537  64.995953   -100  215.55  218.36  217.60
  70     9.278 55348.50343826 38.62  65.665051  64.995566   -100 -100.00 -100.00 -100.00
  70     8.937 55348.50343885 36.12  65.670970  64.996356   -100 -100.00 -100.00 -100.00
  70     8.973 55348.50343944 35.13  65.676890  64.997145   -100 -100.00 -100.00 -100.00
  71     9.191 55358.41908015 39.42  65.660375  64.995629   -100 -100.00 -100.00 -100.00
  71     8.795 55358.41908074 34.04  65.666295  64.996419   -100 -100.00 -100.00 -100.00
  71     8.803 55358.41908133 35.56  65.672214  64.997208   -100 -100.00 -100.00 -100.00
  71     8.797 55358.41908192 33.46  65.678134  64.997997   -100 -100.00 -100.00 -100.00
  72     8.713 55368.33472060 39.36  65.663049  64.995889 12.817  235.42  237.75  233.27
  72     8.678 55368.33472119 34.73  65.668969  64.996679   -100  235.42  237.75  233.27
  72     8.674 55368.33472178 31.33  65.674888  64.997468   -100  235.42  237.75  233.27
  73     8.657 55378.25035944 37.07  65.664636  64.995865   -100  239.00  240.69  235.97
  73     8.608 55378.25036003 33.62  65.670556  64.996655   -100  239.00  240.69  235.97
  73     8.590 55378.25036062 32.27  65.676476  64.997444   -100  239.00  240.69  235.97
  74     8.953 55388.16599736 45.75  65.664758  64.996018   -100  247.68  251.07  242.11
  74     8.959 55388.16599795 43.25  65.670677  64.996807   -100  247.68  251.07  242.11
  74     9.006 55388.16599854 47.19  65.676597  64.997596   -100  247.68  251.07  242.11
  75     8.454 55398.08163430 32.68  65.664672  64.996041 26.286  247.46  251.35  243.57
  75     8.483 55398.08163489 28.17  65.670591  64.996831 11.150  247.46  251.35  243.57
  75     8.402 55398.08163548 31.35  65.676511  64.997620 18.186  247.46  251.35  243.57
  76     8.476 55407.99727834 49.20  65.661028  64.994956   -100  249.13  253.39  247.95
  76     8.651 55407.99727893 51.22  65.666947  64.995746   -100  249.13  253.39  247.95
  76     8.625 55407.99727952 51.22  65.672866  64.996535   -100  249.13  253.39  247.95
  76     8.372 55407.99728011 53.72  65.678785  64.997324 12.686  249.13  253.39  247.95
  77     8.176 55417.91292962 35.85  65.665540  64.994390   -100 -100.00 -100.00 -100.00
  77     8.202 55417.91293021 28.67  65.671458  64.995179 21.180 -100.00 -100.00 -100.00
  77     8.048 55417.91293080 26.07  65.677377  64.995968 15.284 -100.00 -100.00 -100.00
  78     7.934 55427.82857712 34.73  65.666940  64.993168   -100 -100.00 -100.00 -100.00
  78     7.576 55427.82857771 32.84  65.672859  64.993957   -100 -100.00 -100.00 -100.00
  78     7.393 55427.82857830 31.63  65.678777  64.994746   -100 -100.00 -100.00 -100.00
  79     7.577 55437.74422170 37.29  65.665040  64.992511   -100  244.09  243.85  242.44
  79     8.031 55437.74422229 29.52  65.670958  64.993300 18.789  244.09  243.85  242.44
  79     8.131 55437.74422288 26.53  65.676876  64.994089 12.075  244.09  243.85  242.44
  79     7.927 55437.74422347 26.25  65.682795  64.994878 10.279  244.09  243.85  242.44
  80     7.685 55447.65986566 27.39  65.669194  64.993770 14.638  246.73  246.75  245.42
  80     7.374 55447.65986625 30.72  65.675113  64.994559 22.797  246.73  246.75  245.42
  80     8.252 55447.65986684 21.05  65.681032  64.995348  4.092  246.73  246.75  245.42
  81     7.496 55457.57550831 38.69  65.663170  64.993864  0.984  247.40  250.06  250.00
  81     7.458 55457.57550890 32.81  65.669089  64.994653 32.430  247.40  250.06  250.00
  81     8.047 55457.57550949 24.41  65.675008  64.995442  9.919  247.40  250.06  250.00
  81     7.241 55457.57551008 22.48  65.680928  64.996231  6.084  247.40  250.06  250.00
  82     7.582 55467.49115076 40.94  65.662292  64.994057  4.541  244.52  244.59  244.68
  82     7.496 55467.49115135 32.29  65.668211  64.994846 30.745  244.52  244.59  244.68
  82     8.211 55467.49115194 24.67  65.674131  64.995636 10.240 -100.00 -100.00 -100.00
  82     7.947 55467.49115253 21.22  65.680050  64.996425  4.276 -100.00 -100.00 -100.00
  83     7.534 55477.40679007 36.39  65.663449  64.993296   -100 -100.00 -100.00 -100.00
  83     7.706 55477.40679066 32.29  65.669368  64.994086 27.475 -100.00 -100.00 -100.00
  83     7.312 55477.40679125 29.21  65.675287  64.994875 17.199 -100.00 -100.00 -100.00
  83     8.005 55477.40679184 24.50  65.681207  64.995664  8.442 -100.00 -100.00 -100.00
  84     7.923 55487.32242658 29.83  65.668443  64.992651 17.790  244.04  243.26  244.13
  84     8.201 55487.32242717 27.66  65.674363  64.993441 13.590  244.04  243.26  244.13
  84     8.122 55487.32242776 26.36  65.680282  64.994230 12.031  244.04  243.26  244.13
  85     7.731 55497.23806017 34.38  65.666499  64.991590   -100 -100.00 -100.00 -100.00
  85     7.774 55497.23806076 29.83  65.672418  64.992379 19.921 -100.00 -100.00 -100.00
  85     7.689 55497.23806135 28.38  65.678337  64.993169 16.241 -100.00 -100.00 -100.00
  85     7.806 55497.23806194 27.92  65.684257  64.993958 12.090 -100.00 -100.00 -100.00
  86     7.674 55507.15369717 36.14  65.667673  64.992582 27.182  242.06  243.43  244.31
  86     5.708 55507.15369776 39.17  65.673592  64.993371 16.272  242.06  243.43  244.31
  86     4.407 55507.15369835 40.17  65.679512  64.994160 23.849  242.06  243.43  244.31
  87     5.310 55517.06934717 31.65  65.662523  64.993636 21.808  225.22  222.77  210.59
  87     5.337 55517.06934776 35.65  65.668442  64.994425 22.087  225.22  222.77  210.59
  87     4.999 55517.06934835 36.42  65.674362  64.995215   -100  225.22  222.77  210.59
  87     5.085 55517.06934894 49.85  65.680282  64.996004   -100 -100.00 -100.00 -100.00
  88     4.330 55526.98499703 32.23  65.665472  64.995430   -100  220.70  216.62  207.76
  88     4.458 55526.98499762 34.34  65.671391  64.996219   -100  220.70  216.62  207.76
  88     4.267 55526.98499821 35.68  65.677311  64.997008   -100 -100.00 -100.00 -100.00
  89     3.867 55536.90064427 31.04  65.662824  64.995669 31.150 -100.00 -100.00 -100.00
  89     4.024 55536.90064486 33.27  65.668743  64.996458   -100 -100.00 -100.00 -100.00
  89     3.813 55536.90064545 33.24  65.674663  64.997247   -100 -100.00 -100.00 -100.00
  90     4.078 55546.81628968 25.63  65.664135  64.996072 15.437 -100.00 -100.00 -100.00
  90     4.417 55546.81629027 23.04  65.670054  64.996861 10.125 -100.00 -100.00 -100.00
  90     4.225 55546.81629086 23.21  65.675974  64.997651 10.368 -100.00 -100.00 -100.00
  91     4.062 55556.73193300 23.42  65.662032  64.996309 12.300 -100.00 -100.00 -100.00
  91     5.798 55556.73193359 21.14  65.667952  64.997098  7.964 -100.00 -100.00 -100.00
  91     4.139 55556.73193418 21.10  65.673872  64.997887  8.258 -100.00 -100.00 -100.00
  92     6.392 55566.64757567 19.11  65.661951  64.996918  7.433  237.92  233.65  219.08
  92     5.001 55566.64757626 21.05  65.667871  64.997707 11.344  237.92  233.65  219.08
  92     5.918 55566.64757685 19.38  65.673791  64.998497  7.185  237.92  233.65  219.08
  93     6.554 55576.56321734 19.60  65.659132  64.996168  7.292 -100.00 -100.00 -100.00
  93     6.187 55576.56321793 20.16  65.665052  64.996957  7.868 -100.00 -100.00 -100.00
  93     5.954 55576.56321852 19.86  65.670972  64.997747  8.375 -100.00 -100.00 -100.00
  93     7.759 55576.56321912 19.00  65.676892  64.998536  6.273 -100.00 -100.00 -100.00
  94     7.862 55586.47885772 17.49  65.663096  64.994989  5.186  237.53  230.10  211.53
  94     7.696 55586.47885831 17.26  65.669016  64.995779  4.479  237.53  230.10  211.53
  94     7.579 55586.47885890 18.01  65.674936  64.996568  4.961  237.53  230.10  211.53
  95     7.151 55596.39449513 18.25  65.669666  64.993621  6.191 -100.00 -100.00 -100.00
  95     6.045 55596.39449572 18.86  65.675586  64.994411  7.661 -100.00 -100.00 -100.00
  95     7.183 55596.39449631 19.07  65.681506  64.995200  7.121 -100.00 -100.00 -100.00
  96     7.514 55606.31012877 19.84  65.668337  64.992148  6.054  237.38  227.66  205.22
  96     7.133 55606.31012936 19.86  65.674257  64.992937  6.220  237.38  227.66  205.22
  96     7.004 55606.31012995 20.49  65.680176  64.993727  7.253  237.38  227.66  205.22
  97     6.922 55616.22576056 19.54  65.668967  64.992179  5.490 -100.00 -100.00 -100.00
  97     6.696 55616.22576115 20.60  65.674886  64.992969  8.048 -100.00 -100.00 -100.00
  97     6.940 55616.22576174 19.81  65.680806  64.993758  6.958 -100.00 -100.00 -100.00
  98     6.997 55626.14140270 19.97  65.666393  64.993070  7.998  240.48  229.69  203.88
  98     6.024 55626.14140329 19.93  65.672313  64.993860  7.469  240.48  229.69  203.88
  98     7.140 55626.14140388 19.54  65.678232  64.994649  7.505 -100.00 -100.00 -100.00
  99     6.668 55636.05705433 19.02  65.663335  64.993438  6.831 -100.00 -100.00 -100.00
  99     7.319 55636.05705492 18.80  65.669254  64.994228  6.788 -100.00 -100.00 -100.00
  99     6.033 55636.05705551 19.33  65.675173  64.995017  8.235 -100.00 -100.00 -100.00
  99     7.126 55636.05705610 19.77  65.681093  64.995806  8.399 -100.00 -100.00 -100.00
 100     6.988 55645.97270444 15.98  65.666617  64.993632  6.058  243.01  231.10  203.81
 100     6.100 55645.97270503 15.70  65.672536  64.994421  5.412  243.01  231.10  203.81
 100     7.003 55645.97270563 15.55  65.678455  64.995210  5.876  243.01  231.10  203.81
 101    10.022 55655.88835153 13.05  65.667751  64.992835  3.203 -100.00 -100.00 -100.00
 101     9.808 55655.88835212 13.15  65.673670  64.993624  3.456 -100.00 -100.00 -100.00
 101     9.397 55655.88835271 13.27  65.679589  64.994413  4.046 -100.00 -100.00 -100.00
 102     7.584 55665.80399394 20.96  65.666652  64.992175 13.093  262.08  262.23  262.81
 102     7.184 55665.80399453 24.35  65.672571  64.992964 21.160  262.08  262.23  262.81
 102     6.780 55665.80399512 22.62  65.678489  64.993753 16.633  262.08  262.23  262.81
 102     6.465 55665.80399572 24.30  65.684408  64.994542 21.573  262.08  262.23  262.81
 103     8.800 55675.71963385 39.97  65.668805  64.992957 25.433  245.53  245.97  243.14
 103     6.156 55675.71963444 40.04  65.674724  64.993746   -100  245.53  245.97  243.14
 103     6.088 55675.71963503 38.45  65.680643  64.994535   -100  245.53  245.97  243.14
 104     9.188 55685.63527146 42.20  65.664618  64.993687 25.748  235.63  235.89  233.60
 104     9.169 55685.63527205 46.40  65.670537  64.994476 28.229  235.63  235.89  233.60
 104     8.470 55685.63527264 50.69  65.676456  64.995265 13.633  235.63  235.89  233.60
 104     8.359 55685.63527323 54.79  65.682375  64.996054   -100  235.63  235.89  233.60
 105     9.367 55695.55090836 37.54  65.664936  64.994764   -100  212.83  213.70  211.81
 105     8.974 55695.55090895 33.08  65.670855  64.995553   -100  212.83  213.70  211.81
 105     9.028 55695.55090954 31.73  65.676774  64.996342 27.288  212.83  213.70  211.81
 106     9.342 55705.46654373 42.54  65.663093  64.994663   -100  223.31  227.73  223.68
 106     8.979 55705.46654432 38.25  65.669012  64.995453   -100  223.31  227.73  223.68
 106     8.897 55705.46654491 33.08  65.674931  64.996242   -100  223.31  227.73  223.68
 107     9.020 55715.38219233 46.79  65.666175  64.995069  7.390 -100.00 -100.00 -100.00
 107     9.089 55715.38219292 42.00  65.672094  64.995859   -100 -100.00 -100.00 -100.00
 107     9.168 55715.38219351 41.68  65.678014  64.996648   -100 -100.00 -100.00 -100.00
 108     9.009 55725.29784101 34.49  65.663667  64.995150   -100 -100.00 -100.00 -100.00
 108     8.653 55725.29784160 34.94  65.669586  64.995940   -100 -100.00 -100.00 -100.00
 108     8.653 55725.29784219 26.86  65.675506  64.996729 17.864 -100.00 -100.00 -100.00
 109     8.612 55735.21348760 40.96  65.659033  64.995525 30.694 -100.00 -100.00 -100.00
 109     8.648 55735.21348819 31.83  65.664952  64.996315   -100 -100.00 -100.00 -100.00
 109     8.616 55735.21348878 30.58  65.670872  64.997105 32.731 -100.00 -100.00 -100.00
 109     8.541 55735.21348937 32.40  65.676792  64.997894   -100 -100.00 -100.00 -100.00
 110     8.346 55745.12913345 30.78  65.659964  64.996580   -100 -100.00 -100.00 -100.00
 110     8.285 55745.12913404 29.72  65.665883  64.997369 26.651 -100.00 -100.00 -100.00
 110     8.249 55745.12913463 28.02  65.671803  64.998159 24.748 -100.00 -100.00 -100.00
 111     7.857 55755.04477779 30.59  65.663539  64.996723 29.838 -100.00 -100.00 -100.00
 111     7.680 55755.04477838 28.22  65.669459  64.997512 17.976 -100.00 -100.00 -100.00
 111     7.454 55755.04477897 26.96  65.675379  64.998301 18.304 -100.00 -100.00 -100.00
 112     6.606 55764.96041959 38.69  65.666465  64.995029   -100 -100.00 -100.00 -100.00
 112     6.452 55764.96042018 32.48  65.672384  64.995818 12.800 -100.00 -100.00 -100.00
 112     6.619 55764.96042077 38.52  65.678303  64.996607 27.711 -100.00 -100.00 -100.00
 113     8.186 55774.87605822 28.25  65.666298  64.992480 17.936  252.41  253.38  251.42
 113     7.545 55774.87605881 30.84  65.672217  64.993269 25.956  252.41  253.38  251.42
 113     7.375 55774.87605940 24.78  65.678135  64.994058 11.073  252.41  253.38  251.42
 113     8.143 55774.87605999 21.23  65.684054  64.994847  4.856  252.41  253.38  251.42
 114     8.073 55784.79169412 30.51  65.669280  64.991560 12.437  261.50  264.39  262.23
 114     7.241 55784.79169471 30.09  65.675198  64.992349 11.732  261.50  264.39  262.23
 114     7.950 55784.79169530 29.69  65.681116  64.993138 10.223  261.50  264.39  262.23
 115     8.222 55794.70732760 26.97  65.668416  64.992322 15.329  252.50  252.92  252.37
 115     7.963 55794.70732819 26.37  65.674334  64.993112 15.754  252.50  252.92  252.37
 115     8.051 55794.70732878 23.19  65.680253  64.993901  9.279  252.50  252.92  252.37
 116     7.729 55804.62296566 27.90  65.668428  64.993940 21.076  253.95  254.45  254.49
 116     7.328 55804.62296625 30.49  65.674347  64.994729 30.792  253.95  254.45  254.49
 116     7.189 55804.62296684 24.94  65.680266  64.995518 13.202  253.95  254.45  254.49
 117     7.585 55814.53861458 33.85  65.662037  64.993944   -100  255.26  255.00  254.56
 117     7.510 55814.53861517 25.11  65.667956  64.994734 13.196  255.26  255.00  254.56
 117     7.337 55814.53861576 24.95  65.673875  64.995523 12.367  255.26  255.00  254.56
 117     7.803 55814.53861635 20.60  65.679794  64.996313  4.987  255.26  255.00  254.56
 118     7.573 55824.45426228 27.23  65.667358  64.993527 17.930  251.13  251.74  250.78
 118     7.453 55824.45426287 29.15  65.673277  64.994316 22.929  251.13  251.74  250.78
 118     7.232 55824.45426346 27.54  65.679197  64.995106 16.941  251.13  251.74  250.78
 119     7.186 55834.36990518 31.86  65.671499  64.992393 10.110 -100.00 -100.00 -100.00
 119     4.930 55834.36990577 37.08  65.677418  64.993182 25.291 -100.00 -100.00 -100.00
 119     4.783 55834.36990636 40.33  65.683338  64.993971   -100 -100.00 -100.00 -100.00
 120     7.998 55844.28554375 30.98  65.670347  64.991526 15.835  245.78  247.37  246.48
 120     7.366 55844.28554435 29.68  65.676266  64.992315 12.527  245.78  247.37  246.48
 120     7.115 55844.28554494 30.31  65.682185  64.993105 14.892  245.78  247.37  246.48
 121     7.709 55854.20117936 35.59  65.668237  64.992354 23.622  248.69  249.62  248.58
 121     7.353 55854.20117995 34.29  65.674157  64.993144 22.927  248.69  249.62  248.58
 121     4.565 55854.20118054 35.92  65.680076  64.993933 31.089  248.69  249.62  248.58
 122     7.666 55864.11681739 31.00  65.665908  64.994110 20.468  245.90  243.85  243.22
 122     4.390 55864.11681798 36.76  65.671827  64.994900   -100  245.90  243.85  243.22
 122     4.282 55864.11681857 37.04  65.677747  64.995690   -100  245.90  243.85  243.22
 123     3.995 55874.03247077 37.26  65.663407  64.995637   -100  248.93  247.21  245.72
 123     4.063 55874.03247136 38.23  65.669327  64.996426   -100  248.93  247.21  245.72
 123     4.155 55874.03247195 39.53  65.675247  64.997216   -100  248.93  247.21  245.72
 133     7.542 55973.18890692 18.27  65.668371  64.992778  5.550 -100.00 -100.00 -100.00
 133     7.209 55973.18890751 19.05  65.674291  64.993567  6.107 -100.00 -100.00 -100.00
 133     6.994 55973.18890810 18.59  65.680211  64.994356  7.619 -100.00 -100.00 -100.00
 134     7.368 55983.10454267 17.25  65.663936  64.994182  5.216 -100.00 -100.00 -100.00
 134     7.099 55983.10454326 17.39  65.669856  64.994972  5.992 -100.00 -100.00 -100.00
 134     6.786 55983.10454385 17.54  65.675775  64.995761  5.813 -100.00 -100.00 -100.00
 134     5.515 55983.10454444 18.16  65.681695  64.996550  8.196 -100.00 -100.00 -100.00
 135     7.080 55993.02017712 17.37  65.666816  64.994848  6.720 -100.00 -100.00 -100.00
 135     6.574 55993.02017771 17.14  65.672735  64.995638  6.002 -100.00 -100.00 -100.00
 135     6.385 55993.02017830 17.45  65.678655  64.996427  7.286 -100.00 -100.00 -100.00
 136     7.055 56002.93582598 18.60  65.666549  64.993702  5.900 -100.00 -100.00 -100.00
 136     6.868 56002.93582657 17.56  65.672468  64.994492  4.726 -100.00 -100.00 -100.00
 136     6.456 56002.93582716 18.02  65.678387  64.995281  5.371 -100.00 -100.00 -100.00
 137     7.181 56012.85147517 18.55  65.666339  64.991807  5.033 -100.00 -100.00 -100.00
 137     7.160 56012.85147576 18.58  65.672258  64.992596  5.442 -100.00 -100.00 -100.00
 137     7.091 56012.85147635 18.65  65.678176  64.993385  4.847 -100.00 -100.00 -100.00
 137     6.775 56012.85147695 18.31  65.684095  64.994174  4.999 -100.00 -100.00 -100.00
 139     3.306 56032.68276472 15.27  65.668042  64.993499 14.344 -100.00 -100.00 -100.00
 139     3.280 56032.68276531 18.84  65.673961  64.994288 23.899 -100.00 -100.00 -100.00
 139     3.632 56032.68276590 18.90  65.679880  64.995077 24.523 -100.00 -100.00 -100.00
 141     7.645 56052.51404396 34.05  65.657743  64.996074 32.284 -100.00 -100.00 -100.00
 141     7.398 56052.51404455 34.95  65.663662  64.996864   -100 -100.00 -100.00 -100.00
 141     7.312 56052.51404514 33.60  65.669582  64.997653   -100 -100.00 -100.00 -100.00
 141     7.595 56052.51404573 36.09  65.675502  64.998443   -100 -100.00 -100.00 -100.00
 142     8.882 56062.42967976 40.86  65.658733  64.995613 15.559 -100.00 -100.00 -100.00
 142     8.859 56062.42968035 38.06  65.664652  64.996403   -100 -100.00 -100.00 -100.00
 142     8.876 56062.42968094 31.76  65.670572  64.997193 25.912 -100.00 -100.00 -100.00
 142     8.835 56062.42968153 31.87  65.676491  64.997982 28.130 -100.00 -100.00 -100.00
 143     8.721 56072.34532065 31.68  65.665818  64.995051   -100  235.31  237.09  235.53
 143     8.731 56072.34532124 26.85  65.671737  64.995840 17.472  235.31  237.09  235.53
 143     8.606 56072.34532183 27.83  65.677657  64.996629 21.131  235.31  237.09  235.53
 144     8.093 56082.26097055 36.07  65.661867  64.994364   -100  245.15  245.08  244.01
 144     8.175 56082.26097114 28.27  65.667786  64.995154 23.599  245.15  245.08  244.01
 144     7.629 56082.26097173 30.15  65.673706  64.995943   -100 -100.00 -100.00 -100.00
 144     7.911 56082.26097232 27.89  65.679625  64.996733 27.244 -100.00 -100.00 -100.00
 145     7.569 56092.17661833 37.71  65.661556  64.995222  8.115 -100.00 -100.00 -100.00
 145     7.435 56092.17661892 32.80  65.667475  64.996012   -100 -100.00 -100.00 -100.00
 145     8.690 56092.17661951 24.72  65.673395  64.996801 14.367 -100.00 -100.00 -100.00
 145     7.246 56092.17662010 25.99  65.679315  64.997590 17.793 -100.00 -100.00 -100.00
 146     7.400 56102.09226357 39.42  65.658770  64.996018 25.893 -100.00 -100.00 -100.00
 146     7.675 56102.09226416 29.62  65.664689  64.996808 27.476 -100.00 -100.00 -100.00
 146     8.598 56102.09226475 28.49  65.670608  64.997597 25.233 -100.00 -100.00 -100.00
 146     7.241 56102.09226534 24.65  65.676528  64.998387 14.828 -100.00 -100.00 -100.00
 147     7.550 56112.00789482 35.95  65.660641  64.995930   -100 -100.00 -100.00 -100.00
 147     7.469 56112.00789541 34.38  65.666560  64.996720   -100 -100.00 -100.00 -100.00
 147     6.327 56112.00789600 38.53  65.672479  64.997509   -100 -100.00 -100.00 -100.00
 148     7.514 56121.92353442 29.06  65.666855  64.994701 23.273  255.67  257.73  254.75
 148     7.341 56121.92353501 27.42  65.672774  64.995490 20.122  255.67  257.73  254.75
 148     8.116 56121.92353560 22.50  65.678693  64.996279  8.012  255.67  257.73  254.75
 149     8.149 56131.83916958 31.39  65.666891  64.991882 24.265 -100.00 -100.00 -100.00
 149     4.664 56131.83917017 33.88  65.672809  64.992672   -100 -100.00 -100.00 -100.00
 149     7.282 56131.83917076 28.54  65.678728  64.993461 20.228 -100.00 -100.00 -100.00
 149     4.288 56131.83917135 31.39  65.684646  64.994250 29.393 -100.00 -100.00 -100.00
 150     8.011 56141.75480558 30.95  65.669118  64.990937 24.920  258.01  259.13  257.28
 150     7.531 56141.75480617 27.69  65.675035  64.991726 17.273  258.01  259.13  257.28
 150     8.145 56141.75480676 26.03  65.680953  64.992516 10.897  258.01  259.13  257.28
 150     4.204 56141.75480735 29.14  65.686872  64.993304 17.983  258.01  259.13  257.28
 151     7.927 56151.67045633 29.00  65.666312  64.992240 22.228  260.60  261.86  261.18
 151     3.695 56151.67045692 34.10  65.672230  64.993030   -100  260.60  261.86  261.18
 151     3.973 56151.67045751 37.79  65.678148  64.993819  0.011  260.60  261.86  261.18
 151     3.972 56151.67045810 37.10  65.684067  64.994608   -100 -100.00 -100.00 -100.00
 152     7.811 56161.58610572 22.38  65.666547  64.994670 10.772 -100.00 -100.00 -100.00
 152     7.467 56161.58610631 25.47  65.672466  64.995460 16.465 -100.00 -100.00 -100.00
 152     7.049 56161.58610690 24.32  65.678385  64.996249 12.809 -100.00 -100.00 -100.00
 153     7.626 56171.50175276 29.97  65.662287  64.995152   -100  259.97  260.08  259.73
 153     7.346 56171.50175335 27.70  65.668206  64.995942 26.768  259.97  260.08  259.73
 153     7.203 56171.50175394 26.01  65.674126  64.996731 20.148  259.97  260.08  259.73
 154     7.149 56181.41739613 27.60  65.667074  64.994616 23.742 -100.00 -100.00 -100.00
 154     7.260 56181.41739672 27.94  65.672994  64.995406 18.175 -100.00 -100.00 -100.00
 154     3.339 56181.41739731 36.05  65.678913  64.996195   -100 -100.00 -100.00 -100.00
 155     7.814 56191.33303497 30.03  65.665620  64.992481 30.685 -100.00 -100.00 -100.00
 155     7.379 56191.33303556 29.80  65.671539  64.993271 31.161 -100.00 -100.00 -100.00
 155     7.290 56191.33303615 24.56  65.677459  64.994060 13.891 -100.00 -100.00 -100.00
 155     6.985 56191.33303674 25.85  65.683378  64.994849 13.513 -100.00 -100.00 -100.00
 156     7.821 56201.24867162 27.86  65.669283  64.992096 20.757  249.31  248.76  249.67
 156     7.456 56201.24867221 22.36  65.675202  64.992885  9.203 -100.00 -100.00 -100.00
 156     7.013 56201.24867280 24.38  65.681122  64.993675 12.774 -100.00 -100.00 -100.00
 157     7.487 56211.16430587 25.21  65.669598  64.993370 17.524  248.91  250.60  249.78
 157     7.240 56211.16430646 30.30  65.675517  64.994160   -100 -100.00 -100.00 -100.00
 157     6.930 56211.16430705 26.19  65.681437  64.994949 17.944 -100.00 -100.00 -100.00
 158     7.612 56221.07993766 24.81  65.664007  64.994655 16.475 -100.00 -100.00 -100.00
 158     7.460 56221.07993825 25.07  65.669926  64.995444 13.670 -100.00 -100.00 -100.00
 158     6.965 56221.07993884 26.59  65.675845  64.996234 16.727 -100.00 -100.00 -100.00
 159     7.253 56230.99558940 26.58  65.659993  64.996163 13.767  253.05  251.70  251.63
 159     7.091 56230.99558999 26.34  65.665912  64.996953 14.684  253.05  251.70  251.63
 159     8.548 56230.99559058 26.98  65.671831  64.997743 17.469  253.05  251.70  251.63
 159     8.423 56230.99559118 26.35  65.677751  64.998532 16.312  253.05  251.70  251.63
 160     3.692 56240.91124244 38.47  65.661916  64.996532   -100  257.98  256.86  256.51
 160     3.634 56240.91124303 38.72  65.667835  64.997322 25.551  257.98  256.86  256.51
 160     3.519 56240.91124362 43.44  65.673755  64.998111 13.514  257.98  256.86  256.51
 161     3.415 56250.82689131 35.05  65.663277  64.995890 26.729 -100.00 -100.00 -100.00
 161     3.207 56250.82689190 34.96  65.669196  64.996680   -100 -100.00 -100.00 -100.00
 161     3.142 56250.82689249 34.02  65.675116  64.997469   -100 -100.00 -100.00 -100.00
 162     3.684 56260.74253541 22.48  65.664188  64.995118  8.087  253.43  251.17  246.77
 162     3.483 56260.74253600 29.74  65.670107  64.995908 25.514  253.43  251.17  246.77
 162     3.746 56260.74253659 29.92  65.676027  64.996697 21.633  253.43  251.17  246.77
 163     3.456 56270.65817686 22.13  65.661247  64.994895 11.498  258.27  255.44  248.04
 163     3.572 56270.65817745 28.78  65.667166  64.995684 30.465 -100.00 -100.00 -100.00
 163     4.352 56270.65817804 28.69  65.673086  64.996473 17.569 -100.00 -100.00 -100.00
 163     3.731 56270.65817863 29.76  65.679006  64.997262 32.494 -100.00 -100.00 -100.00
 164     7.237 56280.57381678 20.59  65.659956  64.995100  9.126 -100.00 -100.00 -100.00
 164     5.862 56280.57381737 20.08  65.665875  64.995890  9.243 -100.00 -100.00 -100.00
 164     3.786 56280.57381796 23.30  65.671795  64.996680 14.499 -100.00 -100.00 -100.00
 164     3.434 56280.57381856 25.36  65.677715  64.997469 21.791 -100.00 -100.00 -100.00
 165     7.193 56290.48946939 19.03  65.663432  64.995924  7.000  252.65  247.97  230.54
 165     4.599 56290.48946998 22.11  65.669352  64.996714 12.142  252.65  247.97  230.54
 165     3.660 56290.48947057 22.97  65.675272  64.997503 12.134 -100.00 -100.00 -100.00
 166     6.228 56300.40511721 22.70  65.661982  64.994435 13.944  251.03  245.10  224.02
 166     6.022 56300.40511780 21.27  65.667902  64.995224  9.149  251.03  245.10  224.02
 166     6.118 56300.40511840 20.96  65.673822  64.996014 10.523  251.03  245.10  224.02
 166     4.887 56300.40511899 21.41  65.679742  64.996803 11.529 -100.00 -100.00 -100.00
 167     7.335 56310.32076179 17.84  65.669483  64.993499  6.134  249.25  240.86  215.69
 167     6.790 56310.32076238 19.00  65.675403  64.994288  8.562  249.25  240.86  215.69
 167     6.569 56310.32076297 18.77  65.681323  64.995077  8.151 -100.00 -100.00 -100.00
 168     7.267 56320.23640344 18.85  65.670424  64.992685  7.246 -100.00 -100.00 -100.00
 168     7.186 56320.23640403 18.54  65.676344  64.993474  7.178 -100.00 -100.00 -100.00
 168     6.668 56320.23640462 18.43  65.682264  64.994263  7.232 -100.00 -100.00 -100.00
 169     7.330 56330.15204374 18.98  65.664472  64.992902  7.779  250.79  241.17  211.86
 169     7.088 56330.15204433 17.78  65.670392  64.993691  6.396  250.79  241.17  211.86
 169     6.051 56330.15204492 19.20  65.676311  64.994480  9.344  250.79  241.17  211.86
 169     6.137 56330.15204551 18.01  65.682231  64.995269  6.542  250.79  241.17  211.86
 170     7.623 56340.06768392 15.15  65.663931  64.994403  5.253  250.78  239.86  209.11
 170     7.505 56340.06768451 15.36  65.669850  64.995192  5.776 -100.00 -100.00 -100.00
 170     7.719 56340.06768510 14.40  65.675770  64.995981  5.290 -100.00 -100.00 -100.00
 171     7.921 56349.98332205 15.42  65.665602  64.995168  5.083  246.29  234.32  203.39
 171     7.813 56349.98332264 15.50  65.671521  64.995958  5.600  246.29  234.32  203.39
 171     7.782 56349.98332323 16.03  65.677441  64.996747  6.475 -100.00 -100.00 -100.00
 172     7.700 56359.89895861 15.52  65.662498  64.993514  5.197  243.60  228.21  193.88
 172     7.689 56359.89895920 14.83  65.668417  64.994304  5.339  243.60  228.21  193.88
 172     8.214 56359.89895980 14.45  65.674336  64.995093  4.468 -100.00 -100.00 -100.00
 172     8.035 56359.89896039 14.99  65.680255  64.995882  5.868 -100.00 -100.00 -100.00
 173     7.996 56369.81460912 13.84  65.667577  64.993135  4.343  243.34  226.58  194.42
 173     7.808 56369.81460971 14.46  65.673495  64.993925  5.792  243.34  226.58  194.42
 173     8.108 56369.81461030 14.45  65.679414  64.994714  5.636  243.34  226.58  194.42
 175     9.090 56389.64590135 14.82  65.663378  64.994526  3.971 -100.00 -100.00 -100.00
 175     9.223 56389.64590194 14.43  65.669297  64.995315  3.558 -100.00 -100.00 -100.00
 175     9.416 56389.64590253 14.22  65.675216  64.996104  3.747 -100.00 -100.00 -100.00
 176     9.387 56399.56154434  9.16  65.658480  64.995879  5.754  251.11  245.36  235.78
 176     9.513 56399.56154493  8.08  65.664399  64.996669  3.631  251.11  245.36  235.78
 176     9.642 56399.56154552  7.54  65.670319  64.997458  3.163  251.11  245.36  235.78
 176     9.717 56399.56154611  7.32  65.676239  64.998247  3.114  251.11  245.36  235.78
 177     3.099 56409.47718549 32.81  65.661608  64.997233   -100  263.71  263.05  263.19
 177     3.114 56409.47718608 35.20  65.667528  64.998023   -100  263.71  263.05  263.19
 177     3.088 56409.47718667 35.26  65.673448  64.998812   -100  263.71  263.05  263.19
 178     8.790 56419.39282180 35.13  65.663278  64.996750 31.639 -100.00 -100.00 -100.00
 178     9.126 56419.39282239 29.68  65.669198  64.997540 12.580 -100.00 -100.00 -100.00
 178     9.157 56419.39282298 30.33  65.675118  64.998329 15.722 -100.00 -100.00 -100.00
 179     9.632 56429.30845640 47.29  65.662148  64.995226   -100  220.05  221.41  219.91
 179     9.251 56429.30845700 37.27  65.668067  64.996016   -100  220.05  221.41  219.91
 179     9.264 56429.30845759 36.35  65.673987  64.996805   -100  220.05  221.41  219.91
 180     9.169 56439.22411010 38.85  65.664358  64.995550   -100  226.40  230.86  228.86
 180     8.880 56439.22411069 35.93  65.670277  64.996340   -100  226.40  230.86  228.86
 180     8.894 56439.22411128 31.10  65.676197  64.997129 29.571  226.40  230.86  228.86
 181     8.807 56449.13976110 38.59  65.664541  64.995937  8.003  230.05  233.54  228.29
 181     8.813 56449.13976169 32.66  65.670461  64.996726   -100  230.05  233.54  228.29
 181     8.800 56449.13976228 31.39  65.676381  64.997515   -100  230.05  233.54  228.29
 182     8.762 56459.05540955 41.71  65.661293  64.995717 24.274 -100.00 -100.00 -100.00
 182     8.727 56459.05541014 38.29  65.667213  64.996506 14.967 -100.00 -100.00 -100.00
 182     8.717 56459.05541073 32.32  65.673132  64.997295   -100 -100.00 -100.00 -100.00
 183     8.721 56468.97105523 39.80  65.664332  64.995376 20.587 -100.00 -100.00 -100.00
 183     8.690 56468.97105582 36.89  65.670251  64.996165 12.566 -100.00 -100.00 -100.00
 183     8.682 56468.97105641 29.99  65.676171  64.996954   -100 -100.00 -100.00 -100.00
 184     8.615 56478.88669675 35.08  65.665535  64.994381   -100  242.79  248.89  240.00
 184     8.669 56478.88669734 28.45  65.671454  64.995170 23.704  242.79  248.89  240.00
 184     8.601 56478.88669793 28.73  65.677373  64.995959 19.456  242.79  248.89  240.00
 185     8.505 56488.80233465 31.85  65.669649  64.993614   -100  242.33  247.38  243.24
 185     8.514 56488.80233524 27.64  65.675567  64.994403 15.929  242.33  247.38  243.24
 185     8.461 56488.80233583 26.25  65.681486  64.995192 13.594  242.33  247.38  243.24
 187     8.388 56508.63360326 35.10  65.665855  64.992868   -100  249.83  253.29  246.75
 187     8.371 56508.63360385 31.21  65.671773  64.993658 29.031  249.83  253.29  246.75
 187     8.268 56508.63360444 27.90  65.677692  64.994447 15.773  249.83  253.29  246.75
 187     8.290 56508.63360503 25.19  65.683611  64.995236  8.572  249.83  253.29  246.75
 188     8.195 56518.54924300 30.95  65.666268  64.993629   -100  252.01  253.52  248.95
 188     8.238 56518.54924359 25.49  65.672186  64.994419 14.345  252.01  253.52  248.95
 188     8.009 56518.54924418 27.29  65.678105  64.995208 18.634  252.01  253.52  248.95
 189     8.114 56528.46489726 26.41  65.667524  64.994491 19.516 -100.00 -100.00 -100.00
 189     8.157 56528.46489785 23.99  65.673443  64.995280 11.418 -100.00 -100.00 -100.00
 189     8.143 56528.46489844 22.65  65.679362  64.996069 10.029 -100.00 -100.00 -100.00
 190     7.349 56538.38054662 36.76  65.662436  64.993751 10.840  258.57  258.30  257.88
 190     8.063 56538.38054721 24.28  65.668355  64.994541 14.821  258.57  258.30  257.88
 190     8.234 56538.38054780 20.46  65.674274  64.995330  6.140  258.57  258.30  257.88
 190     7.936 56538.38054839 21.38  65.680194  64.996119  7.301  258.57  258.30  257.88
 191     7.991 56548.29619266 29.32  65.665340  64.993766 29.973  257.92  258.46  258.21
 191     7.854 56548.29619325 26.64  65.671260  64.994555 22.289  257.92  258.46  258.21
 191     7.387 56548.29619384 27.75  65.677180  64.995344 27.080  257.92  258.46  258.21
 192     7.715 56558.21183615 26.36  65.667597  64.994601 21.854 -100.00 -100.00 -100.00
 192     7.786 56558.21183674 24.27  65.673516  64.995390 14.491 -100.00 -100.00 -100.00
 192     7.206 56558.21183733 27.07  65.679436  64.996179 19.540 -100.00 -100.00 -100.00
 193     7.480 56568.12747825 31.64  65.664865  64.995423   -100  252.59  251.69  249.66
 193     7.532 56568.12747884 22.59  65.670785  64.996212 15.898 -100.00 -100.00 -100.00
 193     7.297 56568.12747943 21.40  65.676705  64.997001 12.541 -100.00 -100.00 -100.00
 194     7.895 56578.04311880 30.28  65.659589  64.996101 18.491  246.75  244.67  241.83
 194     7.390 56578.04311939 32.79  65.665509  64.996891 23.729  246.75  244.67  241.83
 194     8.253 56578.04311998 28.92  65.671429  64.997680 14.534  246.75  244.67  241.83
 194     6.860 56578.04312057 29.35  65.677349  64.998469 18.386  246.75  244.67  241.83
 195     4.292 56587.95875620 39.96  65.660268  64.996379 32.606 -100.00 -100.00 -100.00
 195     4.535 56587.95875679 40.82  65.666187  64.997169 31.373 -100.00 -100.00 -100.00
 195     4.234 56587.95875738 43.91  65.672107  64.997959   -100 -100.00 -100.00 -100.00
 196     5.725 56597.87439831 40.03  65.661385  64.995942   -100  247.38  244.27  239.38
 196     6.332 56597.87439890 41.08  65.667304  64.996732 20.075  247.38  244.27  239.38
 196     5.427 56597.87439949 45.17  65.673223  64.997522  9.971  247.38  244.27  239.38
 197     5.700 56607.79004950 32.69  65.659766  64.995310 30.722  257.53  255.43  249.42
 197     5.611 56607.79005010 34.96  65.665685  64.996099   -100  257.53  255.43  249.42
 197     5.641 56607.79005069 36.25  65.671605  64.996889   -100  257.53  255.43  249.42
 197     5.668 56607.79005128 36.26  65.677525  64.997678   -100  257.53  255.43  249.42
 198     5.741 56617.70569604 26.64  65.660154  64.995361 13.960 -100.00 -100.00 -100.00
 198     5.710 56617.70569663 30.13  65.666073  64.996150 24.192 -100.00 -100.00 -100.00
 198     5.646 56617.70569722 33.15  65.671993  64.996940   -100 -100.00 -100.00 -100.00
 198     5.668 56617.70569781 31.37  65.677913  64.997729 30.453 -100.00 -100.00 -100.00
 199     5.116 56627.62133966 27.89  65.664697  64.995997 17.410 -100.00 -100.00 -100.00
 199     5.233 56627.62134025 32.27  65.670616  64.996786   -100 -100.00 -100.00 -100.00
 199     5.139 56627.62134084 29.89  65.676536  64.997575 24.746 -100.00 -100.00 -100.00
 200     4.620 56637.53697983 24.64  65.662935  64.995274 12.185  249.66  246.15  235.98
 200     4.555 56637.53698042 25.69  65.668855  64.996064 15.083 -100.00 -100.00 -100.00
 200     4.458 56637.53698101 26.86  65.674775  64.996853 19.714 -100.00 -100.00 -100.00
 201     7.447 56647.45262206 22.42  65.663101  64.994015 11.546 -100.00 -100.00 -100.00
 201     6.237 56647.45262265 23.24  65.669021  64.994804 13.554 -100.00 -100.00 -100.00
 201     6.060 56647.45262324 22.07  65.674941  64.995594 11.409 -100.00 -100.00 -100.00
 201     6.053 56647.45262384 21.68  65.680861  64.996383 10.085 -100.00 -100.00 -100.00
 202     7.592 56657.36827430 25.76  65.666163  64.993534 18.778  254.74  250.80  237.21
 202     4.631 56657.36827489 27.13  65.672083  64.994324 23.594 -100.00 -100.00 -100.00
 202     4.777 56657.36827548 24.62  65.678003  64.995113 16.805 -100.00 -100.00 -100.00
 203     4.492 56667.28392228 23.91  65.669709  64.993579 16.515 -100.00 -100.00 -100.00
 203     7.300 56667.28392287 21.84  65.675629  64.994368 10.858 -100.00 -100.00 -100.00
 203     4.454 56667.28392346 25.88  65.681549  64.995157 23.689 -100.00 -100.00 -100.00
 205     7.685 56687.11521040 18.71  65.661229  64.994291  8.648  247.46  238.01  214.36
 205     7.801 56687.11521099 18.22  65.667149  64.995080  7.135  247.46  238.01  214.36
 205     4.147 56687.11521158 24.88  65.673069  64.995869 23.715  247.46  238.01  214.36
 205     4.299 56687.11521217 26.79  65.678989  64.996658 31.038  247.46  238.01  214.36
 206     4.825 56697.03085258 22.29  65.665521  64.995166 16.094  247.64  237.13  209.76
 206     5.512 56697.03085317 23.30  65.671441  64.995956 15.906  247.64  237.13  209.76
 206     4.317 56697.03085376 25.56  65.677361  64.996745 25.044  247.64  237.13  209.76
 207     5.474 56706.94648972 21.65  65.666177  64.994408 13.408  245.89  232.93  203.87
 207     4.121 56706.94649032 25.21  65.672096  64.995197 24.179  245.89  232.93  203.87
 207     4.050 56706.94649091 27.90  65.678015  64.995986   -100  245.89  232.93  203.87
 208     3.747 56716.86212464 25.62  65.667535  64.993504 24.488  250.91  238.95  212.14
 208     3.918 56716.86212523 26.24  65.673453  64.994294 25.823  250.91  238.95  212.14
 208     3.848 56716.86212582 29.07  65.679372  64.995083   -100  250.91  238.95  212.14
 209     7.394 56726.77777766 18.22  65.667117  64.994172  8.251  251.44  239.14  209.76
 209     7.067 56726.77777825 18.66  65.673036  64.994961 10.325  251.44  239.14  209.76
 209     6.865 56726.77777884 19.40  65.678955  64.995750 10.132  251.44  239.14  209.76
 211     9.200 56746.60907204 13.98  65.660937  64.996968  6.328  230.48  212.31  183.57
 211     8.611 56746.60907263 14.93  65.666857  64.997758  7.317  230.48  212.31  183.57
 211     9.482 56746.60907322 13.24  65.672777  64.998547  5.176  230.48  212.31  183.57
 212     9.074 56756.52471299 14.08  65.656736  64.996847  5.254 -100.00 -100.00 -100.00
 212     9.088 56756.52471358 14.22  65.662656  64.997637  6.339 -100.00 -100.00 -100.00
 212     7.562 56756.52471417 14.35  65.668575  64.998426  5.892 -100.00 -100.00 -100.00
 212     8.289 56756.52471476 14.05  65.674496  64.999215  5.951 -100.00 -100.00 -100.00
 213     3.670 56766.44034882 36.57  65.660064  64.996242   -100 -100.00 -100.00 -100.00
 213     3.676 56766.44034941 38.70  65.665983  64.997032   -100 -100.00 -100.00 -100.00
 213     3.820 56766.44035000 38.13  65.671903  64.997822   -100 -100.00 -100.00 -100.00
 214     4.418 56776.35599037 28.62  65.659559  64.995031 29.524  252.70  242.68  227.95
 214     4.404 56776.35599096 28.70  65.665478  64.995821 27.606  252.70  242.68  227.95
 214     4.352 56776.35599155 31.99  65.671398  64.996610   -100  252.70  242.68  227.95
 214     4.425 56776.35599214 31.24  65.677318  64.997399   -100  252.70  242.68  227.95
 215     7.736 56786.27164682 33.29  65.659147  64.995371 27.711  251.08  249.37  246.23
 215     7.645 56786.27164741 33.00  65.665067  64.996161 25.942  251.08  249.37  246.23
 215     8.878 56786.27164800 30.27  65.670987  64.996950 18.658  251.08  249.37  246.23
 215     6.682 56786.27164859 35.20  65.676907  64.997739   -100  251.08  249.37  246.23
 216     9.473 56796.18730008 43.44  65.662932  64.996839 11.411  208.61  216.68  214.26
 216     9.395 56796.18730067 33.69  65.668852  64.997628   -100 -100.00 -100.00 -100.00
 216     9.422 56796.18730126 33.77  65.674773  64.998417   -100 -100.00 -100.00 -100.00
 217     9.688 56806.10294771 45.60  65.656553  64.996532  6.990  204.39  208.76  203.89
 217     9.494 56806.10294830 38.38  65.662473  64.997321   -100  204.39  208.76  203.89
 217     9.475 56806.10294889 34.35  65.668393  64.998111   -100  204.39  208.76  203.89
 217     9.510 56806.10294948 38.55  65.674313  64.998899   -100  204.39  208.76  203.89
 219     9.465 56825.93422828 33.83  65.665060  64.994542   -100 -100.00 -100.00 -100.00
 219     9.488 56825.93422888 32.97  65.670979  64.995331 30.824 -100.00 -100.00 -100.00
 219     9.428 56825.93422947 32.66  65.676898  64.996120 32.370 -100.00 -100.00 -100.00
 220     9.530 56835.84986337 37.96  65.670210  64.993373   -100  207.83  217.34  209.66
 220     9.527 56835.84986396 35.34  65.676128  64.994162   -100  207.83  217.34  209.66
 220     9.387 56835.84986455 36.88  65.682047  64.994951   -100  207.83  217.34  209.66
 221     9.599 56845.76549466 40.58  65.668363  64.992762   -100  209.95  216.91  211.53
 221     9.540 56845.76549525 35.41  65.674281  64.993551   -100  209.95  216.91  211.53
 221     9.534 56845.76549584 31.54  65.680200  64.994340 19.499  209.95  216.91  211.53
 222     9.664 56855.68114209 35.08  65.665616  64.993808   -100 -100.00 -100.00 -100.00
 222     9.423 56855.68114268 34.23  65.671534  64.994597 32.701 -100.00 -100.00 -100.00
 222     9.379 56855.68114327 34.23  65.677453  64.995387 30.612 -100.00 -100.00 -100.00
 223     9.667 56865.59679545 39.16  65.662756  64.995030   -100 -100.00 -100.00 -100.00
 223     9.284 56865.59679604 32.77  65.668675  64.995820 29.008 -100.00 -100.00 -100.00
 223     9.338 56865.59679663 30.85  65.674594  64.996609 21.533 -100.00 -100.00 -100.00
 224     9.183 56875.51244791 41.72  65.661349  64.995110  3.528 -100.00 -100.00 -100.00
 224     9.068 56875.51244850 37.90  65.667268  64.995899  1.932 -100.00 -100.00 -100.00
 224     9.087 56875.51244909 31.87  65.673188  64.996688 30.300 -100.00 -100.00 -100.00
 224     9.086 56875.51244968 28.82  65.679108  64.997477 16.447 -100.00 -100.00 -100.00
 225     8.560 56885.42809778 37.34  65.665816  64.995202   -100  245.66  249.80  242.04
 225     8.556 56885.42809837 31.88  65.671735  64.995991 32.283  245.66  249.80  242.04
 225     8.269 56885.42809896 28.91  65.677655  64.996780 27.698  245.66  249.80  242.04
 226     7.312 56895.34374404 38.49  65.663611  64.994275  8.219 -100.00 -100.00 -100.00
 226     8.631 56895.34374463 26.70  65.669530  64.995064 17.408 -100.00 -100.00 -100.00
 226     8.614 56895.34374522 23.53  65.675450  64.995853  9.993 -100.00 -100.00 -100.00
 226     8.167 56895.34374581 22.61  65.681370  64.996642  8.678 -100.00 -100.00 -100.00
 227     6.767 56905.25938773 39.34  65.666077  64.995245  0.298 -100.00 -100.00 -100.00
 227     8.419 56905.25938832 23.70  65.671997  64.996034  9.051 -100.00 -100.00 -100.00
 227     6.891 56905.25938891 25.63  65.677917  64.996823 13.714 -100.00 -100.00 -100.00
 228     7.438 56915.17502833 35.46  65.658829  64.996046   -100 -100.00 -100.00 -100.00
 228     7.766 56915.17502892 26.91  65.664749  64.996835 14.336 -100.00 -100.00 -100.00
 228     7.485 56915.17502951 25.33  65.670669  64.997625 11.510 -100.00 -100.00 -100.00
 228     7.323 56915.17503011 24.01  65.676589  64.998414  9.042 -100.00 -100.00 -100.00
 229     7.583 56925.09066778 31.26  65.658613  64.997565 30.045 -100.00 -100.00 -100.00
 229     7.664 56925.09066837 26.07  65.664533  64.998354 15.580 -100.00 -100.00 -100.00
 229     7.417 56925.09066896 24.48  65.670454  64.999143 11.398 -100.00 -100.00 -100.00
 230     7.403 56935.00630423 36.04  65.658874  64.997656   -100 -100.00 -100.00 -100.00
 230     7.572 56935.00630482 27.16  65.664793  64.998446 15.059 -100.00 -100.00 -100.00
 230     6.961 56935.00630541 29.12  65.670713  64.999235 19.957 -100.00 -100.00 -100.00
 231     6.184 56944.92193555 41.08  65.661912  64.996302   -100  242.88  240.21  234.17
 231     6.220 56944.92193614 39.80  65.667832  64.997092   -100  242.88  240.21  234.17
 231     6.007 56944.92193673 46.12  65.673751  64.997881   -100  242.88  240.21  234.17
 232     5.706 56954.83758537 40.07  65.662427  64.994907   -100  245.10  241.61  236.54
 232     6.013 56954.83758596 41.25  65.668345  64.995696   -100  245.10  241.61  236.54
 232     5.843 56954.83758656 42.21  65.674265  64.996486   -100  245.10  241.61  236.54
 232     5.780 56954.83758715 44.43  65.680184  64.997275 15.682  245.10  241.61  236.54
 233     5.342 56964.75323529 35.77  65.665252  64.994969   -100  252.01  249.86  244.07
 233     5.558 56964.75323589 37.23  65.671171  64.995758   -100 -100.00 -100.00 -100.00
 233     5.468 56964.75323648 38.29  65.677090  64.996547   -100 -100.00 -100.00 -100.00
 234     8.094 56974.66888033 21.24  65.663797  64.995797  6.343  241.03  236.42  226.28
 234     7.045 56974.66888092 21.27  65.669716  64.996586  6.682 -100.00 -100.00 -100.00
 234     6.809 56974.66888151 21.68  65.675636  64.997375  7.671 -100.00 -100.00 -100.00
 235     8.321 56984.58452057 18.79  65.658603  64.996020  5.238  237.96  232.58  222.40
 235     7.920 56984.58452116 19.71  65.664523  64.996810  6.232  237.96  232.58  222.40
 235     8.292 56984.58452175 20.23  65.670442  64.997599  7.636 -100.00 -100.00 -100.00
 235     8.316 56984.58452234 19.17  65.676362  64.998388  5.580 -100.00 -100.00 -100.00
 236     8.342 56994.50015651 18.97  65.662720  64.995599  6.282  237.22  231.06  218.69
 236     8.414 56994.50015710 18.80  65.668639  64.996388  5.810  237.22  231.06  218.69
 236     8.367 56994.50015769 17.97  65.674559  64.997178  6.128  237.22  231.06  218.69
 237     7.826 57004.41579621 17.97  65.665214  64.993428  5.708  247.80  243.83  230.93
 237     7.924 57004.41579680 18.05  65.671133  64.994218  5.831  247.80  243.83  230.93
 237     8.080 57004.41579739 17.74  65.677053  64.995007  5.459  247.80  243.83  230.93
 237     7.805 57004.41579798 17.20  65.682973  64.995796  5.051  247.80  243.83  230.93
 238     7.366 57014.33145205 19.03  65.666127  64.992023  6.176 -100.00 -100.00 -100.00
 238     7.474 57014.33145264 18.20  65.672046  64.992813  5.742 -100.00 -100.00 -100.00
 238     7.918 57014.33145323 17.39  65.677966  64.993602  4.750 -100.00 -100.00 -100.00
 238     7.035 57014.33145382 17.44  65.683886  64.994391  4.962 -100.00 -100.00 -100.00
 239     8.049 57024.24710299 19.08  65.665631  64.992281  6.501  240.84  233.13  214.66
 239     7.571 57024.24710358 18.68  65.671550  64.993071  5.452  240.84  233.13  214.66
 239     7.819 57024.24710417 18.64  65.677470  64.993860  5.742  240.84  233.13  214.66
 239     7.864 57024.24710476 17.97  65.683390  64.994649  4.977  240.84  233.13  214.66
 240     8.064 57034.16275163 18.57  65.665238  64.994546  6.651  243.46  236.55  216.88
 240     8.474 57034.16275222 17.87  65.671158  64.995335  4.789  243.46  236.55  216.88
 240     8.232 57034.16275281 18.27  65.677079  64.996124  5.369  243.46  236.55  216.88
 241     8.711 57044.07839755 16.08  65.662490  64.996073  5.608 -100.00 -100.00 -100.00
 241     8.353 57044.07839814 16.03  65.668410  64.996863  5.786 -100.00 -100.00 -100.00
 241     7.953 57044.07839873 15.83  65.674330  64.997652  5.839 -100.00 -100.00 -100.00
 242     8.835 57053.99404098 17.46  65.663017  64.996143  4.824 -100.00 -100.00 -100.00
 242     9.116 57053.99404157 17.58  65.668937  64.996933  4.634 -100.00 -100.00 -100.00
 242     8.909 57053.99404216 18.17  65.674857  64.997722  5.908 -100.00 -100.00 -100.00
 243     7.498 57063.90967972 17.01  65.664403  64.994503  7.098  246.54  237.31  214.51
 243     7.407 57063.90968031 16.62  65.670322  64.995292  6.052  246.54  237.31  214.51
 243     6.945 57063.90968090 17.77  65.676241  64.996082  6.949  246.54  237.31  214.51
 244     8.383 57073.82531333 14.39  65.663732  64.993028  4.506  247.88  238.95  216.04
 244     7.985 57073.82531392 14.23  65.669651  64.993817  4.465  247.88  238.95  216.04
 244     7.224 57073.82531451 15.07  65.675570  64.994606  6.042  247.88  238.95  216.04
 244     8.070 57073.82531510 14.05  65.681489  64.995395  4.976  247.88  238.95  216.04
 245     7.999 57083.74094395 14.15  65.667508  64.993801  4.348 -100.00 -100.00 -100.00
 245     7.194 57083.74094455 15.26  65.673427  64.994591  5.958 -100.00 -100.00 -100.00
 245     6.716 57083.74094514 15.30  65.679346  64.995380  6.495 -100.00 -100.00 -100.00
 246     8.690 57093.65659391 14.00  65.660502  64.995570  4.926  248.83  238.00  214.10
 246     8.453 57093.65659450 14.26  65.666421  64.996360  5.024  248.83  238.00  214.10
 246     8.581 57093.65659509 14.70  65.672341  64.997149  5.199  248.83  238.00  214.10
 246     8.488 57093.65659568 14.64  65.678260  64.997938  6.083  248.83  238.00  214.10
 247     9.849 57103.57225090 12.02  65.659878  64.998037  4.098  237.99  225.81  201.14
 247     9.769 57103.57225149 11.78  65.665798  64.998827  4.047  237.99  225.81  201.14
 247     9.680 57103.57225208 12.31  65.671718  64.999616  5.132  237.99  225.81  201.14
 248     9.938 57113.48790341 11.62  65.655344  64.997811  3.981 -100.00 -100.00 -100.00
 248     9.877 57113.48790400 11.46  65.661263  64.998600  3.683 -100.00 -100.00 -100.00
 248     9.732 57113.48790459 11.47  65.667184  64.999390  3.592 -100.00 -100.00 -100.00
 248     9.860 57113.48790519 11.19  65.673104  65.000179  3.374 -100.00 -100.00 -100.00
 249     9.036 57123.40355090 11.18  65.662810  64.997031  7.961  261.59  261.10  261.01
 249     9.492 57123.40355149 10.10  65.668730  64.997820  7.164  261.59  261.10  261.01
 249     5.521 57123.40355208 12.40  65.674650  64.998609 10.479  261.59  261.10  261.01
 250     7.828 57133.31919247 11.38  65.665384  64.995424  7.180  233.47  220.76  192.10
 250     9.149 57133.31919307 10.48  65.671304  64.996213  6.501  233.47  220.76  192.10
 250     6.968 57133.31919366 11.07  65.677224  64.997002  7.203  233.47  220.76  192.10
