# NaN NaN NaN ;Mean Elev.(m), Avg Gradient(m/km), RMS Gradient(m/km) - SRTM1     
#   34.950  -0.488   2.873 ;Mean Elev.(m), Avg Gradient(m/km), RMS Gradient(m/km) - ASTER GDEM
#   23.353  -0.596   3.305 ;Mean Elev.(m), Avg Gradient(m/km), RMS Gradient(m/km) - GMTED2010 
   1  77.703125  60.529873    40.506    40.506  2 54667.21066635 22.071
   2  77.701755  60.530931    38.005    38.005  2 54677.12631082 31.433
   3  77.700251  60.532332   -29.883   -29.883  2 54687.04195393  7.053
   4  77.701549  60.533237    36.378    36.378  2 54696.95759544 38.936
   5  77.699803  60.530707   -24.298   -24.298  2 54706.87323561  7.489
   6  77.701481  60.529333    34.911    34.911  2 54716.78888758 42.211
   7  77.703909  60.528386    -3.847    -3.847  2 54726.70453723  9.061
   8  77.701352  60.528036    34.363    34.363  2 54736.62018486 32.990
   9  77.700553  60.530356    40.404    40.404  2 54746.53583250 25.807
  10  77.701374  60.532857    40.557    40.557  2 54756.45147991 26.511
  11  77.699421  60.531762    34.822    34.822  2 54766.36712489 36.194
  12  77.704217  60.530603    34.538    34.538  2 54776.28276736 35.021
  13  77.704476  60.528089    35.492    35.492  2 54786.19840677 37.813
  14  77.703522  60.527372    36.578    36.550  3 54796.11404495 43.860
  17  77.703476  60.531036    34.979    34.979  2 54825.86096759 25.010
  18  77.702050  60.530908    38.017    38.017  2 54835.77660676 20.744
  19  77.702507  60.532328    40.576    40.576  2 54845.69225659 19.173
  20  77.700518  60.533288    41.766    41.766  2 54855.60790550 18.260
  21  77.693861  60.532876    40.940    40.911  4 54865.52355379 17.546
  22  77.695437  60.533952    41.345    41.338  4 54875.43920263 17.715
  23  77.698385  60.533650    40.712    40.773  3 54885.35484860 16.586
  24  77.701119  60.532095    41.057    41.057  2 54895.27049093 16.405
  25  77.702625  60.530698    40.560    40.560  2 54905.18613045 16.455
  27  77.702794  60.531098    34.053    34.053  2 54925.01740673 33.486
  28  77.703027  60.531456    34.553    34.553  2 54934.93304395 26.462
  30  77.703595  60.526912    40.041    40.041  2 54954.76431145 32.671
  31  77.705211  60.526333    39.949    39.949  2 54964.67995781 32.225
  32  77.704799  60.527174    40.297    40.297  2 54974.59560605 32.512
  34  77.700780  60.530240    40.284    40.284  2 54994.42690162 31.259
  35  77.701528  60.531638    40.436    40.436  2 55004.34254828 36.156
  36  77.700350  60.531577    40.195    40.195  2 55014.25819244 28.916
  37  77.700498  60.531785    39.525    39.525  2 55024.17383532 36.622
  38  77.701042  60.532899    40.553    40.553  2 55034.08947769 24.795
  39  77.698626  60.532414    37.793    37.793  2 55044.00511883 52.000
  40  77.702347  60.532411    37.384    37.384  2 55053.92075891 31.565
  41  77.702188  60.529557    36.147    36.147  2 55063.83639606 45.351
  42  77.704145  60.528869    38.362    38.362  2 55073.75204193 25.400
  43  77.702957  60.528505    36.350    36.350  2 55083.66768984 28.734
  44  77.700976  60.529088    35.455    35.455  2 55093.58333632 32.985
  45  77.703030  60.531063    36.321    36.321  2 55103.49898326 30.955
  46  77.700657  60.530866    34.787    34.787  2 55113.41462928 30.876
  48  77.702478  60.529162    34.971    34.971  2 55133.24591399 42.022
  49  77.703275  60.528298    36.144    36.144  2 55143.16155272 39.473
  50  77.703976  60.528864    36.158    36.158  2 55153.07719094 38.888
  51  77.700812  60.528561    36.261    36.261  2 55162.99282899 37.271
  52  77.702915  60.529888    35.720    35.720  2 55172.90846740 29.812
  53  77.703735  60.529755    40.260    40.260  2 55182.82410418 19.520
  54  77.701470  60.530346    37.896    37.896  2 55192.73975525 18.606
  55  77.701031  60.532195    39.578    39.578  2 55202.65540546 17.059
  56  77.698692  60.533142    39.024    39.024  2 55212.57105479 16.835
  57  77.696523  60.532884    40.886    40.389  3 55222.48670358 16.262
  58  77.701644  60.533551    41.266    41.266  2 55232.40235183 15.682
  60  77.703853  60.530546    41.193    41.193  2 55252.23363722 14.644
  61  77.703966  60.530653    41.356    41.356  2 55262.14927601 13.802
  62  77.702863  60.531152    41.380    41.380  2 55272.06491372 14.751
  63  77.701231  60.530433    42.359    42.359  2 55281.98055103 11.837
  64  77.702552  60.529252    42.562    42.562  2 55291.89618736 11.541
  65  77.705126  60.527638    41.767    41.767  2 55301.81182177  9.706
  66  77.704814  60.527181    37.223    36.396  3 55311.72746936 31.211
  67  77.704044  60.527824    36.962    37.011  3 55321.64311477 47.980
  68  77.700829  60.528514    40.277    40.277  2 55331.55875889 53.060
  70  77.701084  60.530706    41.056    41.056  2 55351.39004766 39.059
  71  77.700543  60.530242    41.411    41.411  2 55361.30568951 36.524
  72  77.702139  60.530986    41.664    41.664  2 55371.22132957 39.738
  73  77.702529  60.531886    41.715    41.715  2 55381.13696801 39.844
  74  77.701023  60.531997    41.545    41.545  2 55391.05260543 35.303
  76  77.703946  60.530161    39.817    39.817  2 55410.88389064 53.431
  77  77.702096  60.527452    37.966    37.966  2 55420.79954002 47.000
  78  77.703966  60.527479    40.230    40.243  3 55430.71518711 24.486
  80  77.701147  60.530518    38.032    38.032  2 55450.54647512 28.339
  81  77.700665  60.530918    35.202    35.202  2 55460.46211782 30.045
  82  77.701303  60.529399    40.838    40.838  2 55470.37775930 24.264
  83  77.703940  60.527773    36.684    35.212  3 55480.29339790 33.067
  84  77.703528  60.525998    36.470    36.470  2 55490.20903357 34.531
  85  77.704524  60.526592    36.341    36.341  2 55500.12466744 35.534
  86  77.702753  60.528254    35.677    35.677  2 55510.04030902 44.957
  87  77.700882  60.530006    35.399    35.399  2 55519.95595883 41.348
  88  77.702157  60.531350    34.791    34.791  2 55529.87160788 30.485
  89  77.700979  60.530784    35.115    35.115  2 55539.78725477 25.291
  90  77.699954  60.530614    40.591    40.591  2 55549.70289956 20.783
  91  77.699689  60.531945    40.279    40.279  2 55559.61854300 17.740
  92  77.697349  60.532558    40.494    40.494  2 55569.53418536 17.355
  93  77.700531  60.533249    41.030    41.030  2 55579.44982732 17.927
  94  77.700942  60.530372    40.106    40.106  2 55589.36546597 17.462
  95  77.703911  60.527208    41.149    41.149  2 55599.28110172 17.341
  96  77.705629  60.525401    39.795    39.789  3 55609.19673506 17.302
  97  77.705207  60.525653    39.326    39.442  3 55619.11236673 16.829
  98  77.703311  60.528609    39.323    39.323  2 55629.02801552 17.035
  99  77.702922  60.530285    41.170    41.170  2 55638.94366663 14.291
 101  77.703499  60.527027    40.070    40.070  2 55658.77496057 12.388
 102  77.704062  60.526379    34.883    34.883  2 55668.69060233 35.099
 103  77.703932  60.527881    39.926    39.926  2 55678.60624199 32.901
 104  77.701206  60.529220    40.495    40.495  2 55688.52187952 30.435
 105  77.702488  60.530760    40.675    40.675  2 55698.43751608 34.366
 106  77.704339  60.530407    40.792    40.792  2 55708.35315287 36.120
 107  77.703840  60.530043    40.623    40.623  2 55718.26880375 46.197
 108  77.701122  60.529733    39.546    39.546  2 55728.18445183 31.355
 109  77.699790  60.530772    38.305    38.305  2 55738.10009860 33.760
 111  77.702219  60.532864    36.553    36.553  2 55757.93138780 53.366
 112  77.702771  60.530558    36.451    36.451  2 55767.84702808 31.983
 113  77.703719  60.527439    37.801    37.801  2 55777.76266523 28.472
 114  77.705992  60.526028    35.495    35.558  3 55787.67830020 47.752
 115  77.703847  60.525644    37.600    37.600  2 55797.59393351 32.172
 116  77.705095  60.528504    37.557    37.557  2 55807.50957743 30.262
 117  77.703367  60.529789    35.984    35.984  2 55817.42522658 31.752
 118  77.703343  60.528615    35.729    35.729  2 55827.34087196 40.704
 119  77.703592  60.526372    36.451    36.991  3 55837.25651284 33.972
 120  77.704097  60.525011    35.692    34.941  3 55847.17215065 35.740
 121  77.705275  60.526361    35.453    34.697  3 55857.08778642 33.738
 122  77.702663  60.528559    33.805    33.805  2 55867.00343073 31.940
 133  77.702563  60.527401    42.426    42.426  2 55976.07551403 16.703
 134  77.703133  60.528773    42.255    42.255  2 55985.99115041 16.801
 135  77.702986  60.528481    42.206    42.206  2 55995.90678623 17.280
 136  77.703738  60.528489    42.274    42.274  2 56005.82243796 15.331
 137  77.704428  60.527560    42.029    42.029  2 56015.73808558 13.403
 139  77.702378  60.529120    34.804    34.804  2 56035.56937342 39.841
 141  77.700479  60.531253    41.816    41.816  2 56055.40065284 25.147
 142  77.703147  60.531056    40.318    40.318  2 56065.31628734 25.476
 143  77.701233  60.529894    38.988    38.988  2 56075.23193244 27.183
 144  77.700671  60.530529    37.530    37.530  2 56085.14758187 48.232
 146  77.699908  60.530845    35.386    35.386  2 56104.97887364 41.290
 147  77.702952  60.530710    34.717    34.717  2 56114.89450421 29.448
 148  77.703756  60.529129    34.328    34.328  2 56124.81014221 40.109
 149  77.703059  60.526544    33.950    33.950  2 56134.72577598 43.851
 150  77.704999  60.526807    33.868    33.891  3 56144.64141693 33.111
 151  77.702896  60.527619    33.560    33.560  2 56154.55706705 31.149
 152  77.701223  60.528787    33.246    33.246  2 56164.47271617 36.448
 153  77.703601  60.530345    33.154    33.154  2 56174.38836358 30.132
 154  77.702990  60.529310    33.455    33.455  2 56184.30400524 44.302
 155  77.703575  60.528090    33.325    33.325  2 56194.21964319 34.063
 156  77.704174  60.527773    33.589    33.589  2 56204.13527834 35.999
 157  77.705357  60.528743    33.907    33.907  2 56214.05091209 43.716
 158  77.703289  60.529047    33.274    33.274  2 56223.96654685 28.764
 159  77.702067  60.530786    34.335    34.335  2 56233.88220284 39.235
 161  77.702474  60.531666    36.934    36.934  2 56253.71350209 25.080
 164  77.700223  60.530547    40.873    40.873  2 56283.46042940 19.593
 165  77.700702  60.529981    40.279    40.279  2 56293.37608101 17.666
 166  77.701377  60.528892    40.152    40.152  2 56303.29172817 18.024
 167  77.702204  60.528639    40.093    40.093  2 56313.20737130 17.030
 168  77.702602  60.529414    40.149    40.149  2 56323.12301231 16.147
 169  77.701639  60.529982    40.979    40.979  2 56333.03865249 15.766
 171  77.701628  60.528028    41.954    41.954  2 56352.86992929 15.132
 172  77.704611  60.527895    41.361    41.361  2 56362.78557123 14.651
 173  77.703569  60.528514    40.759    40.759  2 56372.70122027 13.273
 175  77.701659  60.532375    33.407    33.407  2 56392.53251138 24.187
 177  77.701560  60.532199    37.062    37.062  2 56412.36379402 38.369
 179  77.703575  60.530746    40.585    40.585  2 56432.19507022 35.686
 180  77.701458  60.531903    41.157    41.157  2 56442.11072274 35.943
 181  77.699207  60.532398    41.704    41.704  2 56452.02637259 44.378
 182  77.699898  60.531882    41.895    41.895  2 56461.94202010 35.136
 183  77.702838  60.530851    41.968    41.968  2 56471.85766446 36.404
 184  77.704542  60.529265    41.913    41.913  2 56481.77330514 42.599
 185  77.704521  60.528550    41.197    41.197  2 56491.68894208 40.504
 187  77.702452  60.528182    37.100    37.100  2 56511.52020962 30.622
 188  77.702879  60.528458    38.869    38.869  2 56521.43585548 25.177
 189  77.703097  60.528491    36.772    36.772  2 56531.35150861 28.512
 191  77.704869  60.529500    39.775    39.775  2 56551.18280326 23.240
 193  77.701658  60.532794    36.518    36.518  2 56571.01408770 32.564
 194  77.700754  60.532989    37.795    37.795  2 56580.92972767 34.180
 195  77.701690  60.531020    34.962    34.962  2 56590.84536341 34.423
 196  77.703557  60.530435    35.397    35.397  2 56600.76101120 36.725
 197  77.703880  60.531008    36.943    36.943  2 56610.67666141 47.078
 198  77.701116  60.531628    37.607    37.607  2 56620.59230674 44.198
 199  77.701246  60.532724    37.691    37.691  2 56630.50794936 29.871
 200  77.699748  60.530705    36.916    36.916  2 56640.42358785 23.760
 201  77.704817  60.529871    36.558    36.558  2 56650.33923503 19.951
 202  77.704111  60.527999    41.289    41.289  2 56660.25488552 19.874
 203  77.702081  60.527769    36.183    36.183  2 56670.17053248 27.577
 206  77.702191  60.531458    40.992    40.992  2 56699.91746100 17.279
 207  77.703027  60.528708    40.361    40.361  2 56709.83309603 18.034
 208  77.704775  60.527909    40.415    40.415  2 56719.74873718 18.163
 209  77.702380  60.529060    40.821    40.821  2 56729.66438928  8.317
 211  77.694146  60.532294    43.277    43.349  3 56749.49568167  7.827
 212  77.694314  60.532049    35.893    35.864  3 56759.41132128 25.966
 213  77.700696  60.531351    38.402    38.402  2 56769.32695509 31.927
 214  77.701727  60.530546    41.734    41.734  2 56779.24260469 42.581
 216  77.697683  60.532173    41.375    41.375  2 56799.07391221 54.087
 217  77.697941  60.533775    41.087    41.103  3 56808.98955837 35.953
 219  77.703320  60.531345    41.238    41.238  2 56828.82083566 36.954
 220  77.703468  60.527453    41.008    41.008  2 56838.73646872 40.439
 221  77.704223  60.525888    40.464    40.464  2 56848.65209994 43.131
 222  77.705179  60.529482    39.566    39.566  2 56858.56775511 29.950
 224  77.701145  60.532561    37.091    37.091  2 56878.39906034 37.292
 225  77.700720  60.531562    35.877    35.877  2 56888.31470845 37.799
 226  77.702836  60.531050    36.746    36.746  2 56898.23035412 30.369
 228  77.697534  60.532134    35.184    35.184  2 56918.06163763 36.181
 229  77.693015  60.532255    35.115    35.110  4 56927.97727607 49.602
 230  77.698920  60.533617    34.965    34.965  2 56937.89291156 35.322
 231  77.701694  60.531345    34.540    34.540  2 56947.80854390 37.466
 232  77.701791  60.530257    35.569    35.569  2 56957.72419728 36.335
 233  77.703553  60.530784    36.963    36.963  2 56967.63984571 44.251
 235  77.701951  60.531989    36.345    36.345  2 56987.47112977 19.730
 237  77.704273  60.529257    35.681    35.681  2 57007.30241050 18.840
 238  77.702898  60.527726    39.828    39.828  2 57017.21806397 18.880
 239  77.701933  60.527851    39.473    39.473  2 57027.13371408 16.654
 240  77.701673  60.530059    40.610    40.610  2 57037.04936261 16.135
 242  77.700451  60.531526    41.024    41.024  2 57056.88065039 14.102
 243  77.704085  60.530834    40.994    40.994  2 57066.79628729 14.951
 244  77.702249  60.528472    41.341    41.341  2 57076.71191915 14.251
 245  77.704093  60.528235    34.616    34.616  2 57086.62754921 19.061
 246  77.700823  60.530902    42.150    42.150  2 57096.54320821 15.035
 247  77.698869  60.533264    42.241    42.241  2 57106.45886448 15.311
 248  77.693404  60.532018    42.813    41.254  3 57116.37451524 11.039
 249  77.699458  60.532767    35.097    35.097  2 57126.29016102 22.879
