# NaN NaN NaN ;Mean Elev.(m), Avg Gradient(m/km), RMS Gradient(m/km) - SRTM1     
#   -6.179  -0.201   6.916 ;Mean Elev.(m), Avg Gradient(m/km), RMS Gradient(m/km) - ASTER GDEM
#    2.208   0.431   3.941 ;Mean Elev.(m), Avg Gradient(m/km), RMS Gradient(m/km) - GMTED2010 
   1  65.388051  65.266546     7.931     7.694  5 54668.38716061 36.150
   2  65.388293  65.267216     7.686     7.659  5 54678.30280488 25.261
   3  65.389275  65.268846     0.567     0.575  4 54688.21844796 25.454
   4  65.387930  65.270343     7.743     7.837  4 54698.13408889 26.543
   6  65.387777  65.267119     4.174     4.206  4 54717.96538332 38.173
   7  65.387832  65.264401     4.856     4.457  5 54727.88103267 32.608
   8  65.389099  65.263246     7.249     7.260  5 54737.79668042 24.531
   9  65.388774  65.264149     6.679     7.273  4 54747.71232761 29.328
  10  65.388654  65.265436     6.134     6.749  5 54757.62797443 31.786
  11  65.390289  65.265511     7.190     7.140  5 54767.54361941 29.115
  12  65.387144  65.264569     4.417     4.290  5 54777.45926073 47.022
  13  65.388226  65.262927     5.790     5.891  5 54787.37490009 26.279
  14  65.389853  65.262591     3.993     3.967  5 54797.29053840 39.588
  17  65.390219  65.267589     6.024     6.068  5 54827.03746273 17.664
  18  65.389002  65.267036     6.956     7.005  5 54836.95310181 16.410
  19  65.388224  65.266677     7.161     7.174  5 54846.86875123 15.435
  20  65.388956  65.266848     7.007     7.007  4 54856.78440012 14.359
  21  65.388497  65.267910    10.755     8.068  4 54866.70004885 13.838
  22  65.389629  65.267987    10.000     7.563  4 54876.61569721 13.841
  23  65.389379  65.267139     7.109     7.050  5 54886.53134254 13.340
  24  65.388010  65.265245     6.894     6.841  5 54896.44698441 13.537
  25  65.387234  65.263655     7.014     7.175  5 54906.36262370 14.024
  26  65.390656  65.263114     6.939     7.028  5 54916.27826217 15.242
  27  65.389089  65.264333     8.303     8.301  5 54926.19389992 15.570
  28  65.388325  65.265519     8.930     8.988  5 54936.10953710 12.535
  29  65.389277  65.265771     8.597     8.602  4 54946.02517259  7.767
  30  65.388462  65.265190     4.745     4.166  5 54955.94080535 16.245
  31  65.388809  65.263844     6.732     6.725  5 54965.85645366 33.876
  32  65.387174  65.263882     9.300     9.214  5 54975.77210133 38.522
  33  65.388920  65.264854     8.885     8.911  5 54985.68774910 39.834
  34  65.387182  65.266453    37.587    37.640  4 54995.60339655 12.939
  35  65.389943  65.266887     8.212     8.217  5 55005.51904293 31.890
  36  65.388588  65.267091     8.089     8.089  4 55015.43468677 27.329
  37  65.389670  65.266930     8.013     8.027  4 55025.35032946 27.883
  38  65.388630  65.267743     7.769     7.696  5 55035.26597144 24.933
  39  65.386909  65.268625     7.296     6.999  4 55045.18161260 32.589
  40  65.388331  65.268380     6.184     6.198  5 55055.09725238 33.305
  41  65.388699  65.266928     7.391     7.349  5 55065.01288985 23.573
  42  65.388781  65.265056     5.388     4.650  4 55074.92853759 26.334
  43  65.386714  65.264141     6.649     6.715  5 55084.84418534 22.913
  44  65.386591  65.264305     5.802     6.397  5 55094.75983158 28.733
  45  65.388424  65.264574     5.567     5.494  5 55104.67547781 23.079
  46  65.389513  65.264592     3.977     3.924  4 55114.59112376 38.272
  47  65.388783  65.264125     5.656     5.772  4 55124.50676713 33.146
  48  65.387667  65.263633     6.314     6.580  5 55134.42240773 29.044
  49  65.388992  65.263214     3.559     3.720  5 55144.33804644 45.142
  50  65.387730  65.264159     2.868     2.891  5 55154.25368422 30.042
  51  65.388516  65.265304     6.284     6.417  4 55164.16932255 23.838
  52  65.389205  65.266632     6.641     6.697  4 55174.08496063 20.114
  54  65.387747  65.267388     7.004     7.011  5 55193.91625048 15.705
  55  65.389390  65.267336     6.790     6.891  4 55203.83190054 14.847
  56  65.389221  65.267955     6.921     6.909  5 55213.74754972 15.551
  57  65.388095  65.268147     7.598     7.862  4 55223.66319834 14.994
  58  65.388554  65.266849     7.273     7.434  4 55233.57884560 15.481
  59  65.390180  65.264626     6.704     6.726  5 55243.49448982 15.162
  60  65.391811  65.262778     6.670     6.694  5 55253.41013088 15.524
  61  65.389671  65.262907     6.590     6.696  5 55263.32576946 14.399
  62  65.387571  65.264599     6.923     6.949  5 55273.24140703 15.139
  63  65.388404  65.265628     6.884     6.893  4 55283.15704457 13.479
  64  65.387812  65.265491     6.960     6.840  4 55293.07268076 14.380
  66  65.389611  65.262936     3.154     3.221  5 55312.90396499 32.663
  67  65.388554  65.263497     6.719     6.789  5 55322.81961028 34.282
  68  65.389278  65.264885     8.377     8.301  5 55332.73525438 34.777
  69  65.387799  65.266366     8.182     8.163  4 55342.65089822 26.742
  70  65.390110  65.266370     8.000     8.021  4 55352.56654217 26.509
  71  65.389765  65.266312     7.739     7.719  4 55362.48218373 22.873
  72  65.389023  65.266644     7.731     7.720  4 55372.39782328 23.788
  74  65.389518  65.268849     7.580     7.622  4 55392.22909905 23.693
  75  65.391094  65.269044     7.337     7.329  4 55402.14473531 24.426
  76  65.387406  65.267596     7.440     7.388  4 55412.06038590 26.599
  77  65.389683  65.264554     7.244     7.119  5 55421.97603581 31.623
  78  65.386750  65.263000     6.792     6.802  5 55431.89168237 32.950
  79  65.388362  65.263192     7.242     7.223  5 55441.80732712 24.028
  80  65.390385  65.264497     5.919     6.169  5 55451.72297029 22.664
  81  65.387291  65.266090     4.052     4.018  5 55461.63861223 42.782
  82  65.387941  65.265360     7.255     7.197  5 55471.55425315 23.112
  83  65.387991  65.263807     7.287     7.242  5 55481.46989119 27.036
  84  65.391975  65.262301     7.252     7.304  5 55491.38552726 26.549
  85  65.390757  65.263515     6.524     6.569  5 55501.30116082 26.894
  86  65.387468  65.265926     3.743     3.613  4 55511.21680405 38.437
  87  65.387567  65.267396     4.482     4.405  5 55521.13245367 41.582
  88  65.388202  65.267530     3.409     3.429  5 55531.04810230 33.499
  89  65.389004  65.266614     3.314     3.312  5 55540.96374934 34.348
  90  65.387276  65.266302     3.257     3.259  4 55550.87939397 29.885
  91  65.388546  65.266768     3.359     3.337  5 55560.79503724 25.340
  92  65.389196  65.268034     3.360     3.389  4 55570.71067960 24.179
  93  65.389341  65.268378     3.911     3.176  4 55580.62632088 22.673
  94  65.390156  65.266664     5.225     5.953  5 55590.54195942 19.899
  95  65.389286  65.264232     4.134     3.893  5 55600.45759471 21.302
  96  65.390859  65.262614     3.819     2.875  5 55610.37322795 20.821
  97  65.388773  65.263937     4.966     5.495  4 55620.28885948 20.656
  98  65.387925  65.266008     5.078     5.554  4 55630.20451075 20.321
  99  65.389921  65.266873     4.966     5.734  5 55640.12016187 19.678
 100  65.388848  65.265904     5.836     5.768  4 55650.03581031 16.737
 101  65.389343  65.263344    20.269    20.646  5 55659.95145556  9.524
 102  65.389006  65.262050     4.477     3.842  5 55669.86709707 41.071
 103  65.388080  65.263346     6.247     6.505  5 55679.78273636 37.836
 104  65.389438  65.266012     8.823     8.774  5 55689.69837383 51.525
 105  65.387503  65.268461     8.203     8.194  4 55699.61400950 34.956
 106  65.389259  65.268614     7.917     7.915  5 55709.52964800 32.075
 107  65.387627  65.267518     7.863     7.796  5 55719.44529832 29.501
 108  65.389324  65.266579     7.837     7.812  5 55729.36094660 23.629
 109  65.388840  65.266953     7.975     7.886  4 55739.27659326 50.725
 110  65.390535  65.267527     7.368     7.295  4 55749.19223889 23.385
 111  65.387868  65.267851     7.475     7.462  4 55759.10788180 22.967
 112  65.387796  65.266595     6.795     7.214  4 55769.02352222 23.114
 113  65.388405  65.264369     6.410     6.441  5 55778.93915953 23.436
 114  65.391523  65.262695     6.511     6.440  5 55788.85479445 21.000
 115  65.389544  65.263752     6.289     6.666  5 55798.77042746 21.699
 116  65.388574  65.265528     5.416     5.974  5 55808.68607270 29.957
 117  65.388161  65.266957     7.200     7.198  5 55818.60172146 22.876
 118  65.387688  65.266565     6.449     6.920  4 55828.51736618 26.923
 119  65.388250  65.264733     7.286     7.238  5 55838.43300671 24.311
 120  65.391203  65.262926     6.649     6.424  5 55848.34864441 30.150
 121  65.390527  65.264019     7.195     7.242  5 55858.26427953 24.491
 122  65.387272  65.266659     3.465     3.454  4 55868.17992599 39.249
 123  65.390434  65.268228     3.068     3.035  4 55878.09557798 36.535
 133  65.387264  65.264085     6.430     6.501  5 55977.25200723 17.038
 134  65.388933  65.265645     6.539     6.481  5 55987.16764357 17.122
 135  65.388655  65.266711     6.775     6.817  4 55997.08328196 16.396
 136  65.389332  65.265755     6.872     6.755  5 56006.99893357 18.294
 137  65.390198  65.264049     6.465     6.372  5 56016.91458109 17.319
 139  65.390948  65.264219     2.780     2.731  5 56036.74586824 23.168
 141  65.388195  65.268245     7.231     7.141  5 56056.57714637 35.954
 142  65.389144  65.268904     7.759     7.736  4 56066.49278008 26.443
 143  65.389502  65.268102     7.489     7.385  4 56076.40842772 25.435
 144  65.387682  65.267590     7.396     7.384  4 56086.32407667 23.677
 145  65.388715  65.267172     6.748     6.587  4 56096.23972349 29.044
 146  65.388087  65.267071     7.552     7.513  5 56106.15536803 24.211
 147  65.389495  65.266160     7.388     7.441  4 56116.07099836 19.706
 148  65.388336  65.265461     4.295     4.450  5 56125.98663628 47.891
 149  65.388687  65.264594     3.634     3.627  5 56135.90227038 43.923
 150  65.388746  65.264332     7.314     7.413  4 56145.81791315 20.776
 151  65.389104  65.264609     6.802     6.989  5 56155.73356281 22.401
 152  65.387740  65.265482     2.759     2.688  4 56165.64921131 34.251
 153  65.389609  65.265510     2.913     2.959  4 56175.56485790 42.423
 154  65.388240  65.265383     6.699     6.848  5 56185.48049915 22.565
 155  65.388378  65.264689     6.985     7.170  4 56195.39613679 21.559
 156  65.390346  65.264667     6.844     6.855  5 56205.31177165 26.092
 157  65.388314  65.266353     7.320     7.406  4 56215.22740461 20.667
 158  65.389956  65.268112     7.304     7.321  4 56225.14304265 24.492
 159  65.389735  65.268640     3.336     3.398  4 56235.05869821 46.632
 160  65.388445  65.268349     2.573     2.606  4 56244.97434981 35.871
 161  65.388478  65.267590     3.529     2.505  5 56254.88999649 27.309
 162  65.387790  65.267594     3.077     2.937  4 56264.80563897 23.271
 165  65.389271  65.265612     5.940     6.077  4 56294.55257575 19.432
 166  65.388705  65.263763     6.484     6.599  5 56304.46822244 16.852
 167  65.386463  65.263358     6.582     6.647  5 56314.38386511 18.191
 168  65.389513  65.263982     6.317     6.314  5 56324.29950623 17.768
 169  65.388786  65.265619     6.558     6.553  4 56334.21514627 18.177
 170  65.389829  65.266049     6.573     6.533  5 56344.13078583 17.512
 171  65.389957  65.265581     6.902     6.994  5 56354.04642304 15.716
 172  65.390877  65.264411     6.565     6.583  5 56363.96206700 15.736
 173  65.388764  65.264309     6.584     6.612  4 56373.87771581 16.008
 175  65.387410  65.267078     7.329     7.256  5 56393.70900563 14.137
 176  65.388977  65.267907     6.603     7.592  4 56403.62464792 10.205
 177  65.389251  65.268170     3.943     2.986  4 56413.54028719 28.721
 178  65.387544  65.268085     7.372     7.345  4 56423.45592138 28.127
 179  65.388195  65.267704     7.996     7.954  4 56433.37156538 30.494
 180  65.390101  65.267201     8.027     7.990  5 56443.28721794 28.344
 181  65.387948  65.267681     7.862     7.880  4 56453.20286755 28.218
 182  65.387760  65.266976     7.661     7.666  4 56463.11851477 24.498
 184  65.386619  65.263729     7.804     7.695  5 56482.94979913 35.093
 185  65.390748  65.263035     7.912     7.804  5 56492.86543645 41.979
 187  65.387709  65.267191     7.804     7.696  4 56512.69670323 50.760
 188  65.389880  65.267345     6.807     6.892  5 56522.61235142 32.186
 189  65.388456  65.266156     7.050     7.098  5 56532.52800367 23.551
 191  65.390891  65.263918     6.632     6.606  5 56552.35929742 20.002
 192  65.389002  65.265805     7.022     7.045  4 56562.27493986 21.764
 193  65.390027  65.267971     7.180     7.120  4 56572.19058138 22.884
 194  65.390454  65.269334     6.939     6.995  4 56582.10622104 26.499
 195  65.390501  65.269047     4.127     4.018  4 56592.02185642 48.481
 196  65.387625  65.267652     4.248     4.366  5 56601.93750623 43.063
 197  65.390058  65.266268     4.694     4.475  5 56611.85315613 32.604
 198  65.387284  65.267228     4.543     4.550  4 56621.76880092 29.402
 199  65.390182  65.267780     6.490     6.412  4 56631.68444328 23.828
 200  65.388146  65.267928     6.637     6.648  5 56641.60008108 20.456
 201  65.388632  65.265698     6.566     6.593  4 56651.51572969 19.161
 202  65.387076  65.263453     6.546     6.625  5 56661.43137969 19.116
 203  65.391565  65.262266     6.178     6.240  5 56671.34702710 18.511
 205  65.389883  65.266439     6.780     6.704  4 56691.17831497 17.225
 206  65.387779  65.267530     6.986     6.931  4 56701.09395426 16.197
 207  65.388108  65.266375     6.875     6.902  5 56711.00958908 16.019
 208  65.387955  65.264837     6.739     6.735  5 56720.92523286 16.085
 211  65.388284  65.268608     7.955     7.820  5 56750.67217634 13.040
 212  65.388266  65.269851     8.851     8.865  4 56760.58781509 12.698
 213  65.386746  65.269578     4.331     4.276  4 56770.50344723 23.899
 214  65.388717  65.267223     4.153     4.132  4 56780.41910028 41.002
 215  65.388923  65.265760     7.896     7.771  4 56790.33475549 33.756
 216  65.387064  65.265961     8.596     8.591  5 56800.25040726 37.525
 217  65.389506  65.266663     8.383     8.400  4 56810.16605272 33.856
 219  65.389794  65.265539     8.464     8.448  5 56829.99732944 33.069
 220  65.390861  65.263676    37.859    37.830  5 56839.91296275 10.476
 221  65.388129  65.263689     8.501     8.372  5 56849.82859650 29.986
 222  65.390088  65.264517     8.481     8.564  5 56859.74425110 27.217
 223  65.390154  65.266470     8.126     8.186  4 56869.65990458 27.946
 224  65.390475  65.267135     7.830     7.820  4 56879.57555568 28.792
 225  65.387863  65.266300     6.827     6.888  5 56889.49120308 34.191
 226  65.389301  65.264343     7.493     7.419  5 56899.40684817 21.282
 227  65.388775  65.264279     7.566     7.588  5 56909.32249075 22.266
 228  65.388576  65.266206     7.531     7.457  4 56919.23813149 22.005
 229  65.387453  65.268943     7.699     7.764  4 56929.15377004 22.484
 230  65.390168  65.269943     6.973     7.625  4 56939.06940456 29.552
 231  65.387676  65.269616     4.672     4.689  4 56948.98503968 45.534
 232  65.387675  65.267321     5.062     4.992  4 56958.90069258 46.067
 233  65.388764  65.265846     6.374     6.866  4 56968.81634032 26.709
 234  65.388981  65.266091     6.869     6.921  4 56978.73198394 22.039
 235  65.388886  65.267123     7.048     7.112  4 56988.64762301 20.055
 236  65.387354  65.267743     7.140     7.101  4 56998.56325578 19.013
 237  65.387673  65.266317     7.037     7.001  4 57008.47890592 19.450
 238  65.389322  65.264150     6.783     6.780  4 57018.39455914 18.671
 239  65.387125  65.263662     6.939     6.948  5 57028.31020875 17.920
 240  65.389032  65.264497     6.808     6.948  4 57038.22585699 17.256
 241  65.388528  65.266220     7.053     6.991  4 57048.14150252 15.906
 242  65.388387  65.267298     6.760     6.689  4 57058.05714429 14.854
 243  65.388311  65.267010     6.871     6.852  4 57067.97278053 15.362
 244  65.388165  65.266606     6.870     6.851  4 57077.88841245 17.072
 245  65.387349  65.267088     7.149     7.155  4 57087.80404556 16.773
 246  65.388617  65.267826     8.379     8.389  5 57097.71970422 16.172
 247  65.390299  65.268849     8.486     8.515  4 57107.63535996 13.559
 248  65.391000  65.269096     8.518     8.561  4 57117.55101066 12.165
 249  65.389310  65.268277     3.023     2.998  4 57127.46665503 14.360
 250  65.387583  65.267114     8.559     8.618  4 57137.38229399  7.619
