# NaN NaN NaN ;Mean Elev.(m), Avg Gradient(m/km), RMS Gradient(m/km) - SRTM1     
#   39.231  -4.776   6.258 ;Mean Elev.(m), Avg Gradient(m/km), RMS Gradient(m/km) - ASTER GDEM
#   41.970  -3.556   4.813 ;Mean Elev.(m), Avg Gradient(m/km), RMS Gradient(m/km) - GMTED2010 
   1  80.245548  59.326279    45.977    46.439  3 54663.22834914 40.596
   2  80.249527  59.329793    44.973    44.903 21 54673.14399495 42.240
   3  80.252330  59.332914   -13.696   -19.494 22 54683.05963909 14.121
   4  80.251020  59.332516    43.415    43.415 22 54692.97528106 47.839
   5  80.251587  59.330491   -17.774   -20.093 18 54702.89092049 19.462
   6  80.216110  59.313548    43.796    43.680  5 54712.80656389 38.253
   7  80.236980  59.321148   -12.606   -12.076  4 54722.72221764 13.991
   8  80.216704  59.313740    43.769    43.509  5 54732.63786322 38.570
   9  80.248399  59.329383    44.061    44.050 20 54742.55351521 55.339
  10  80.251269  59.332023    44.131    43.746 22 54752.46916264 33.499
  11  80.248471  59.330366    43.936    43.556 21 54762.38480867 37.573
  12  80.249473  59.328459    44.543    44.260 21 54772.30045253 33.909
  13  80.235474  59.320785    43.712    43.779  4 54782.21609125 41.364
  14  80.215180  59.311897    45.562    45.596  3 54792.13172667 39.986
  17  80.286366  59.343025    46.985    47.523  3 54821.87865343 21.752
  18  80.252667  59.329408    46.852    46.862 20 54831.79430046 20.391
  19  80.250072  59.329644    47.110    46.992 21 54841.70993884 19.860
  20  80.252648  59.333452    46.931    47.064 22 54851.62558854 20.403
  21  80.249068  59.334869    46.755    46.855 19 54861.54123707 19.075
  22  80.245796  59.334796    47.091    47.404 17 54871.45688548 17.915
  23  80.255157  59.336885    47.228    47.232 24 54881.37253372 16.907
  24  80.252704  59.332213    47.027    47.170 22 54891.28817667 16.526
  25  80.246408  59.327110    47.024    46.988 20 54901.20381623 16.930
  26  80.250703  59.329462    47.194    47.200 21 54911.11945590 15.924
  27  80.252074  59.331989    43.384    43.151 22 54921.03509409 16.854
  28  80.251775  59.332200    47.415    47.592 22 54930.95073121 22.712
  29  80.247796  59.327727    46.108    46.093 21 54940.86636599 39.867
  30  80.216924  59.310816    70.527    70.198  3 54950.78199499  5.358
  31  80.216699  59.308710    81.032    72.507  3 54960.69763488  6.351
  32  80.216002  59.310334    91.273    98.973  3 54970.61328366  5.828
  33  80.217368  59.313766    49.102    49.053  5 54980.52893179 32.915
  34  80.245761  59.327759    49.590    49.523 20 54990.44458358 52.158
  35  80.247908  59.329200    49.168    49.160 21 55000.36023111 47.149
  36  80.249584  59.329943    48.584    48.590 21 55010.27587669 42.121
  37  80.248380  59.329357    48.245    48.285 21 55020.19152019 47.355
  38  80.251302  59.331909    47.506    47.477 22 55030.10716323 54.821
  39  80.253675  59.334454    47.315    47.083 23 55040.02280552 34.880
  40  80.255877  59.335287    45.304    45.260 25 55049.93844615 47.663
  41  80.249255  59.329784    45.008    45.026 21 55059.85408298 54.523
  42  80.235447  59.320457    45.080    45.113  4 55069.76972080 47.219
  43  80.214504  59.310351    44.372    44.357  3 55079.68536693 49.396
  44  80.236161  59.320696    45.322    44.500  4 55089.60101787 34.434
  45  80.247443  59.328527    43.729    43.648 21 55099.51666642 45.834
  46  80.250975  59.332253    43.815    43.601 22 55109.43231324 34.638
  47  80.248876  59.330457    44.150    44.153 21 55119.34795741 48.835
  48  80.217304  59.314262    44.024    44.116  5 55129.26359441 48.218
  49  80.215360  59.311026    45.756    45.741  3 55139.17923380 48.612
  50  80.216101  59.311665    45.483    45.450  3 55149.09487259 38.276
  51  80.236308  59.322084    45.570    45.559  4 55159.01051401 34.586
  52  80.277784  59.340686    45.592    45.583  7 55168.92615815 23.427
  53  80.271466  59.337656    53.512    45.998  9 55178.84179402 22.403
  54  80.259292  59.332013    45.706    45.796 14 55188.75743782 19.413
  55  80.249603  59.329171    45.839    45.811 21 55198.67308715 17.329
  56  80.251204  59.332089    45.950    45.764 21 55208.58873748 16.639
  57  80.257873  59.337005    46.087    46.061 24 55218.50438809 16.795
  58  80.256585  59.336913    46.340    46.324 24 55228.42003654 15.867
  59  80.253989  59.334139    46.061    46.205 23 55238.33568146 15.514
  60  80.249654  59.329375    46.628    46.718 21 55248.25132238 14.774
  61  80.216615  59.313946    46.353    46.477  5 55258.16695673 14.186
  62  80.219988  59.315590    46.023    46.300  7 55268.08259584 15.033
  63  80.245814  59.327772    46.703    46.845 20 55277.99823800 14.499
  64  80.249318  59.329309    47.993    48.426 22 55287.91387540 13.173
  65  80.236508  59.321805    49.036    48.992  4 55297.82950771 10.876
  66  80.215405  59.310612    46.736    46.798  3 55307.74514629 29.243
  67  80.215798  59.310112    91.407    91.298  3 55317.66079256 17.709
  68  80.236232  59.319895    49.093    49.050  4 55327.57644105 34.463
  69  80.261295  59.332838    49.595    49.623 14 55337.49208968 40.360
  70  80.250895  59.330547    50.065    50.025 21 55347.40773255 35.576
  71  80.249291  59.330409    50.547    50.546 21 55357.32337491 55.119
  72  80.249494  59.330171    50.484    50.535 21 55367.23901534 35.226
  73  80.248798  59.329314    50.491    50.514 21 55377.15465410 50.352
  74  80.247486  59.328586    49.873    49.871 21 55387.07029189 38.536
  75  80.247585  59.328335    49.143    49.123 21 55396.98592892 35.132
  76  80.247576  59.327555    48.175    48.242 21 55406.90157135 35.486
  77  80.276149  59.338811    47.423    46.399  8 55416.81722654 36.488
  78  80.214977  59.312266    47.673    48.313  3 55426.73286501 30.591
  79  80.217128  59.312675    45.882    45.285  5 55436.64851032 34.158
  80  80.236885  59.321807    44.450    44.275  4 55446.56415722 40.946
  81  80.247290  59.327694    44.973    44.583 21 55456.47980237 34.597
  82  80.251071  59.330017    43.605    43.594 21 55466.39544576 52.634
  83  80.261767  59.333002    44.568    44.284 14 55476.31108674 34.952
  84  80.215065  59.311096    45.770    44.260  3 55486.22671588 33.743
  85  80.217660  59.310241    45.738    44.133  3 55496.14235016 32.870
  86  80.217646  59.310658    43.983    44.004  3 55506.05798532 31.554
  87  80.236118  59.321384    43.332    43.382  4 55515.97363890 45.395
  88  80.248509  59.328829    44.891    44.848 21 55525.88929055 29.264
  89  80.250339  59.330670    47.473    47.587 21 55535.80493847 20.816
  90  80.248899  59.330462    47.193    47.387 21 55545.72058374 19.045
  91  80.252528  59.332690    47.533    47.518 22 55555.63622803 18.543
  92  80.255648  59.334800    46.994    46.949 25 55565.55187144 17.168
  93  80.252679  59.333011    47.274    47.357 22 55575.46751317 16.935
  94  80.247969  59.328867    46.655    46.682 21 55585.38315276 16.862
  95  80.235543  59.320786    47.423    47.565  4 55595.29878778 16.167
  96  80.217098  59.311059    46.027    45.877  3 55605.21441877 15.580
  97  80.215602  59.309547    46.386    46.301  3 55615.13005023 14.825
  98  80.236143  59.318871    46.648    46.577  4 55625.04569340 14.579
  99  80.214700  59.311730    46.112    45.910  3 55634.96134264 14.427
 100  80.237181  59.321457    47.114    47.142  4 55644.87699601 13.893
 101  80.217275  59.312766    47.423    46.811  5 55654.79264021 11.252
 102  80.235986  59.319876    47.537    48.518  4 55664.70828559 35.135
 103  80.235300  59.319896    48.759    48.635  4 55674.62392537 32.725
 104  80.235712  59.321112    48.960    48.933  4 55684.53956389 31.522
 105  80.215856  59.313609    49.387    49.426  5 55694.45519821 38.826
 106  80.215155  59.312995   108.567   114.994  3 55704.37083385  2.718
 107  80.215916  59.313649    49.114    49.080  5 55714.28648050 37.906
 108  80.247685  59.328072    48.259    48.214 21 55724.20213448 36.796
 109  80.248371  59.329978    46.774    46.708 21 55734.11778190 40.861
 110  80.251291  59.332344    46.574    45.885 21 55744.03342826 34.235
 111  80.251279  59.331939    45.871    45.555 21 55753.94907246 33.695
 112  80.250665  59.329100    45.316    45.110 21 55763.86471396 45.439
 113  80.214817  59.311292    44.995    44.981  3 55773.78034743 41.733
 114  80.215843  59.309973    87.586    87.586  2 55783.69598318 11.991
 115  80.216515  59.310555    44.458    44.451  3 55793.61161683 48.967
 116  80.216098  59.311294    69.616    69.512  3 55803.52725297  5.139
 117  80.216624  59.312847    46.097    44.639  5 55813.44290312 33.561
 118  80.237795  59.320826    44.359    44.349  4 55823.35855413 49.641
 119  80.217617  59.310816    43.756    43.689  3 55833.27419416 39.916
 120  80.218157  59.310158    87.260    87.136  3 55843.18983311 18.679
 121  80.216275  59.310101    43.481    43.338  3 55853.10546877 38.360
 122  80.217126  59.312207    43.206    43.321  5 55863.02110495 46.159
 123  80.246491  59.327372    90.555    90.154 20 55872.93676369 22.119
 133  80.216814  59.312831    47.004    46.763  5 55972.09319673 17.326
 134  80.219584  59.315402    46.721    46.343  7 55982.00883327 17.255
 135  80.215323  59.312466    45.660    45.480  3 55991.92446688 17.138
 136  80.215958  59.311428    45.624    45.729  3 56001.84011374 16.681
 137  80.215759  59.310173    46.310    46.310  2 56011.75576335 10.010
 138  80.244167  59.322429    88.448    86.088  3 56021.67141381 14.052
 139  80.236198  59.321606    43.683    43.817  4 56031.58705640 43.084
 141  80.248082  59.330186    46.636    46.116 21 56051.41833920 37.414
 142  80.248274  59.328892    46.852    46.500 21 56061.33397540 32.722
 143  80.236947  59.321875    59.099    58.848  4 56071.24961181 22.425
 144  80.266910  59.335111    45.725    45.664 13 56081.16526698 49.800
 145  80.250446  59.330209    45.065    45.048 21 56091.08091273 49.025
 146  80.247871  59.330829    44.171    44.155 21 56100.99655806 53.241
 147  80.247755  59.330214    43.450    43.477 21 56110.91218921 47.636
 148  80.216898  59.314265    43.195    43.161  5 56120.82782376 49.257
 149  80.215202  59.309444    43.428    43.350  3 56130.74345879 47.145
 150  80.217097  59.308239    43.509    43.589  3 56140.65909278 46.954
 151  80.235459  59.319133    45.697    45.470  4 56150.57474700 36.831
 152  80.247439  59.327538    43.108    42.832 21 56160.49039848 39.330
 153  80.248781  59.329172    42.364    42.294 21 56170.40604650 48.791
 154  80.216811  59.314059    42.764    43.127  5 56180.32168529 30.410
 155  80.216062  59.311257    42.670    42.674  3 56190.23732457 38.923
 156  80.216181  59.310393    46.429    48.179  3 56200.15296120 28.517
 157  80.214829  59.311065    44.874    43.056  3 56210.06859537 32.328
 158  80.217052  59.313563    43.697    42.658  5 56219.98422821 37.078
 159  80.250459  59.329792    42.325    42.356 21 56229.89988273 41.192
 160  80.248664  59.329522    44.255    43.951 21 56239.81553576 38.752
 161  80.250447  59.329864    44.860    45.081 21 56249.73118532 29.025
 162  80.246416  59.327567    45.870    45.468 20 56259.64682922 23.660
 163  80.250243  59.329734    44.710    43.383 21 56269.56247186 27.172
 164  80.247731  59.329160    46.619    46.995 21 56279.47811185 20.090
 165  80.252736  59.332093    47.177    47.217 22 56289.39376360 17.079
 166  80.250859  59.329791    47.143    47.317 21 56299.30941164 16.911
 167  80.235728  59.321200    47.206    47.161  4 56309.22505361 15.844
 168  80.237249  59.320748    46.885    46.946  4 56319.14069569 15.161
 169  80.216161  59.313484    46.921    46.560  5 56329.05633370 15.516
 170  80.247474  59.328096    46.840    47.207 21 56338.97197853 16.400
 171  80.249771  59.328832    47.138    47.179 21 56348.88761677 16.415
 172  80.215208  59.311817    46.903    46.823  3 56358.80324639 14.092
 173  80.236448  59.320012    47.166    46.774  4 56368.71890000 13.473
 175  80.248795  59.328930    49.051    49.044 21 56388.55019558 11.797
 176  80.259668  59.335959    43.548    43.516 17 56398.46584101 31.263
 177  80.253339  59.334083    46.232    46.142 23 56408.38148123 43.231
 178  80.248606  59.330453    48.713    48.685 21 56418.29711712 35.528
 179  80.221528  59.316226    49.376    49.298  7 56428.21274522 39.360
 180  80.250952  59.329425    50.050    50.014 21 56438.12840360 37.863
 181  80.249413  59.330324    50.665    50.675 21 56448.04405479 35.257
 182  80.251755  59.332392    50.523    50.517 22 56457.95970426 33.856
 183  80.248899  59.330734    50.653    50.671 21 56467.87534945 55.406
 184  80.249375  59.329094    49.975    50.011 21 56477.79099092 36.820
 185  80.217256  59.313235    49.116    49.048  5 56487.70662373 38.489
 187  80.236198  59.319409    48.277    48.779  4 56507.53789598 33.576
 188  80.216551  59.311763    45.496    45.501  3 56517.45353041 30.876
 189  80.216553  59.313457    45.311    45.354  5 56527.36918512 37.349
 190  80.236092  59.321700    45.789    45.922  4 56537.28483823 50.827
 192  80.258730  59.331770    46.046    45.875 14 56557.11613150 31.020
 193  80.249731  59.329676    44.081    44.021 21 56567.03177290 44.918
 194  80.248552  59.330704    44.076    44.067 21 56576.94741407 48.027
 195  80.248570  59.330328    44.265    44.236 21 56586.86305169 53.379
 196  80.251016  59.329962    45.661    45.695 21 56596.77869165 33.181
 197  80.250880  59.330205    44.856    44.830 21 56606.69434355 40.282
 198  80.248020  59.329328    44.735    44.756 21 56616.60999023 46.235
 199  80.250051  59.330222    44.861    44.873 21 56626.52563420 34.090
 200  80.245703  59.327839    46.343    46.100 20 56636.44127444 25.310
 201  80.248211  59.327255    47.472    48.244  8 56646.35691516 21.269
 202  80.236551  59.322327    46.218    46.167  4 56656.27256584 19.234
 203  80.236743  59.322026    46.989    46.899  4 56666.18821383 18.121
 205  80.247735  59.328111    47.618    47.663 21 56686.01950502 17.093
 206  80.250506  59.329648    47.705    47.591 21 56695.93514755 16.638
 207  80.262199  59.333194    47.980    48.144 14 56705.85078661 17.759
 208  80.214930  59.311352    47.096    46.508  3 56715.76641159 16.908
 209  80.218719  59.314673    47.227    46.148  5 56725.68206583 17.809
 211  80.254822  59.334698    47.963    47.983 24 56745.51336765 10.997
 212  80.268361  59.340684    45.248    44.904 16 56755.42901171 29.229
 213  80.251591  59.331829    47.603    47.548 22 56765.34464535 40.963
 214  80.250075  59.329307    49.498    49.476 21 56775.26028359 37.909
 215  80.249561  59.330779    49.437    49.457 22 56785.17594053 34.722
 216  80.255516  59.335284    49.418    49.407 24 56795.09159475 34.147
 217  80.255400  59.336329    49.703    49.684 24 56805.00724399 52.092
 219  80.251020  59.330161    49.524    49.492 21 56824.83852355 41.403
 220  80.236536  59.321463    49.489    49.477  4 56834.75415590 42.225
 221  80.215587  59.311250    48.880    48.882  3 56844.66978415 52.241
 222  80.212431  59.311292    70.137    69.850  3 56854.58542880  5.362
 223  80.250017  59.329082    46.629    46.364 21 56864.50108846 34.286
 224  80.248071  59.329239    45.472    45.004 21 56874.41674144 34.369
 225  80.251429  59.330677    45.624    45.626 23 56884.33239190 33.364
 226  80.248014  59.329168    45.957    46.402 21 56894.24803817 31.270
 227  80.252033  59.331863    44.167    43.896 22 56904.16368244 37.831
 228  80.257764  59.336328    43.437    43.316 24 56914.07932498 44.076
 229  80.254798  59.336241    43.580    43.344 24 56923.99496429 44.795
 230  80.256236  59.335910    43.353    43.332 24 56933.91060134 47.466
 231  80.251389  59.330691    43.278    43.238 23 56943.82623186 45.356
 232  80.254102  59.330395    43.603    43.603 19 56953.74187926 42.426
 233  80.248466  59.328714    47.442    47.436 21 56963.65752869 42.149
 234  80.249674  59.330784    47.334    47.314 21 56973.57317459 27.678
 235  80.251260  59.332041    46.783    46.776 22 56983.48881613 22.751
 236  80.249709  59.329313    47.003    47.060 21 56993.40445209 19.887
 237  80.237696  59.320525    46.058    45.944  4 57003.32008676 19.107
 238  80.216255  59.311360    46.030    46.290  3 57013.23574023 17.933
 239  80.236429  59.320900    47.034    47.064  4 57023.15139461 18.234
 240  80.250844  59.329707    47.577    47.582 21 57033.06704564 17.655
 241  80.251446  59.331804    47.383    47.256 22 57042.98269217 16.834
 242  80.247898  59.330009    47.464    47.572 21 57052.89833545 15.330
 243  80.247479  59.327377    47.604    47.603 21 57062.81397445 13.313
 244  80.216746  59.312568    47.936    47.878  5 57072.72960386 15.229
 245  80.235722  59.320047    47.551    47.375  4 57082.64523701 14.676
 246  80.248865  59.328913    48.043    48.072 21 57092.56088653 13.524
 247  80.256196  59.336012    49.870    49.801 24 57102.47654541  9.290
 248  80.257483  59.337354    49.527    49.487 24 57112.39219935 11.395
 249  80.249831  59.332031    48.479    48.862 22 57122.30784562 13.144
 250  80.250766  59.330118    45.853    45.477 21 57132.22348757 35.739
