# NaN NaN NaN ;Mean Elev.(m), Avg Gradient(m/km), RMS Gradient(m/km) - SRTM1     
#   -0.596  -0.848   4.286 ;Mean Elev.(m), Avg Gradient(m/km), RMS Gradient(m/km) - ASTER GDEM
#    5.778  -0.092   2.036 ;Mean Elev.(m), Avg Gradient(m/km), RMS Gradient(m/km) - GMTED2010 
   1  65.725254  64.590722    10.266    10.245 33 54667.29066104 41.138
   2  65.725605  64.591947     9.631     9.646 32 54677.20630562 29.262
   3  65.726258  64.593832     3.141     1.591 31 54687.12194892 27.192
   4  65.735241  64.596039     8.289     7.816 28 54697.03759121 33.792
   5  65.728040  64.593617     3.322     4.268 31 54706.95323119 46.813
   6  65.725069  64.591000     9.052     9.089 32 54716.86888273 30.955
   7  65.726151  64.589072     2.028     0.963 33 54726.78453222 26.473
   8  65.724174  64.588680     6.355     5.837 33 54736.70017987 32.786
   9  65.724738  64.590642     8.668     8.698 33 54746.61582742 31.101
  10  65.727104  64.592812     8.854     8.930 32 54756.53147475 29.085
  11  65.724852  64.592284     8.057     8.409 32 54766.44711970 30.822
  12  65.725128  64.590070     5.937     5.902 33 54776.36276163 54.746
  13  65.721166  64.587309     6.418     6.420 32 54786.27840069 35.437
  14  65.722953  64.587377     6.201     6.221 32 54796.19403920 36.634
  17  65.727939  64.592298     7.003     6.910 32 54825.94096247 23.181
  18  65.723251  64.591396     7.444     7.495 32 54835.85660132 22.072
  19  65.725695  64.592286     8.046     8.442 31 54845.77225121 18.690
  20  65.725686  64.593368     8.182     8.552 31 54855.68790024 19.343
  21  65.740670  64.597326     8.077     8.256 27 54865.60355080 16.622
  22  65.741759  64.597935     8.140     8.151 25 54875.51919944 15.196
  23  65.736523  64.596023     8.176     8.187 28 54885.43484449 13.598
  24  65.725945  64.592078     8.332     8.384 32 54895.35048545 13.854
  25  65.724604  64.590022     8.627     8.538 33 54905.26612470 14.314
  26  65.722942  64.589414     9.192     9.211 33 54915.18176286 14.729
  27  65.725191  64.590652     9.627     9.595 32 54925.09740111 15.348
  28  65.728213  64.591842     9.470     9.331 32 54935.01303870 13.500
  29  65.725297  64.590750     5.820     4.758 32 54944.92867363 19.620
  30  65.726494  64.588776     6.123     6.167 33 54954.84430648 30.248
  31  65.721084  64.586638     8.804     8.796 33 54964.75995227 39.445
  32  65.720017  64.586892    10.767    10.732 32 54974.67560033 41.557
  34  65.728005  64.591898    10.405    10.388 32 54994.50689690 28.982
  35  65.726747  64.592658    10.414    10.348 32 55004.42254320 27.884
  36  65.725215  64.592540    10.304    10.278 32 55014.33818729 28.114
  37  65.726948  64.592750    10.064    10.019 31 55024.25383028 26.128
  38  65.726552  64.593417     9.651     9.647 31 55034.16947249 36.625
  39  65.728046  64.594216     9.341     9.250 31 55044.08511414 26.839
  40  65.727910  64.593576     8.884     8.779 32 55054.00075387 28.334
  41  65.725378  64.591168     7.157     7.147 32 55063.91639101 47.289
  42  65.725700  64.589688     8.612     8.628 33 55073.83203686 27.096
  43  65.722365  64.588588     6.797     6.448 33 55083.74768452 33.650
  44  65.722775  64.589317     6.356     5.991 33 55093.66333114 41.733
  45  65.725750  64.590695     8.032     8.150 32 55103.57897793 26.765
  46  65.726452  64.591381     8.014     8.125 32 55113.49462423 27.665
  47  65.726066  64.590740     8.393     8.630 32 55123.41026788 28.655
  48  65.722826  64.589092     7.154     7.846 33 55133.32590832 30.751
  49  65.721650  64.587982     5.356     5.316 33 55143.24154685 43.838
  50  65.722317  64.588431     4.621     4.625 33 55153.15718503 35.087
  51  65.723003  64.589527     4.988     4.986 33 55163.07282358 33.307
  52  65.724963  64.590816     5.334     5.178 33 55172.98846195 23.550
  53  65.724671  64.590947     6.224     5.948 32 55182.90409884 20.878
  54  65.723534  64.591482     6.898     6.863 32 55192.81975000 18.674
  55  65.725696  64.592918     7.541     7.700 32 55202.73540031 15.305
  56  65.732998  64.595197     7.683     7.740 30 55212.65105053 16.037
  57  65.736065  64.596014     7.554     7.588 28 55222.56669982 15.075
  58  65.726039  64.593396     7.717     7.758 32 55232.48234633 15.170
  59  65.727377  64.591659     7.969     7.986 32 55242.39799074 15.338
  60  65.723942  64.589692     8.033     8.142 33 55252.31363131 15.261
  61  65.726720  64.589984     8.375     8.306 33 55262.22927036 15.341
  62  65.724868  64.590571     8.704     8.712 32 55272.14490804 15.739
  63  65.726334  64.591097     7.813     7.948 32 55282.06054582 14.407
  64  65.723534  64.589789     9.115     9.007 33 55291.97618190 15.166
  65  65.722521  64.588007     9.499     9.458 33 55301.89181624 14.162
  66  65.720814  64.587137     5.090     4.831 32 55311.80746374 41.436
  67  65.721421  64.587749     8.444     8.156 32 55321.72310926 39.034
  68  65.724599  64.589644     9.867     9.841 32 55331.63875397 28.611
  69  65.725895  64.591277    10.206    10.163 33 55341.55439849 53.757
  70  65.726799  64.591871    10.243    10.168 32 55351.47004270 53.443
  71  65.727573  64.591933     9.855     9.808 32 55361.38568468 26.875
  72  65.723556  64.591503     9.897     9.904 32 55371.30132407 28.416
  73  65.726364  64.592688     9.637     9.634 32 55381.21696272 28.018
  74  65.726350  64.593440     9.779     9.780 32 55391.13260035 27.701
  75  65.725250  64.592759     9.528     9.511 32 55401.04823650 27.547
  76  65.724413  64.591027     9.516     9.528 32 55410.96388538 32.301
  77  65.725160  64.589012     9.333     9.333 33 55420.87953521 37.338
  78  65.722459  64.587556     8.685     8.650 32 55430.79518178 29.565
  79  65.723383  64.588818     6.941     6.915 33 55440.71082659 41.014
  80  65.725874  64.590966     7.446     7.069 32 55450.62647015 30.324
  81  65.726945  64.591796     5.883     5.844 32 55460.54211291 50.689
  82  65.724650  64.590201     8.591     8.732 33 55470.45775408 28.666
  83  65.720878  64.587663     8.456     8.827 32 55480.37339201 30.318
  84  65.722589  64.586748     7.095     7.277 32 55490.28902797 32.304
  85  65.723435  64.587383     7.661     8.184 32 55500.20466179 30.253
  86  65.725117  64.589616     5.414     5.420 32 55510.12030380 52.227
  87  65.726467  64.591624     6.103     6.111 32 55520.03595386 42.553
  88  65.727138  64.592333     5.304     5.323 32 55529.95160277 37.104
  89  65.727675  64.592150     5.174     5.160 32 55539.86724989 35.635
  90  65.727450  64.592132     5.264     5.286 32 55549.78289477 25.891
  91  65.726569  64.593016     5.173     5.162 32 55559.69853803 23.971
  92  65.733238  64.595321     5.207     5.100 30 55569.61418125 20.263
  93  65.731296  64.594837     5.025     4.911 30 55579.52982255 21.513
  94  65.728462  64.592074     5.528     5.141 32 55589.44546097 19.750
  95  65.719801  64.587401     6.959     7.115 32 55599.36109563 18.290
  96  65.718380  64.585313     6.622     6.557 32 55609.27672872 18.341
  97  65.722133  64.586523     6.157     6.092 32 55619.19236087 18.764
  98  65.726405  64.590015     5.645     5.365 33 55629.10801034 18.143
  99  65.726431  64.591405     6.674     6.762 32 55639.02366145 17.451
 100  65.724098  64.589975     7.269     7.414 32 55648.93930988 14.266
 101  65.721033  64.587254    10.027    10.035 32 55658.85495502  8.894
 102  65.720365  64.586211     6.625     6.198 32 55668.77059668 36.457
 103  65.722797  64.587941     8.023     7.830 32 55678.68623651 44.812
 104  65.725068  64.590622    10.073    10.018 33 55688.60187449 31.647
 105  65.725895  64.592145     9.938     9.852 32 55698.51751087 27.866
 106  65.723482  64.591315    10.115    10.076 32 55708.43314732 55.027
 107  65.725986  64.591129    10.032     9.994 33 55718.34879845 55.938
 108  65.724708  64.591057     9.830     9.790 32 55728.26444667 27.774
 109  65.724218  64.592026     9.797     9.774 32 55738.18009349 48.286
 110  65.728449  64.593877     9.294     9.272 31 55748.09573953 48.945
 111  65.725914  64.593314     8.470     8.253 32 55758.01138253 33.096
 112  65.726132  64.591377     8.240     8.305 32 55767.92702296 24.926
 113  65.719749  64.587553     6.752     6.657 32 55777.84265957 35.825
 114  65.720941  64.585981     7.504     7.420 32 55787.75829449 27.516
 115  65.721689  64.586703     7.037     7.150 32 55797.67392812 26.859
 116  65.723984  64.589138     6.047     5.653 33 55807.58957204 34.746
 117  65.724679  64.590813     6.867     7.277 33 55817.50522128 27.994
 118  65.723315  64.589646     7.107     7.360 33 55827.42086648 28.930
 119  65.723080  64.587582     6.655     6.259 32 55837.33650735 32.337
 120  65.719484  64.585600     8.016     8.303 32 55847.25214475 28.832
 121  65.721496  64.586898     6.682     6.536 32 55857.16778051 32.370
 122  65.724766  64.590095     5.872     5.169 33 55867.08342552 30.070
 123  65.727755  64.593016     4.873     4.891 32 55876.99907814 38.089
 133  65.722007  64.587851     6.746     6.890 32 55976.15550831 17.533
 134  65.724191  64.589684     6.740     6.881 33 55986.07114488 17.217
 135  65.725521  64.590334     7.029     7.080 33 55995.98678116 17.636
 136  65.725069  64.589730     6.371     6.504 32 56005.90243278 18.183
 137  65.722772  64.587921     6.784     7.174 32 56015.81808014 20.583
 139  65.724482  64.589507     7.686     8.389 33 56035.64936819 26.625
 141  65.727983  64.593257     9.748     9.777 32 56055.48064800 37.128
 142  65.726889  64.592670     9.119     9.133 31 56065.39628207 36.728
 143  65.725193  64.591772     9.328     9.201 32 56075.31192739 27.042
 144  65.726078  64.592048     9.200     9.106 31 56085.22757688 31.564
 145  65.723877  64.591922     9.017     8.903 32 56095.14322367 25.720
 146  65.726188  64.592365     7.829     7.830 31 56105.05886877 54.679
 147  65.728139  64.591789     8.277     8.530 32 56114.97449926 25.800
 148  65.723288  64.589661     6.105     5.764 33 56124.89013682 37.247
 149  65.722350  64.587773     6.218     5.769 33 56134.80577078 31.491
 150  65.720289  64.586999     5.675     5.322 32 56144.72141140 34.928
 151  65.724264  64.588564     5.735     4.973 33 56154.63706201 29.945
 152  65.726522  64.590276     4.624     4.483 33 56164.55271138 39.418
 153  65.725197  64.590715     6.759     7.143 33 56174.46835819 29.308
 154  65.724698  64.590115     5.778     4.893 32 56184.38399987 32.972
 155  65.725138  64.589009     4.629     4.599 33 56194.29963780 45.598
 156  65.726914  64.588865     7.453     8.017 33 56204.21527304 27.161
 157  65.723906  64.589171     5.962     5.208 33 56214.13090631 34.262
 158  65.725790  64.590948     5.427     4.876 32 56224.04654177 38.521
 159  65.725700  64.592521     5.062     4.668 31 56233.96219779 33.001
 160  65.726075  64.592905     4.158     4.176 31 56243.87784979 38.945
 161  65.725495  64.592446     4.296     4.144 32 56253.79349685 30.205
 162  65.726521  64.592470     4.451     4.433 32 56263.70913980 28.809
 164  65.726177  64.592131     5.082     4.553 32 56283.54042446 23.295
 165  65.726290  64.591290     5.014     4.443 32 56293.45607595 21.570
 166  65.725564  64.589780     6.468     6.956 33 56303.37172292 17.639
 167  65.722771  64.588667     6.815     6.891 33 56313.28736562 15.189
 168  65.724160  64.589411     6.173     6.319 33 56323.20300668 15.965
 169  65.725869  64.590688     6.368     7.013 32 56333.11864718 17.894
 170  65.724204  64.590532     6.652     6.980 32 56343.03428674 16.413
 171  65.723502  64.589535     7.184     7.217 33 56352.94992402 14.851
 172  65.723416  64.588578     7.217     7.431 33 56362.86556582 15.501
 173  65.726491  64.589404     6.175     6.679 33 56372.78121525 15.083
 175  65.728182  64.592938     7.542     7.743 32 56392.61250637 18.607
 176  65.726914  64.593505     7.165     7.108 32 56402.52814897 16.281
 177  65.727806  64.593446     6.552     6.867 31 56412.44378890 30.868
 178  65.726801  64.592209     8.598     8.483 32 56422.35942357 34.659
 179  65.724718  64.591656    10.078    10.042 32 56432.27506479 27.518
 180  65.727218  64.592952     9.896     9.906 31 56442.19071770 26.365
 181  65.726425  64.593519     9.876     9.847 32 56452.10636768 27.525
 182  65.726900  64.592876     9.879     9.822 32 56462.02201522 26.899
 183  65.725546  64.590938     9.828     9.807 32 56471.93765920 25.700
 184  65.723551  64.588868     9.846     9.775 33 56481.85329962 41.496
 185  65.724216  64.588525    10.066     9.976 33 56491.76893671 55.687
 187  65.724981  64.589987     9.487     9.574 33 56511.60020455 30.789
 188  65.726407  64.590425     9.053     8.917 33 56521.51585060 27.962
 189  65.724761  64.589749     7.682     7.297 33 56531.43150339 28.113
 191  65.724726  64.589386     6.350     6.083 33 56551.26279759 51.570
 192  65.725393  64.591269     8.226     8.428 33 56561.17844052 25.699
 193  65.725832  64.593263     8.115     8.298 31 56571.09408232 30.674
 194  65.733262  64.595254     7.919     8.522 30 56581.00972319 27.184
 195  65.725650  64.592755     5.017     4.938 31 56590.92535821 56.000
 196  65.726853  64.591751     6.105     5.957 32 56600.84100612 37.226
 197  65.723302  64.591047     6.666     6.558 32 56610.75665582 32.893
 198  65.724453  64.592315     6.602     6.457 32 56620.67230146 33.647
 199  65.727653  64.593682     6.284     5.818 32 56630.58794426 32.749
 200  65.726889  64.592623     6.725     6.966 31 56640.50358287 25.144
 201  65.725565  64.590147     7.344     7.388 32 56650.41922943 19.915
 202  65.722711  64.587886     7.722     8.076 32 56660.33487970 20.101
 203  65.722046  64.587862     7.703     8.072 33 56670.25052679 19.201
 205  65.726560  64.592521     7.413     7.460 31 56690.08181568 18.412
 206  65.724080  64.591917     7.527     7.774 32 56699.99745543 17.664
 207  65.724641  64.589864     7.688     8.125 33 56709.91309065 16.932
 208  65.726421  64.588863     8.267     8.447 33 56719.82873205 16.135
 209  65.726156  64.589867     9.097     9.099 33 56729.74438427 16.258
 211  65.738791  64.596861     8.827     8.804 28 56749.57567856 12.004
 212  65.739263  64.597141     9.540     9.564 26 56759.49131816  9.967
 213  65.727197  64.593369     5.256     4.720 31 56769.40694999 26.185
 214  65.727399  64.592052     6.983     7.244 32 56779.32259971 38.613
 215  65.723471  64.591500     9.819     9.834 32 56789.23825486 40.320
 216  65.726371  64.593179    10.410    10.415 32 56799.15390739 30.508
 217  65.736677  64.595985    10.588    10.549 28 56809.06955448 29.082
 219  65.725945  64.591312    10.613    10.564 33 56828.90083034 30.718
 220  65.723322  64.588008    10.496    10.418 32 56838.81646341 32.289
 221  65.718934  64.586274    10.727    10.695 32 56848.73209442 33.435
 222  65.725874  64.589624    10.750    10.761 33 56858.64774989 32.216
 223  65.725772  64.592234    10.298    10.295 31 56868.56340365 27.331
 224  65.727821  64.593418     9.957     9.973 31 56878.47905542 34.594
 225  65.727002  64.592326     9.187     9.128 32 56888.39470345 28.182
 226  65.724600  64.590533     8.104     8.262 33 56898.31034855 29.185
 227  65.723647  64.590748     8.814     8.896 32 56908.22599141 25.544
 228  65.726464  64.593240     8.713     8.664 32 56918.14163277 25.826
 229  65.741965  64.597681     9.017     9.196 26 56928.05727340 24.076
 230  65.741157  64.597633     9.224     9.304 27 56937.97290811 25.765
 231  65.726635  64.593267     7.586     6.904 31 56947.88853906 32.908
 232  65.726831  64.591741     6.976     7.000 32 56957.80419244 43.264
 233  65.726024  64.591032     6.438     6.422 32 56967.71984046 30.104
 234  65.725000  64.591640     7.020     6.589 32 56977.63548459 24.107
 235  65.725636  64.592612     7.106     7.045 32 56987.55112441 25.568
 236  65.727507  64.592091     7.554     7.471 32 56997.46675824 19.006
 237  65.724007  64.589899     7.519     7.617 33 57007.38240494 17.461
 238  65.722745  64.588237     8.318     8.407 33 57017.29805840 18.020
 239  65.724670  64.588506     8.244     8.273 33 57027.21370875 17.158
 240  65.724082  64.590242     8.870     9.154 33 57037.12935713 18.197
 241  65.724454  64.592067     8.453     8.606 32 57047.04500302 16.017
 242  65.725268  64.592624     8.701     8.829 32 57056.96064521 15.873
 243  65.727599  64.591622     8.073     8.205 32 57066.87628202 15.860
 244  65.725943  64.590164     8.668     8.727 33 57076.79191409 14.309
 245  65.724495  64.589630     8.733     8.774 32 57086.70754406 15.979
 246  65.725266  64.592334     8.557     8.559 32 57096.62320323 13.857
 247  65.737404  64.596496     9.923    10.012 27 57106.53886073 11.369
 248  65.742422  64.597845     9.951    10.106 26 57116.45451261 10.708
 250  65.726288  64.592350     7.656     8.008 32 57136.28579548 12.122
