# NaN NaN NaN ;Mean Elev.(m), Avg Gradient(m/km), RMS Gradient(m/km) - SRTM1     
#   44.516  -0.372   3.006 ;Mean Elev.(m), Avg Gradient(m/km), RMS Gradient(m/km) - ASTER GDEM
#   35.128  -0.034   1.540 ;Mean Elev.(m), Avg Gradient(m/km), RMS Gradient(m/km) - GMTED2010 
   1    42.672 54660.26168412 45.34  78.942738  59.938112 21.083  269.23  269.86  267.93
   1    42.400 54660.26168471 48.03  78.946894  59.939713   -100  269.23  269.86  267.93
   1    42.182 54660.26168530 53.95  78.951051  59.941313   -100  269.23  269.86  267.93
   1    42.359 54660.26168589 46.09  78.955209  59.942914 30.948  269.23  269.86  267.93
   2    44.181 54670.17733006 25.60  78.943225  59.938919 19.183  263.93  263.33  262.55
   2    45.184 54670.17733065 22.19  78.947381  59.940520 10.284  263.93  263.33  262.55
   2    45.499 54670.17733124 25.95  78.951539  59.942121 16.478  263.93  263.33  262.55
   2    45.396 54670.17733183 31.77  78.955696  59.943722 30.401  263.93  263.33  262.55
   3   -29.182 54680.09297409  5.22  78.942210  59.940029  2.452  263.70  263.43  263.08
   3   -27.528 54680.09297468  5.44  78.946367  59.941630  2.179  263.70  263.43  263.08
   3   -25.896 54680.09297527  5.49  78.950524  59.943231  2.194 -100.00 -100.00 -100.00
   3   -24.594 54680.09297586  5.37  78.954682  59.944831  2.091 -100.00 -100.00 -100.00
   4    39.716 54690.00861662 40.67  78.939801  59.939842 26.819  260.71  261.33  259.10
   4    39.470 54690.00861721 42.42  78.943958  59.941443   -100  260.71  261.33  259.10
   4    39.456 54690.00861780 47.17  78.948115  59.943044   -100  260.71  261.33  259.10
   4    39.120 54690.00861839 48.11  78.952272  59.944644  8.917  260.71  261.33  259.10
   5   -27.946 54699.92425726 11.75  78.941306  59.939510  6.428  255.05  254.22  253.43
   5   -26.325 54699.92425785 10.19  78.945462  59.941111  4.770  255.05  254.22  253.43
   5   -25.067 54699.92425844  9.99  78.949619  59.942712  4.169 -100.00 -100.00 -100.00
   5   -23.974 54699.92425903  9.66  78.953776  59.944312  3.855 -100.00 -100.00 -100.00
   6    39.858 54709.83990222 37.79  78.943052  59.938396 17.162  263.07  264.49  261.37
   6    39.389 54709.83990281 44.84  78.947209  59.939997 28.782  263.07  264.49  261.37
   6    39.035 54709.83990340 49.18  78.951365  59.941598   -100  263.07  264.49  261.37
   6    38.702 54709.83990399 53.25  78.955522  59.943198   -100  263.07  264.49  261.37
   7   -17.782 54719.75555326  7.49  78.942115  59.937188  3.705  258.83  259.02  257.78
   7   -17.262 54719.75555385  9.68  78.946271  59.938789  3.634  258.83  259.02  257.78
   7   -16.842 54719.75555444  7.98  78.950428  59.940390  3.505  258.83  259.02  257.78
   7    -9.285 54719.75555503 14.05  78.954585  59.941990 10.324 -100.00 -100.00 -100.00
   8    38.396 54729.67120199 39.45  78.942406  59.936998   -100  254.57  253.78  253.26
   8    38.615 54729.67120258 39.39  78.946562  59.938599   -100  254.57  253.78  253.26
   8    38.937 54729.67120317 43.76  78.950718  59.940199 29.466  254.57  253.78  253.26
   8    38.805 54729.67120376 46.95  78.954876  59.941800   -100  254.57  253.78  253.26
   9    39.133 54739.58684962 32.81  78.944197  59.938608   -100  254.45  254.18  255.78
   9    39.041 54739.58685021 30.05  78.948354  59.940208   -100  254.45  254.18  255.78
   9    45.118 54739.58685080 27.09  78.952512  59.941809 17.679  254.45  254.18  255.78
  10    39.735 54749.50249639 42.79  78.939388  59.937956 30.990  260.73  261.36  261.40
  10    39.606 54749.50249698 44.03  78.943544  59.939556   -100  260.73  261.36  261.40
  10    39.343 54749.50249757 48.16  78.947701  59.941157 14.624  260.73  261.36  261.40
  10    39.287 54749.50249816 49.35  78.951859  59.942757 27.057  260.73  261.36  261.40
  11    44.060 54759.41814377 30.78  78.940563  59.939246 17.987  258.01  257.38  257.79
  11    44.610 54759.41814436 25.15  78.944720  59.940846  6.966  258.01  257.38  257.79
  11    44.683 54759.41814496 25.25  78.948877  59.942447  7.609 -100.00 -100.00 -100.00
  11    44.915 54759.41814555 27.01  78.953035  59.944047 10.427 -100.00 -100.00 -100.00
  12    39.210 54769.33378853 28.32  78.940808  59.938845 25.901  255.68  255.10  257.06
  12    39.064 54769.33378912 28.78  78.944965  59.940445 26.114  255.68  255.10  257.06
  12    41.806 54769.33378971 27.76  78.949123  59.942046 20.047  255.68  255.10  257.06
  12    45.231 54769.33379030 28.16  78.953281  59.943646 18.956  255.68  255.10  257.06
  13    43.789 54779.24943010 30.15  78.943560  59.938279 13.901  253.67  251.22  251.47
  13    43.516 54779.24943069 29.73  78.947717  59.939880 13.449  253.67  251.22  251.47
  13    43.091 54779.24943128 29.47  78.951875  59.941481 11.500  253.67  251.22  251.47
  13    39.034 54779.24943187 34.52  78.956033  59.943081 26.538  253.67  251.22  251.47
  14    40.637 54789.16506862 40.58  78.943016  59.936367   -100  258.51  256.86  254.89
  14    40.374 54789.16506921 43.69  78.947173  59.937968  5.426  258.51  256.86  254.89
  14    40.560 54789.16506980 43.88  78.951331  59.939569  6.634  258.51  256.86  254.89
  14    40.469 54789.16507039 44.65  78.955489  59.941169  1.606  258.51  256.86  254.89
  15    40.630 54799.08070628 33.49  78.943256  59.936029 27.037 -100.00 -100.00 -100.00
  15    40.512 54799.08070687 33.70  78.947413  59.937630 25.623 -100.00 -100.00 -100.00
  15    40.588 54799.08070746 34.30  78.951570  59.939231 29.714 -100.00 -100.00 -100.00
  15    40.547 54799.08070805 31.93  78.955728  59.940831 20.528 -100.00 -100.00 -100.00
  17    39.474 54818.91198126 30.79  78.942953  59.936799 26.161  247.07  243.07  235.09
  17    39.349 54818.91198185 31.90  78.947110  59.938400 30.412  247.07  243.07  235.09
  17    39.326 54818.91198244 27.59  78.951267  59.940001 16.298  247.07  243.07  235.09
  17    39.284 54818.91198303 24.65  78.955424  59.941602 10.983  247.07  243.07  235.09
  18    39.997 54828.82763318 21.06  78.940793  59.937419  5.933  250.39  245.70  237.26
  18    39.252 54828.82763377 25.06  78.944950  59.939020 12.949  250.39  245.70  237.26
  18    39.372 54828.82763436 23.80  78.949107  59.940621 10.415  250.39  245.70  237.26
  18    39.425 54828.82763495 24.29  78.953264  59.942222 10.997  250.39  245.70  237.26
  19    43.300 54838.74327236 20.37  78.942383  59.939446  6.393 -100.00 -100.00 -100.00
  19    43.189 54838.74327295 20.18  78.946540  59.941047  6.565 -100.00 -100.00 -100.00
  19    42.775 54838.74327354 20.16  78.950697  59.942647  5.958 -100.00 -100.00 -100.00
  19    42.990 54838.74327413 19.67  78.954855  59.944248  5.068 -100.00 -100.00 -100.00
  20    43.617 54848.65892130 20.07  78.939001  59.940173  5.438  245.43  239.05  224.21
  20    43.165 54848.65892189 20.59  78.943159  59.941774  4.957  245.43  239.05  224.21
  20    43.271 54848.65892248 19.63  78.947316  59.943374  4.516  245.43  239.05  224.21
  20    41.596 54848.65892307 20.67  78.951474  59.944975  6.307  245.43  239.05  224.21
  20    42.567 54848.65892366 20.21  78.955632  59.946575  5.437  245.43  239.05  224.21
  21    43.838 54858.57457010 19.74  78.937880  59.941658  5.710  244.30  236.90  219.71
  21    38.790 54858.57457069 22.74  78.942037  59.943258 10.039  244.30  236.90  219.71
  21    38.522 54858.57457128 24.55  78.946195  59.944859 13.818  244.30  236.90  219.71
  21    38.460 54858.57457187 24.43  78.950353  59.946459 14.034  244.30  236.90  219.71
  21    38.347 54858.57457247 25.12  78.954512  59.948060 14.597 -100.00 -100.00 -100.00
  22    44.369 54868.49021902 18.46  78.937052  59.942510  4.732  245.05  237.76  218.12
  22    43.798 54868.49021961 18.91  78.941209  59.944111  5.416  245.05  237.76  218.12
  22    42.747 54868.49022020 19.15  78.945368  59.945712  5.869  245.05  237.76  218.12
  22    42.925 54868.49022079 18.83  78.949526  59.947312  5.337 -100.00 -100.00 -100.00
  22    42.388 54868.49022138 19.53  78.953685  59.948912  6.516 -100.00 -100.00 -100.00
  23    44.319 54878.40586721 17.02  78.938705  59.942363  4.135  241.45  231.10  207.23
  23    43.704 54878.40586780 17.50  78.942863  59.943964  4.722  241.45  231.10  207.23
  23    43.562 54878.40586839 17.50  78.947021  59.945564  4.454  241.45  231.10  207.23
  23    42.632 54878.40586898 17.38  78.951180  59.947165  4.361  241.45  231.10  207.23
  23    42.439 54878.40586957 19.14  78.955339  59.948765  7.268  241.45  231.10  207.23
  24    44.262 54888.32151196 16.11  78.939527  59.940270  3.508  250.10  241.17  220.68
  24    43.319 54888.32151255 16.29  78.943685  59.941871  3.945  250.10  241.17  220.68
  24    43.475 54888.32151314 16.12  78.947843  59.943472  3.518 -100.00 -100.00 -100.00
  24    43.059 54888.32151373 16.35  78.952002  59.945072  4.481 -100.00 -100.00 -100.00
  25    44.045 54898.23715379 16.20  78.942850  59.939516  3.954 -100.00 -100.00 -100.00
  25    43.490 54898.23715438 16.15  78.947008  59.941117  3.605 -100.00 -100.00 -100.00
  25    43.209 54898.23715497 16.65  78.951166  59.942717  4.705 -100.00 -100.00 -100.00
  25    43.135 54898.23715556 16.58  78.955325  59.944318  3.635 -100.00 -100.00 -100.00
  26    43.841 54908.15279278 16.28  78.942958  59.939322  4.785  246.39  234.98  209.44
  26    43.192 54908.15279337 16.87  78.947115  59.940923  5.329  246.39  234.98  209.44
  26    43.255 54908.15279396 16.14  78.951274  59.942523  3.581  246.39  234.98  209.44
  26    42.788 54908.15279455 16.94  78.955432  59.944124  5.835  246.39  234.98  209.44
  27    40.547 54918.06843040 11.50  78.942073  59.939653  7.558  257.03  249.77  228.40
  27    38.646 54918.06843099 13.89  78.946231  59.941254 10.622  257.03  249.77  228.40
  27    38.440 54918.06843158 15.25  78.950389  59.942855 13.601  257.03  249.77  228.40
  27    38.482 54918.06843217 14.48  78.954548  59.944455 12.218  257.03  249.77  228.40
  28    40.214 54927.98406750 29.51  78.939487  59.938617 18.519  249.34  241.01  225.42
  28    40.038 54927.98406809 27.53  78.943644  59.940218 14.681  249.34  241.01  225.42
  28    39.919 54927.98406868 27.86  78.947802  59.941819 14.928 -100.00 -100.00 -100.00
  28    39.378 54927.98406927 28.05  78.951960  59.943419 17.339 -100.00 -100.00 -100.00
  29    39.855 54937.89970462 36.22  78.943602  59.938435   -100 -100.00 -100.00 -100.00
  29    39.726 54937.89970521 34.77  78.947759  59.940036   -100 -100.00 -100.00 -100.00
  29    39.857 54937.89970580 33.63  78.951917  59.941636   -100 -100.00 -100.00 -100.00
  29    39.797 54937.89970639 32.64  78.956074  59.943237 31.823 -100.00 -100.00 -100.00
  30    43.814 54947.81533922 49.22  78.943104  59.935576 23.311  250.03  250.56  252.31
  30    43.624 54947.81533981 44.94  78.947260  59.937176 10.590  250.03  250.56  252.31
  30    43.851 54947.81534040 40.32  78.951417  59.938777   -100 -100.00 -100.00 -100.00
  30    43.719 54947.81534099 40.89  78.955574  59.940378   -100 -100.00 -100.00 -100.00
  31    44.157 54957.73097419 46.87  78.944171  59.933704   -100  246.00  243.82  244.45
  31    44.152 54957.73097478 46.96  78.948326  59.935305   -100  246.00  243.82  244.45
  31    44.245 54957.73097537 50.36  78.952482  59.936905   -100  246.00  243.82  244.45
  31    44.091 54957.73097596 52.17  78.956639  59.938506 12.096  246.00  243.82  244.45
  32    44.324 54967.64662295 40.99  78.945315  59.935136 28.793  245.06  247.25  246.95
  32    44.329 54967.64662354 46.81  78.949471  59.936737   -100 -100.00 -100.00 -100.00
  32    44.658 54967.64662413 48.11  78.953627  59.938337   -100 -100.00 -100.00 -100.00
  32    44.601 54967.64662472 48.34  78.957784  59.939938   -100 -100.00 -100.00 -100.00
  33    44.657 54977.56227067 31.44  78.944780  59.936865 28.845 -100.00 -100.00 -100.00
  33    44.304 54977.56227126 32.57  78.948937  59.938466 25.600 -100.00 -100.00 -100.00
  33    44.620 54977.56227185 34.09  78.953093  59.940066 28.693 -100.00 -100.00 -100.00
  34    39.321 54987.47791820 18.49  78.942536  59.937810  4.455  259.13  262.68  261.90
  34    39.305 54987.47791879 19.17  78.946692  59.939410  4.199  259.13  262.68  261.90
  34    39.292 54987.47791938 18.86  78.950849  59.941011  3.667  259.13  262.68  261.90
  34    39.299 54987.47791997 20.12  78.955007  59.942611  5.324  259.13  262.68  261.90
  35    44.597 54997.39356611 31.17  78.942648  59.938639 28.444 -100.00 -100.00 -100.00
  35    44.362 54997.39356670 30.53  78.946805  59.940240 29.811 -100.00 -100.00 -100.00
  35    44.327 54997.39356729 30.24  78.950962  59.941841 26.153 -100.00 -100.00 -100.00
  35    45.348 54997.39356788 30.79  78.955120  59.943441 21.620 -100.00 -100.00 -100.00
  36    44.457 55007.30921176 29.21  78.939520  59.937871 22.531  258.15  259.71  259.18
  36    44.298 55007.30921235 29.20  78.943676  59.939472 25.049  254.63  256.19  256.62
  36    44.018 55007.30921294 29.14  78.947833  59.941072 26.643  254.63  256.19  256.62
  36    44.680 55007.30921353 27.53  78.951991  59.942673 19.397  254.63  256.19  256.62
  37    44.092 55017.22485581 36.08  78.939809  59.938681   -100  263.86  264.46  263.94
  37    44.044 55017.22485640 29.76  78.943966  59.940282 17.371  263.86  264.46  263.94
  37    43.829 55017.22485699 27.99  78.948124  59.941882 11.470  263.86  264.46  263.94
  37    45.268 55017.22485758 28.70  78.952281  59.943483 11.383  263.86  264.46  263.94
  38    43.333 55027.14049871 35.93  78.941831  59.940843 27.136  266.57  267.47  266.30
  38    43.105 55027.14049930 36.51  78.945989  59.942444 32.104  266.57  267.47  266.30
  38    43.118 55027.14049989 38.54  78.950146  59.944044   -100  266.57  267.47  266.30
  38    43.243 55027.14050048 39.39  78.954304  59.945645   -100  266.57  267.47  266.30
  39    42.458 55037.05614019 39.61  78.937448  59.940680 26.750 -100.00 -100.00 -100.00
  39    42.497 55037.05614078 29.83  78.941605  59.942281   -100 -100.00 -100.00 -100.00
  39    42.054 55037.05614137 29.74  78.945763  59.943882   -100 -100.00 -100.00 -100.00
  39    44.909 55037.05614196 25.28  78.949920  59.945482 16.570 -100.00 -100.00 -100.00
  39    45.076 55037.05614255 31.64  78.954079  59.947083   -100 -100.00 -100.00 -100.00
  40    41.232 55046.97178107 37.27  78.937731  59.940465  5.478  263.03  264.34  262.76
  40    42.378 55046.97178166 27.76  78.941888  59.942066 22.069  263.03  264.34  262.76
  40    41.195 55046.97178225 31.58  78.946045  59.943666   -100  263.03  264.34  262.76
  40    40.903 55046.97178285 30.10  78.950203  59.945267   -100  263.03  264.34  262.76
  40    45.012 55046.97178344 30.36  78.954361  59.946867 31.580  263.03  264.34  262.76
  41    40.764 55056.88742001 37.41  78.940137  59.938548   -100  257.63  258.34  256.37
  41    40.462 55056.88742060 27.71  78.944293  59.940149 18.361  257.63  258.34  256.37
  41    41.842 55056.88742119 26.92  78.948450  59.941750 17.007  257.63  258.34  256.37
  41    45.021 55056.88742178 27.11  78.952607  59.943350 15.581 -100.00 -100.00 -100.00
  42    40.734 55066.80305665 42.10  78.943880  59.936111   -100 -100.00 -100.00 -100.00
  42    41.241 55066.80305724 41.04  78.948036  59.937712 23.771 -100.00 -100.00 -100.00
  42    40.594 55066.80305783 45.45  78.952192  59.939312   -100 -100.00 -100.00 -100.00
  42    40.470 55066.80305842 50.44  78.956349  59.940913 26.736 -100.00 -100.00 -100.00
  43    40.000 55076.71870675 33.13  78.943689  59.935391   -100  258.38  258.04  256.85
  43    39.542 55076.71870734 36.92  78.947845  59.936991   -100 -100.00 -100.00 -100.00
  43    39.610 55076.71870793 30.05  78.952002  59.938592 28.389 -100.00 -100.00 -100.00
  43    45.071 55076.71870852 27.37  78.956158  59.940192 16.842 -100.00 -100.00 -100.00
  44    40.059 55086.63435456 36.24  78.942075  59.936433   -100  257.19  256.33  256.01
  44    39.820 55086.63435515 33.34  78.946231  59.938034   -100  257.19  256.33  256.01
  44    43.574 55086.63435574 26.75  78.950388  59.939634 15.168  257.19  256.33  256.01
  44    44.754 55086.63435633 27.04  78.954545  59.941235 14.578  257.19  256.33  256.01
  45    39.369 55096.55000104 38.12  78.941333  59.938658   -100  257.62  256.73  257.02
  45    39.145 55096.55000163 31.25  78.945490  59.940259 26.230  257.62  256.73  257.02
  45    39.103 55096.55000222 33.12  78.949647  59.941859   -100  257.62  256.73  257.02
  45    39.190 55096.55000281 33.70  78.953805  59.943459   -100  257.62  256.73  257.02
  46    39.597 55106.46564705 28.17  78.940571  59.939540 22.637  263.75  263.34  264.16
  46    39.218 55106.46564764 29.30  78.944728  59.941140 25.810  263.75  263.34  264.16
  46    38.915 55106.46564823 29.12  78.948886  59.942741 28.490  263.75  263.34  264.16
  46    39.060 55106.46564882 34.18  78.953044  59.944341   -100  263.75  263.34  264.16
  47    44.111 55116.38129240 29.83  78.940034  59.938393 30.041  255.00  254.28  255.86
  47    39.311 55116.38129299 28.97  78.944191  59.939994 28.883 -100.00 -100.00 -100.00
  47    38.866 55116.38129358 31.48  78.948348  59.941594   -100 -100.00 -100.00 -100.00
  47    39.116 55116.38129417 30.43  78.952506  59.943195   -100 -100.00 -100.00 -100.00
  48    44.288 55126.29693568 27.77  78.942484  59.937161 15.742 -100.00 -100.00 -100.00
  48    43.577 55126.29693627 28.48  78.946642  59.938762 20.600 -100.00 -100.00 -100.00
  48    44.299 55126.29693686 26.51  78.950799  59.940362 16.021 -100.00 -100.00 -100.00
  48    44.507 55126.29693745 31.54  78.954957  59.941963 27.909 -100.00 -100.00 -100.00
  49    40.017 55136.21257640 38.00  78.943793  59.936202 30.657  258.06  257.69  257.03
  49    40.016 55136.21257699 39.75  78.947951  59.937803   -100  258.06  257.69  257.03
  49    40.222 55136.21257758 42.10  78.952108  59.939404   -100  258.06  257.69  257.03
  49    39.944 55136.21257817 43.13  78.956266  59.941004   -100  258.06  257.69  257.03
  50    41.424 55146.12821511 40.93  78.944465  59.936571 27.725  248.33  245.97  243.82
  50    41.110 55146.12821570 43.29  78.948622  59.938172   -100  248.33  245.97  243.82
  50    40.882 55146.12821629 47.32  78.952779  59.939773  8.401  248.33  245.97  243.82
  50    40.967 55146.12821688 43.00  78.956937  59.941373   -100  248.33  245.97  243.82
  51    41.166 55156.04385272 41.26  78.941852  59.937017   -100 -100.00 -100.00 -100.00
  51    41.295 55156.04385331 41.67  78.946009  59.938618   -100 -100.00 -100.00 -100.00
  51    41.048 55156.04385390 45.21  78.950166  59.940219   -100 -100.00 -100.00 -100.00
  51    41.008 55156.04385449 44.36  78.954324  59.941819   -100 -100.00 -100.00 -100.00
  52    40.806 55165.95949054 35.30  78.940675  59.937454 24.845  254.91  252.45  248.20
  52    40.904 55165.95949113 37.76  78.944832  59.939055   -100  254.91  252.45  248.20
  52    40.703 55165.95949172 36.65  78.948989  59.940655 32.476  254.91  252.45  248.20
  52    40.959 55165.95949231 32.92  78.953147  59.942256 16.073  254.91  252.45  248.20
  53    40.355 55175.87512841 30.58  78.942875  59.938051 16.406  248.43  245.34  237.60
  53    40.362 55175.87512900 31.91  78.947032  59.939652 19.157  248.43  245.34  237.60
  53    40.117 55175.87512959 31.11  78.951189  59.941253 16.724  248.43  245.34  237.60
  53    40.127 55175.87513018 30.09  78.955347  59.942854 13.952  248.43  245.34  237.60
  54    44.003 55185.79076968 21.37  78.942446  59.936837  7.228  250.08  246.74  237.73
  54    43.371 55185.79077027 20.82  78.946603  59.938438  5.711  250.08  246.74  237.73
  54    42.797 55185.79077086 21.28  78.950759  59.940039  7.150 -100.00 -100.00 -100.00
  54    42.882 55185.79077145 20.57  78.954917  59.941640  5.373 -100.00 -100.00 -100.00
  55    44.035 55195.70642090 18.03  78.942690  59.938170  4.327  248.10  243.56  231.81
  55    43.365 55195.70642149 18.30  78.946846  59.939771  4.359  248.10  243.56  231.81
  55    43.201 55195.70642208 17.47  78.951003  59.941371  3.313  248.10  243.56  231.81
  55    42.967 55195.70642267 17.93  78.955161  59.942972  3.660  248.10  243.56  231.81
  56    43.834 55205.62207066 17.56  78.939855  59.939683  4.265 -100.00 -100.00 -100.00
  56    43.418 55205.62207125 17.70  78.944012  59.941284  4.576 -100.00 -100.00 -100.00
  56    43.141 55205.62207184 17.83  78.948170  59.942885  4.805 -100.00 -100.00 -100.00
  56    42.347 55205.62207243 17.80  78.952328  59.944485  4.635 -100.00 -100.00 -100.00
  57    43.629 55215.53771986 17.66  78.937148  59.941261  4.092  248.43  242.33  225.56
  57    43.168 55215.53772045 17.90  78.941305  59.942862  4.960  248.35  241.86  223.81
  57    43.126 55215.53772104 17.34  78.945462  59.944463  3.965  248.35  241.86  223.81
  57    42.668 55215.53772163 17.37  78.949621  59.946064  4.203  248.35  241.86  223.81
  57    42.449 55215.53772222 17.61  78.953779  59.947664  5.052  248.35  241.86  223.81
  58    43.979 55225.45336886 15.80  78.938228  59.942478  3.876  250.27  243.23  224.35
  58    43.472 55225.45336945 15.81  78.942386  59.944078  3.409  250.27  243.23  224.35
  58    43.354 55225.45337004 15.76  78.946544  59.945679  3.914  250.27  243.23  224.35
  58    42.868 55225.45337063 16.07  78.950702  59.947280  3.900  250.27  243.23  224.35
  58    42.237 55225.45337122 16.42  78.954861  59.948880  4.391  250.27  243.23  224.35
  59    43.795 55235.36901528 16.25  78.938581  59.940615  4.801  245.44  236.46  214.31
  59    43.540 55235.36901587 15.85  78.942739  59.942216  3.478  245.44  236.46  214.31
  59    43.124 55235.36901646 15.94  78.946897  59.943817  4.200  245.44  236.46  214.31
  59    42.440 55235.36901705 16.25  78.951055  59.945418  4.016  245.44  236.46  214.31
  59    42.012 55235.36901764 16.68  78.955214  59.947018  4.853 -100.00 -100.00 -100.00
  60    44.126 55245.28465830 15.91  78.940148  59.937614  3.503  252.65  244.77  225.82
  60    43.472 55245.28465889 16.40  78.944305  59.939215  3.932  252.65  244.77  225.82
  60    42.785 55245.28465948 16.03  78.948463  59.940816  3.256 -100.00 -100.00 -100.00
  60    42.611 55245.28466007 16.17  78.952621  59.942416  3.827 -100.00 -100.00 -100.00
  61    43.748 55255.20029890 14.39  78.943375  59.936764  3.656 -100.00 -100.00 -100.00
  61    43.360 55255.20029949 14.73  78.947532  59.938365  3.984 -100.00 -100.00 -100.00
  61    43.215 55255.20030008 14.46  78.951690  59.939966  3.673 -100.00 -100.00 -100.00
  61    42.708 55255.20030067 14.89  78.955848  59.941566  3.710 -100.00 -100.00 -100.00
  62    44.015 55265.11593770 13.89  78.942735  59.937537  3.810  251.78  242.01  221.02
  62    43.311 55265.11593829 14.12  78.946892  59.939137  3.439  251.78  242.01  221.02
  62    43.195 55265.11593888 13.76  78.951050  59.940738  3.195  251.78  242.01  221.02
  62    42.434 55265.11593947 14.03  78.955208  59.942338  3.987  251.78  242.01  221.02
  63    43.721 55275.03157586 13.57  78.942979  59.939932  2.978  250.12  237.47  212.93
  63    43.030 55275.03157645 13.63  78.947137  59.941532  3.102  250.12  237.47  212.93
  63    42.857 55275.03157704 13.46  78.951295  59.943133  2.988  250.12  237.47  212.93
  63    42.387 55275.03157763 13.86  78.955454  59.944733  3.283  250.12  237.47  212.93
  64    44.438 55284.94721253 10.66  78.939931  59.939034  2.609  240.65  228.88  209.64
  64    44.432 55284.94721312 10.69  78.944088  59.940635  2.893  240.65  228.88  209.64
  64    44.558 55284.94721371 10.75  78.948245  59.942236  2.986  240.65  228.88  209.64
  64    44.198 55284.94721430 11.16  78.952403  59.943836  3.057  240.65  228.88  209.64
  65    44.483 55294.86284810 11.11  78.944506  59.937920  2.843  230.41  216.00  195.82
  65    44.419 55294.86284869 11.11  78.948663  59.939521  2.870  230.41  216.00  195.82
  65    44.496 55294.86284929 11.19  78.952820  59.941122  3.166  230.41  216.00  195.82
  66    44.078 55304.77848608 10.04  78.945266  59.934732  7.711  257.94  251.58  238.10
  66    43.742 55304.77848667  9.82  78.949423  59.936333  7.729  257.94  251.58  238.10
  66    43.576 55304.77848726  8.99  78.953579  59.937934  5.841  257.94  251.58  238.10
  66    44.394 55304.77848786  9.04  78.957736  59.939534  6.024 -100.00 -100.00 -100.00
  67    44.707 55314.69413346 30.63  78.947288  59.934908 21.841 -100.00 -100.00 -100.00
  67    39.430 55314.69413405 35.27  78.951444  59.936508   -100 -100.00 -100.00 -100.00
  67    39.418 55314.69413464 35.35  78.955601  59.938109   -100 -100.00 -100.00 -100.00
  68    43.981 55324.60977891 33.85  78.945361  59.936068   -100 -100.00 -100.00 -100.00
  68    44.168 55324.60977950 30.87  78.949517  59.937669 21.706 -100.00 -100.00 -100.00
  68    44.540 55324.60978009 30.81  78.953674  59.939269 17.974 -100.00 -100.00 -100.00
  69    44.849 55334.52542291 33.48  78.940717  59.937181 32.557  241.20  241.12  244.71
  69    44.646 55334.52542350 32.65  78.944874  59.938782 27.271  241.20  241.12  244.71
  69    44.327 55334.52542409 30.93  78.949031  59.940382 22.706  241.20  241.12  244.71
  69    45.005 55334.52542468 30.02  78.953188  59.941983 17.325  241.20  241.12  244.71
  70    45.326 55344.44106730 31.96  78.941409  59.939427 29.957  244.83  247.64  248.22
  70    44.944 55344.44106789 31.35  78.945566  59.941028 25.600 -100.00 -100.00 -100.00
  70    45.022 55344.44106848 30.22  78.949723  59.942628 18.447 -100.00 -100.00 -100.00
  70    45.097 55344.44106907 31.92  78.953881  59.944229 18.930 -100.00 -100.00 -100.00
  71    45.661 55354.35671035 43.67  78.939444  59.938605  3.180  237.04  241.71  243.84
  71    45.651 55354.35671094 36.89  78.943601  59.940206 30.949  237.04  241.71  243.84
  71    45.502 55354.35671153 35.96  78.947758  59.941807 25.287  237.04  241.71  243.84
  71    45.470 55354.35671212 35.77  78.951915  59.943407 23.161  237.04  241.71  243.84
  72    46.066 55364.27235168 40.70  78.940923  59.938352   -100  225.58  225.64  232.18
  72    46.011 55364.27235227 38.46  78.945079  59.939953 24.199  225.58  225.64  232.18
  72    45.970 55364.27235286 41.06  78.949237  59.941554 28.562 -100.00 -100.00 -100.00
  72    46.130 55364.27235345 40.76  78.953394  59.943154 26.248 -100.00 -100.00 -100.00
  73    46.127 55374.18799108 37.58  78.940566  59.937805   -100  219.17  220.89  227.75
  73    46.074 55374.18799167 32.14  78.944723  59.939406 18.010  219.17  220.89  227.75
  73    45.928 55374.18799226 32.81  78.948880  59.941007 20.065  219.17  220.89  227.75
  73    45.949 55374.18799285 33.73  78.953037  59.942607 22.379  219.17  220.89  227.75
  74    45.960 55384.10362943 33.72  78.940798  59.938481 29.767  224.85  229.38  233.32
  74    45.874 55384.10363002 30.26  78.944954  59.940081 17.655  224.85  229.38  233.32
  74    45.790 55384.10363061 32.19  78.949111  59.941682 21.187  224.85  229.38  233.32
  74    45.780 55384.10363120 34.90  78.953269  59.943283 29.982  224.85  229.38  233.32
  75    45.374 55394.01926681 42.00  78.940329  59.938905   -100 -100.00 -100.00 -100.00
  75    45.367 55394.01926740 35.23  78.944486  59.940506 15.568 -100.00 -100.00 -100.00
  75    45.314 55394.01926799 35.10  78.948642  59.942106 14.933 -100.00 -100.00 -100.00
  75    45.436 55394.01926858 34.94  78.952800  59.943707 15.627 -100.00 -100.00 -100.00
  76    44.477 55403.93490453 29.64  78.942621  59.939080 23.603 -100.00 -100.00 -100.00
  76    44.181 55403.93490512 28.53  78.946777  59.940681 19.290 -100.00 -100.00 -100.00
  76    45.247 55403.93490571 28.86  78.950934  59.942281 21.143 -100.00 -100.00 -100.00
  76    45.555 55403.93490631 35.50  78.955091  59.943882   -100 -100.00 -100.00 -100.00
  77    42.661 55413.85055571 36.83  78.940512  59.937243   -100 -100.00 -100.00 -100.00
  77    42.483 55413.85055630 36.28  78.944668  59.938844   -100 -100.00 -100.00 -100.00
  77    42.647 55413.85055689 40.01  78.948824  59.940445   -100 -100.00 -100.00 -100.00
  77    42.848 55413.85055748 41.38  78.952981  59.942045   -100 -100.00 -100.00 -100.00
  78    41.663 55423.76620470 39.85  78.944708  59.936732   -100  256.52  257.47  257.30
  78    41.357 55423.76620529 31.20  78.948864  59.938333 19.443  256.52  257.47  257.30
  78    41.209 55423.76620588 29.62  78.953021  59.939933 13.042  256.52  257.47  257.30
  79    41.271 55433.68185072 42.04  78.945260  59.935561   -100 -100.00 -100.00 -100.00
  79    40.891 55433.68185131 34.60  78.949417  59.937161   -100 -100.00 -100.00 -100.00
  79    40.809 55433.68185190 29.38  78.953573  59.938761 17.626 -100.00 -100.00 -100.00
  80    40.570 55443.59749512 41.88  78.942623  59.936013   -100 -100.00 -100.00 -100.00
  80    40.580 55443.59749571 43.10  78.946779  59.937613 30.912 -100.00 -100.00 -100.00
  80    40.118 55443.59749630 50.56  78.950936  59.939213 21.848 -100.00 -100.00 -100.00
  80    40.166 55443.59749689 51.39  78.955093  59.940814  8.129 -100.00 -100.00 -100.00
  81    39.664 55453.51313883 32.40  78.943116  59.938750 30.492  251.53  250.51  252.60
  81    39.375 55453.51313942 32.25  78.947272  59.940351 29.781  251.53  250.51  252.60
  81    39.299 55453.51314002 32.97  78.951430  59.941951 32.588  251.53  250.51  252.60
  81    45.422 55453.51314061 33.37  78.955587  59.943551 26.448  251.53  250.51  252.60
  82    39.242 55463.42878144 32.29  78.942224  59.939934 25.869  251.47  250.05  252.72
  82    39.176 55463.42878203 32.04  78.946381  59.941535 24.487  251.47  250.05  252.72
  82    41.651 55463.42878262 30.03  78.950538  59.943135 17.798  251.47  250.05  252.72
  82    45.259 55463.42878321 34.89  78.954696  59.944735 29.157  251.47  250.05  252.72
  83    39.578 55473.34442158 31.20  78.942449  59.938351 31.582  252.34  251.97  254.88
  83    39.598 55473.34442217 28.35  78.946606  59.939952 20.764  252.34  251.97  254.88
  83    44.981 55473.34442276 28.76  78.950763  59.941552 21.110  252.34  251.97  254.88
  83    45.349 55473.34442335 31.63  78.954921  59.943153 28.559  252.34  251.97  254.88
  85    39.662 55493.17569424 30.82  78.947590  59.934513 20.745  248.95  248.57  251.20
  85    39.467 55493.17569484 29.13  78.951747  59.936114 17.826  248.95  248.57  251.20
  85    45.078 55493.17569543 28.34  78.955904  59.937715 12.121  248.95  248.57  251.20
  86    39.375 55503.09132806 33.50  78.947753  59.934799 29.910  253.68  252.43  254.06
  86    44.094 55503.09132865 28.40  78.951910  59.936399 14.240  253.68  252.43  254.06
  86    44.639 55503.09132924 27.19  78.956067  59.938000  9.785  253.68  252.43  254.06
  87    38.627 55513.00697497 32.25  78.944947  59.937171 26.838 -100.00 -100.00 -100.00
  87    38.947 55513.00697556 27.41  78.949103  59.938772 12.852 -100.00 -100.00 -100.00
  87    38.893 55513.00697615 30.51  78.953261  59.940372 22.334 -100.00 -100.00 -100.00
  88    39.882 55522.92262421 36.36  78.940467  59.938515 23.623  250.63  247.94  247.89
  88    39.387 55522.92262480 39.34  78.944624  59.940116   -100  250.63  247.94  247.89
  88    39.609 55522.92262539 42.14  78.948781  59.941717   -100  250.63  247.94  247.89
  88    39.350 55522.92262598 41.86  78.952939  59.943318  5.969 -100.00 -100.00 -100.00
  89    39.905 55532.83827224 28.63  78.940089  59.939463 19.813  244.75  241.83  239.40
  89    39.833 55532.83827283 28.05  78.944246  59.941064 18.587 -100.00 -100.00 -100.00
  89    39.736 55532.83827342 27.46  78.948403  59.942665 17.240 -100.00 -100.00 -100.00
  89    39.661 55532.83827401 27.42  78.952561  59.944265 16.245 -100.00 -100.00 -100.00
  90    44.283 55542.75391841 18.87  78.939810  59.938857  5.246 -100.00 -100.00 -100.00
  90    44.175 55542.75391900 18.27  78.943966  59.940458  4.675 -100.00 -100.00 -100.00
  90    43.844 55542.75391960 18.97  78.948124  59.942059  5.683 -100.00 -100.00 -100.00
  90    44.298 55542.75392019 18.48  78.952281  59.943659  4.782 -100.00 -100.00 -100.00
  91    44.269 55552.66956285 18.90  78.940848  59.939013  4.492  248.69  245.85  240.60
  91    43.849 55552.66956344 19.81  78.945005  59.940614  6.716  248.69  245.85  240.60
  91    43.690 55552.66956403 19.26  78.949162  59.942214  4.869  248.69  245.85  240.60
  91    42.414 55552.66956462 19.71  78.953320  59.943815  6.363  248.69  245.85  240.60
  92    44.030 55562.58520623 17.04  78.941670  59.940396  3.395  248.02  244.59  236.04
  92    43.797 55562.58520682 17.33  78.945828  59.941996  3.723  248.02  244.59  236.04
  92    43.611 55562.58520741 17.59  78.949985  59.943597  3.835  248.02  244.59  236.04
  92    43.615 55562.58520800 17.41  78.954143  59.945197  4.016  248.02  244.59  236.04
  93    43.938 55572.50084842 17.63  78.938565  59.940137  4.681  250.59  246.05  234.32
  93    43.735 55572.50084901 17.54  78.942722  59.941738  3.796  250.59  246.05  234.32
  93    43.796 55572.50084960 17.58  78.946879  59.943339  3.569  250.59  246.05  234.32
  93    43.522 55572.50085019 17.77  78.951037  59.944940  4.039  250.59  246.05  234.32
  93    43.033 55572.50085078 17.81  78.955196  59.946540  4.309  250.59  246.05  234.32
  94    43.887 55582.41648986 17.51  78.940238  59.940159  3.733  250.29  244.79  229.43
  94    43.708 55582.41649045 17.55  78.944395  59.941760  3.895  250.29  244.79  229.43
  94    43.421 55582.41649104 18.02  78.948553  59.943361  4.691  250.29  244.79  229.43
  94    43.358 55582.41649163 17.38  78.952711  59.944961  3.661  250.29  244.79  229.43
  95    44.149 55592.33212779 16.93  78.942704  59.938324  3.473  252.53  246.71  230.63
  95    43.798 55592.33212838 17.12  78.946861  59.939925  3.612  252.53  246.71  230.63
  95    43.613 55592.33212897 17.13  78.951018  59.941526  3.389  252.53  246.71  230.63
  95    43.652 55592.33212956 17.28  78.955176  59.943126  3.531  252.53  246.71  230.63
  96    43.807 55602.24776211 16.21  78.943959  59.935124  3.222  253.07  246.12  228.74
  96    43.686 55602.24776270 16.60  78.948116  59.936725  4.476  253.07  246.12  228.74
  96    43.714 55602.24776329 16.20  78.952273  59.938326  3.073  253.07  246.12  228.74
  96    43.213 55602.24776388 16.43  78.956431  59.939926  3.417  253.07  246.12  228.74
  97    43.904 55612.16339444 16.30  78.945468  59.933325  3.201  248.50  239.22  218.53
  97    44.239 55612.16339503 16.05  78.949625  59.934926  3.107  248.50  239.22  218.53
  97    43.409 55612.16339562 16.44  78.953782  59.936527  3.900  248.50  239.22  218.53
  97    43.409 55612.16339621 16.56  78.957939  59.938128  3.444  248.50  239.22  218.53
  98    43.392 55622.07902890 16.81  78.947640  59.934281  4.265  251.30  241.29  219.79
  98    43.419 55622.07902949 16.40  78.951797  59.935882  3.760  251.30  241.29  219.79
  98    42.851 55622.07903008 16.92  78.955954  59.937483  4.414 -100.00 -100.00 -100.00
  99    44.525 55631.99468158 15.18  78.943968  59.936378  3.495  251.99  242.43  220.93
  99    43.583 55631.99468217 15.33  78.948125  59.937979  3.783  251.99  242.43  220.93
  99    43.585 55631.99468276 15.81  78.952282  59.939579  4.174  251.99  242.43  220.93
  99    43.445 55631.99468335 16.04  78.956439  59.941180  4.700  251.99  242.43  220.93
 100    43.796 55641.91033206 15.26  78.941982  59.937347  3.459  254.21  245.56  226.03
 100    43.697 55641.91033265 15.26  78.946138  59.938948  3.239  254.21  245.56  226.03
 100    43.540 55641.91033324 15.39  78.950295  59.940549  3.701  254.21  245.56  226.03
 100    42.972 55641.91033383 15.54  78.954453  59.942149  3.339  254.21  245.56  226.03
 101    44.419 55651.82597983 10.94  78.942749  59.937081  3.543 -100.00 -100.00 -100.00
 101    44.445 55651.82598042 10.30  78.946905  59.938682  3.037 -100.00 -100.00 -100.00
 101    44.277 55651.82598101 10.60  78.951062  59.940283  3.067 -100.00 -100.00 -100.00
 101    44.150 55651.82598160 10.55  78.955219  59.941883  3.073 -100.00 -100.00 -100.00
 102    39.826 55661.74162362 29.82  78.944565  59.935783 28.748 -100.00 -100.00 -100.00
 102    40.355 55661.74162421 27.32  78.948721  59.937384 17.621 -100.00 -100.00 -100.00
 102    40.556 55661.74162480 27.92  78.952878  59.938984 23.544 -100.00 -100.00 -100.00
 102    41.008 55661.74162539 28.33  78.957035  59.940585 22.060 -100.00 -100.00 -100.00
 103    40.251 55671.65726427 42.42  78.944793  59.935187  5.861 -100.00 -100.00 -100.00
 103    40.129 55671.65726486 43.24  78.948950  59.936788  8.268 -100.00 -100.00 -100.00
 103    40.227 55671.65726545 39.87  78.953106  59.938388   -100 -100.00 -100.00 -100.00
 103    40.444 55671.65726604 43.21  78.957264  59.939989   -100 -100.00 -100.00 -100.00
 104    44.160 55681.57290365 51.77  78.944815  59.936213   -100 -100.00 -100.00 -100.00
 104    44.020 55681.57290424 47.62  78.948972  59.937814 20.847 -100.00 -100.00 -100.00
 104    44.291 55681.57290483 36.85  78.953129  59.939414 28.070 -100.00 -100.00 -100.00
 104    44.137 55681.57290542 46.65  78.957286  59.941015 18.628 -100.00 -100.00 -100.00
 105    44.642 55691.48854104 36.97  78.941672  59.936694   -100 -100.00 -100.00 -100.00
 105    44.530 55691.48854163 33.84  78.945828  59.938294   -100 -100.00 -100.00 -100.00
 105    44.374 55691.48854222 29.40  78.949985  59.939895 17.283 -100.00 -100.00 -100.00
 105    45.442 55691.48854281 29.75  78.954142  59.941496 19.166 -100.00 -100.00 -100.00
 106    45.146 55701.40417701 35.95  78.940780  59.937141   -100  248.02  247.03  251.84
 106    44.999 55701.40417760 30.95  78.944936  59.938742 30.843  248.02  247.03  251.84
 106    44.810 55701.40417819 28.37  78.949093  59.940343 18.286  248.02  247.03  251.84
 106    45.333 55701.40417878 29.63  78.953250  59.941944 18.819  248.02  247.03  251.84
 107    45.030 55711.31981850 49.52  78.941267  59.937443   -100  249.68  251.95  253.04
 107    44.948 55711.31981909 50.78  78.945423  59.939045 15.109  249.68  251.95  253.04
 107    44.882 55711.31981968 52.44  78.949580  59.940645   -100  249.68  251.95  253.04
 107    44.842 55711.31982027 55.70  78.953737  59.942246   -100  249.68  251.95  253.04
 108    44.434 55721.23546850 50.69  78.941824  59.938231  5.229  265.05  266.78  265.10
 108    44.348 55721.23546909 51.80  78.945981  59.939832 17.884  265.05  266.78  265.10
 108    44.308 55721.23546968 56.55  78.950138  59.941433   -100 -100.00 -100.00 -100.00
 108    44.308 55721.23547027 53.02  78.954295  59.943034 20.234 -100.00 -100.00 -100.00
 109    43.214 55731.15111597 37.45  78.939496  59.938091   -100  263.99  266.08  264.01
 109    42.856 55731.15111656 33.26  78.943652  59.939692   -100  263.99  266.08  264.01
 109    42.976 55731.15111715 30.08  78.947810  59.941293 24.872  263.99  266.08  264.01
 109    45.288 55731.15111774 28.53  78.951967  59.942894 16.523  263.99  266.08  264.01
 110    42.008 55741.06676244 41.00  78.939677  59.938823   -100  265.93  266.83  264.97
 110    41.936 55741.06676303 30.92  78.943834  59.940424 23.273  265.93  266.83  264.97
 110    41.820 55741.06676362 29.33  78.947991  59.942024 17.636  265.93  266.83  264.97
 110    45.180 55741.06676421 28.48  78.952148  59.943625 12.962  265.93  266.83  264.97
 111    40.914 55750.98240759 34.96  78.939946  59.939278   -100 -100.00 -100.00 -100.00
 111    41.086 55750.98240818 31.47  78.944103  59.940879 28.098 -100.00 -100.00 -100.00
 111    41.553 55750.98240877 29.59  78.948260  59.942479 21.668 -100.00 -100.00 -100.00
 111    45.150 55750.98240936 28.50  78.952417  59.944080 14.034 -100.00 -100.00 -100.00
 112    40.738 55760.89805013 40.59  78.939680  59.938256 20.393  263.86  265.99  263.39
 112    40.680 55760.89805072 29.57  78.943836  59.939857 25.347  263.86  265.99  263.39
 112    40.398 55760.89805131 30.00  78.947993  59.941458 26.189  263.86  265.99  263.39
 112    45.213 55760.89805190 27.47  78.952150  59.943058 17.261  263.86  265.99  263.39
 113    40.613 55770.81369008 33.94  78.942078  59.937341   -100  256.15  255.70  255.95
 113    40.302 55770.81369067 32.63  78.946235  59.938942   -100  256.15  255.70  255.95
 113    40.197 55770.81369126 28.60  78.950391  59.940542 21.858  256.15  255.70  255.95
 113    45.162 55770.81369185 28.39  78.954548  59.942143 17.850  256.15  255.70  255.95
 114    39.920 55780.72932675 38.74  78.945908  59.936386   -100  260.54  261.16  259.33
 114    40.349 55780.72932734 39.03  78.950064  59.937987   -100  260.54  261.16  259.33
 114    40.541 55780.72932794 40.15  78.954220  59.939587 28.485  260.54  261.16  259.33
 115    39.941 55790.64496059 34.51  78.946717  59.935041   -100 -100.00 -100.00 -100.00
 115    39.805 55790.64496118 31.18  78.950873  59.936641 21.804 -100.00 -100.00 -100.00
 115    45.103 55790.64496177 28.21  78.955029  59.938242 14.222 -100.00 -100.00 -100.00
 116    40.152 55800.56059310 40.40  78.944781  59.933711   -100  258.06  257.87  257.87
 116    39.952 55800.56059369 35.40  78.948937  59.935312 31.060 -100.00 -100.00 -100.00
 116    39.935 55800.56059428 30.63  78.953093  59.936912 16.920 -100.00 -100.00 -100.00
 116    45.307 55800.56059487 28.47  78.957249  59.938513 11.239 -100.00 -100.00 -100.00
 117    39.980 55810.47624217 31.30  78.944298  59.935665   -100 -100.00 -100.00 -100.00
 117    40.013 55810.47624276 30.26  78.948454  59.937266 30.044 -100.00 -100.00 -100.00
 117    39.385 55810.47624336 28.27  78.952611  59.938867 23.776 -100.00 -100.00 -100.00
 117    45.522 55810.47624395 28.56  78.956768  59.940467 19.585 -100.00 -100.00 -100.00
 118    40.117 55820.39189107 38.80  78.942416  59.936280 24.152  263.00  262.63  264.05
 118    39.992 55820.39189166 30.62  78.946572  59.937881   -100  263.00  262.63  264.05
 118    44.095 55820.39189225 24.11  78.950729  59.939482 12.612  263.00  262.63  264.05
 118    45.053 55820.39189284 24.40  78.954886  59.941082 10.677  263.00  262.63  264.05
 119    39.409 55830.30753577 35.06  78.945614  59.936886   -100 -100.00 -100.00 -100.00
 119    39.301 55830.30753636 31.50  78.949771  59.938487 19.809 -100.00 -100.00 -100.00
 119    39.337 55830.30753696 31.47  78.953928  59.940088 20.160 -100.00 -100.00 -100.00
 120    40.188 55840.22317506 29.86  78.943947  59.934472 24.318  256.35  256.08  257.53
 120    40.065 55840.22317565 28.98  78.948104  59.936073 18.199  256.35  256.08  257.53
 120    43.675 55840.22317624 27.40  78.952260  59.937674 16.904 -100.00 -100.00 -100.00
 120    45.369 55840.22317683 30.41  78.956418  59.939275 26.140 -100.00 -100.00 -100.00
 121    38.760 55850.13881164 38.95  78.944474  59.933709   -100 -100.00 -100.00 -100.00
 121    38.402 55850.13881223 40.14  78.948630  59.935310   -100 -100.00 -100.00 -100.00
 121    38.568 55850.13881282 38.26  78.952787  59.936911   -100 -100.00 -100.00 -100.00
 121    38.532 55850.13881341 35.73  78.956944  59.938512 27.271 -100.00 -100.00 -100.00
 122    38.723 55860.05444621 37.14  78.944141  59.934269   -100  250.20  249.39  251.11
 122    39.321 55860.05444680 29.82  78.948297  59.935870 16.856  250.20  249.39  251.11
 122    39.060 55860.05444739 29.18  78.952454  59.937471 15.862  250.20  249.39  251.11
 122    45.254 55860.05444798 29.01  78.956611  59.939071 13.631  250.20  249.39  251.11
 123    38.331 55869.97009682 37.09  78.941253  59.936366   -100  254.93  255.04  257.46
 123    38.309 55869.97009741 37.05  78.945410  59.937967   -100  254.93  255.04  257.46
 123    38.102 55869.97009800 40.53  78.949566  59.939568   -100  254.93  255.04  257.46
 123    38.570 55869.97009859 40.37  78.953724  59.941168 30.840  254.93  255.04  257.46
 133    42.542 55969.12653859 18.91  78.942078  59.935938  3.995 -100.00 -100.00 -100.00
 133    43.056 55969.12653919 18.85  78.946235  59.937539  4.724 -100.00 -100.00 -100.00
 133    42.953 55969.12653978 19.25  78.950393  59.939140  4.891 -100.00 -100.00 -100.00
 133    42.616 55969.12654037 18.96  78.954551  59.940740  5.168 -100.00 -100.00 -100.00
 134    42.257 55979.04217513 18.44  78.942928  59.936693  3.649  245.26  233.02  204.12
 134    43.087 55979.04217572 18.95  78.947085  59.938294  5.054  245.26  233.02  204.12
 134    43.156 55979.04217631 18.93  78.951242  59.939895  4.161  245.26  233.02  204.12
 134    43.125 55979.04217690 18.10  78.955400  59.941495  3.636  245.26  233.02  204.12
 135    43.184 55988.95781062 18.92  78.942878  59.935877  4.438 -100.00 -100.00 -100.00
 135    43.103 55988.95781121 18.76  78.947034  59.937478  4.166 -100.00 -100.00 -100.00
 135    43.077 55988.95781180 18.71  78.951191  59.939079  4.129 -100.00 -100.00 -100.00
 135    43.134 55988.95781239 18.42  78.955349  59.940679  3.690 -100.00 -100.00 -100.00
 136    43.400 55998.87345238 18.06  78.944515  59.935521  3.534  247.49  234.72  207.13
 136    43.179 55998.87345298 18.68  78.948671  59.937122  4.619  247.49  234.72  207.13
 136    43.063 55998.87345357 18.71  78.952828  59.938723  4.299  247.49  234.72  207.13
 136    43.036 55998.87345416 18.82  78.956985  59.940323  5.011 -100.00 -100.00 -100.00
 137    43.115 56008.78910350 18.14  78.946540  59.936272  4.144 -100.00 -100.00 -100.00
 137    42.855 56008.78910409 17.79  78.950696  59.937873  3.759 -100.00 -100.00 -100.00
 137    42.933 56008.78910468 18.04  78.954853  59.939473  3.858 -100.00 -100.00 -100.00
 138    44.317 56018.70475019  5.50  78.946238  59.936513  5.034  262.29  256.22  241.82
 138    44.429 56018.70475078  5.27  78.950394  59.938113  4.519 -100.00 -100.00 -100.00
 138    44.740 56018.70475137  4.61  78.954551  59.939714  4.132 -100.00 -100.00 -100.00
 139    40.335 56028.62039391 32.21  78.943943  59.937156 25.136  254.66  253.43  253.49
 139    40.009 56028.62039450 30.52  78.948100  59.938757 19.575  254.66  253.43  253.49
 139    39.419 56028.62039509 32.52  78.952257  59.940357 23.519  254.66  253.43  253.49
 139    45.043 56028.62039568 28.63  78.956414  59.941958 14.539  254.66  253.43  253.49
 141    44.537 56048.45167637 31.23  78.941516  59.938828 18.759  247.47  247.45  249.98
 141    41.236 56048.45167696 29.61  78.945673  59.940429 17.424  247.47  247.45  249.98
 141    40.865 56048.45167755 31.36  78.949830  59.942029 23.079  247.47  247.45  249.98
 141    45.024 56048.45167814 27.92  78.953988  59.943630 11.706  247.47  247.45  249.98
 142    42.088 56058.36731417 46.70  78.943606  59.939322 31.422  252.20  251.69  254.58
 142    41.813 56058.36731476 46.60  78.947763  59.940923   -100  252.20  251.69  254.58
 142    41.588 56058.36731535 51.87  78.951920  59.942524 12.096  252.20  251.69  254.58
 143    42.166 56068.28294681 43.71  78.941922  59.936834   -100  258.58  258.37  260.60
 143    42.147 56068.28294740 40.51  78.946078  59.938435   -100  258.58  258.37  260.60
 143    42.138 56068.28294799 40.00  78.950235  59.940036   -100  258.58  258.37  260.60
 143    41.953 56068.28294858 43.99  78.954392  59.941637   -100  258.58  258.37  260.60
 144    41.786 56078.19859833 27.19  78.943111  59.938519 20.519 -100.00 -100.00 -100.00
 144    44.857 56078.19859892 23.20  78.947268  59.940120 11.259 -100.00 -100.00 -100.00
 144    45.182 56078.19859951 26.14  78.951425  59.941720 16.577 -100.00 -100.00 -100.00
 144    45.213 56078.19860010 31.12  78.955583  59.943321 29.438 -100.00 -100.00 -100.00
 145    41.848 56088.11424680 44.52  78.940942  59.939254 23.128  268.17  269.19  268.66
 145    41.033 56088.11424739 47.91  78.945099  59.940854 11.572  268.17  269.19  268.66
 145    40.968 56088.11424798 53.03  78.949257  59.942455 25.840  268.17  269.19  268.66
 145    40.976 56088.11424857 55.98  78.953414  59.944056 28.971  268.17  269.19  268.66
 146    40.036 56098.02989290 36.73  78.940550  59.940046   -100  259.18  258.61  258.85
 146    39.856 56098.02989349 37.43  78.944707  59.941646  0.015  259.18  258.61  258.85
 146    40.293 56098.02989408 40.16  78.948864  59.943247   -100  259.18  258.61  258.85
 146    40.122 56098.02989467 40.62  78.953022  59.944848  1.270  259.18  258.61  258.85
 147    39.345 56107.94553632 35.44  78.939157  59.938607   -100  264.77  265.28  263.69
 147    39.026 56107.94553691 34.88  78.943314  59.940208   -100  264.77  265.28  263.69
 147    38.759 56107.94553750 35.82  78.947471  59.941808   -100  264.77  265.28  263.69
 147    39.097 56107.94553809 32.31  78.951628  59.943409 31.784 -100.00 -100.00 -100.00
 147    45.052 56107.94553868 35.65  78.955786  59.945009 32.392 -100.00 -100.00 -100.00
 148    39.206 56117.86116580 37.54  78.942414  59.937287 31.305 -100.00 -100.00 -100.00
 148    38.975 56117.86116639 27.75  78.946570  59.938888 20.138 -100.00 -100.00 -100.00
 148    38.659 56117.86116698 28.60  78.950727  59.940489 25.743 -100.00 -100.00 -100.00
 148    44.859 56117.86116757 28.24  78.954884  59.942089 20.497 -100.00 -100.00 -100.00
 149    38.808 56127.77680309 43.66  78.945266  59.935506 24.907  273.71  276.22  272.04
 149    38.250 56127.77680368 46.52  78.949422  59.937107   -100  273.71  276.22  272.04
 149    38.331 56127.77680427 47.57  78.953579  59.938707   -100 -100.00 -100.00 -100.00
 150    38.001 56137.69243662 40.56  78.945788  59.934102   -100 -100.00 -100.00 -100.00
 150    38.128 56137.69243721 40.61  78.949944  59.935702  2.003 -100.00 -100.00 -100.00
 150    38.429 56137.69243780 37.81  78.954100  59.937303   -100 -100.00 -100.00 -100.00
 150    38.474 56137.69243839 37.00  78.958257  59.938903   -100 -100.00 -100.00 -100.00
 151    38.362 56147.60808258 37.67  78.943007  59.935008   -100 -100.00 -100.00 -100.00
 151    38.301 56147.60808317 37.71  78.947163  59.936609   -100 -100.00 -100.00 -100.00
 151    38.359 56147.60808376 35.08  78.951319  59.938209   -100 -100.00 -100.00 -100.00
 151    38.548 56147.60808435 43.54  78.955476  59.939810   -100 -100.00 -100.00 -100.00
 152    39.401 56157.52373201 26.26  78.941413  59.936805 14.060  266.21  265.33  265.00
 152    43.987 56157.52373260 24.00  78.945569  59.938406  9.107  266.21  265.33  265.00
 152    38.692 56157.52373319 26.23  78.949725  59.940007 14.578  266.21  265.33  265.00
 152    44.375 56157.52373379 25.50  78.953882  59.941607 13.053  266.21  265.33  265.00
 153    43.078 56167.43938033 27.16  78.940101  59.937161 21.374  270.62  269.51  269.63
 153    39.245 56167.43938092 26.08  78.944258  59.938762 16.400  270.62  269.51  269.63
 153    38.980 56167.43938151 27.03  78.948414  59.940362 21.310  270.62  269.51  269.63
 153    38.515 56167.43938210 27.03  78.952572  59.941963 21.049  270.62  269.51  269.63
 154    37.671 56177.35502610 36.97  78.941037  59.936405   -100  269.83  269.28  269.65
 154    38.157 56177.35502669 35.84  78.945193  59.938006 26.195  269.83  269.28  269.65
 154    37.580 56177.35502728 34.38  78.949350  59.939607   -100  269.83  269.28  269.65
 154    38.479 56177.35502787 27.99  78.953507  59.941208 14.825 -100.00 -100.00 -100.00
 155    37.778 56187.27066711 37.06  78.942304  59.935201   -100  263.32  262.99  263.88
 155    37.929 56187.27066770 33.28  78.946460  59.936802   -100 -100.00 -100.00 -100.00
 155    38.909 56187.27066829 26.79  78.950617  59.938402 18.489 -100.00 -100.00 -100.00
 155    44.678 56187.27066888 25.12  78.954774  59.940003 12.922 -100.00 -100.00 -100.00
 156    37.947 56197.18630447 34.56  78.942783  59.934691   -100 -100.00 -100.00 -100.00
 156    39.135 56197.18630506 28.76  78.946940  59.936292 23.956 -100.00 -100.00 -100.00
 156    39.007 56197.18630565 27.05  78.951097  59.937892 18.780 -100.00 -100.00 -100.00
 156    45.016 56197.18630624 26.04  78.955254  59.939493 14.390 -100.00 -100.00 -100.00
 157    38.211 56207.10193929 33.00  78.945397  59.936656   -100  254.34  254.12  255.75
 157    43.733 56207.10193988 26.43  78.949553  59.938257 14.178 -100.00 -100.00 -100.00
 157    43.928 56207.10194047 25.45  78.953711  59.939857 12.449 -100.00 -100.00 -100.00
 158    39.329 56217.01757171 28.05  78.942211  59.936788 19.585  254.40  253.05  254.73
 158    38.946 56217.01757230 29.68  78.946367  59.938389 23.273  254.40  253.05  254.73
 158    38.063 56217.01757289 34.03  78.950524  59.939990 31.596  254.40  253.05  254.73
 158    37.859 56217.01757348 35.26  78.954681  59.941591   -100  254.40  253.05  254.73
 159    44.024 56226.93321419 25.55  78.942848  59.938246  8.432  250.89  247.67  245.06
 159    43.663 56226.93321478 27.92  78.947004  59.939847 12.909  250.89  247.67  245.06
 159    43.858 56226.93321537 28.41  78.951161  59.941448 13.390  250.89  247.67  245.06
 159    38.415 56226.93321596 33.86  78.955318  59.943048 21.083 -100.00 -100.00 -100.00
 160    40.080 56236.84886869 39.68  78.940975  59.938088 19.859  246.18  242.82  239.40
 160    40.099 56236.84886928 41.74  78.945132  59.939689 20.731  246.18  242.82  239.40
 160    39.530 56236.84886987 48.99  78.949288  59.941290   -100  246.18  242.82  239.40
 160    39.251 56236.84887046 50.38  78.953445  59.942891   -100  246.18  242.82  239.40
 161    39.358 56246.76451962 31.23  78.941707  59.938196 21.099  253.91  252.27  250.38
 161    39.290 56246.76452021 33.36  78.945864  59.939797 28.394  253.91  252.27  250.38
 161    39.292 56246.76452080 33.87  78.950020  59.941397 32.132  253.91  252.27  250.38
 161    39.398 56246.76452139 30.25  78.954178  59.942998 18.437  253.91  252.27  250.38
 162    39.406 56256.68016527 28.50  78.940312  59.937846 14.134  252.50  249.96  246.62
 162    39.315 56256.68016586 28.92  78.944468  59.939447 15.339  252.50  249.96  246.62
 162    39.332 56256.68016645 28.48  78.948625  59.941048 14.315  252.50  249.96  246.62
 162    42.443 56256.68016704 26.40  78.952782  59.942648  9.121  252.50  249.96  246.62
 163    44.377 56266.59580767 21.38  78.939898  59.938867  5.673  252.99  250.35  244.47
 163    43.759 56266.59580826 21.08  78.944054  59.940467  5.244  252.99  250.35  244.47
 163    43.475 56266.59580885 21.14  78.948211  59.942068  4.939  252.99  250.35  244.47
 163    43.264 56266.59580944 22.05  78.952369  59.943669  5.899  252.99  250.35  244.47
 164    43.687 56276.51144866 20.50  78.941326  59.940185  5.575  248.17  243.99  233.70
 164    43.610 56276.51144925 19.87  78.945483  59.941786  4.582  248.17  243.99  233.70
 164    43.003 56276.51144984 20.11  78.949641  59.943386  4.800  248.17  243.99  233.70
 164    43.136 56276.51145043 19.91  78.953799  59.944987  4.682  248.17  243.99  233.70
 165    43.699 56286.42709593 19.29  78.942424  59.940234  4.247 -100.00 -100.00 -100.00
 165    43.604 56286.42709652 19.14  78.946581  59.941835  4.152 -100.00 -100.00 -100.00
 165    43.186 56286.42709711 19.76  78.950739  59.943436  5.138 -100.00 -100.00 -100.00
 165    42.762 56286.42709770 19.48  78.954897  59.945036  4.105 -100.00 -100.00 -100.00
 166    43.965 56296.34274554 19.16  78.941417  59.937676  4.439  250.32  245.25  231.94
 166    43.692 56296.34274613 18.72  78.945574  59.939277  3.548  250.32  245.25  231.94
 166    43.107 56296.34274672 19.19  78.949731  59.940878  3.848  250.32  245.25  231.94
 166    43.033 56296.34274731 19.35  78.953889  59.942478  4.220  250.32  245.25  231.94
 167    43.888 56306.25839163 18.44  78.944238  59.936501  3.807  250.19  243.88  229.06
 167    43.335 56306.25839222 19.15  78.948395  59.938102  5.011  250.19  243.88  229.06
 167    43.147 56306.25839281 18.99  78.952553  59.939702  4.292  250.19  243.88  229.06
 167    43.034 56306.25839340 18.82  78.956711  59.941303  4.544  250.19  243.88  229.06
 168    44.022 56316.17403410 16.97  78.942562  59.935642  4.045  250.34  243.18  225.25
 168    43.697 56316.17403469 17.06  78.946719  59.937243  3.932  250.34  243.18  225.25
 168    43.102 56316.17403528 17.11  78.950877  59.938844  3.681  250.34  243.18  225.25
 168    43.103 56316.17403587 17.13  78.955035  59.940444  3.690  250.34  243.18  225.25
 169    43.711 56326.08967533 16.88  78.942942  59.937872  3.964  248.66  240.31  218.97
 169    43.694 56326.08967592 17.03  78.947100  59.939473  3.658  248.66  240.31  218.97
 169    43.153 56326.08967651 17.00  78.951258  59.941073  3.521  248.66  240.31  218.97
 169    42.694 56326.08967710 17.05  78.955416  59.942674  3.642  248.66  240.31  218.97
 170    44.110 56336.00531520 17.36  78.941288  59.938825  3.820  251.11  243.00  221.77
 170    43.283 56336.00531579 17.50  78.945445  59.940426  3.804  251.11  243.00  221.77
 170    43.111 56336.00531638 17.61  78.949603  59.942027  3.781  251.11  243.00  221.77
 170    42.690 56336.00531697 17.29  78.953761  59.943628  4.290  251.11  243.00  221.77
 171    43.547 56345.92095403 16.27  78.943792  59.938961  3.561  249.81  240.68  218.91
 171    43.450 56345.92095462 16.43  78.947949  59.940562  4.103  249.81  240.68  218.91
 171    42.592 56345.92095521 16.61  78.952106  59.942163  3.917  249.81  240.68  218.91
 172    43.776 56355.83659005 14.97  78.945393  59.936635  3.357  246.85  234.91  212.67
 172    43.540 56355.83659064 15.11  78.949550  59.938236  3.986  246.85  234.91  212.67
 172    43.024 56355.83659123 14.82  78.953707  59.939836  3.318 -100.00 -100.00 -100.00
 173    43.683 56365.75223635 14.98  78.945603  59.935517  3.748 -100.00 -100.00 -100.00
 173    43.448 56365.75223694 14.50  78.949760  59.937117  3.003 -100.00 -100.00 -100.00
 173    43.018 56365.75223753 14.65  78.953916  59.938718  3.484 -100.00 -100.00 -100.00
 174    43.892 56375.66788512 13.45  78.945130  59.936588  3.645  249.48  238.05  217.60
 174    43.632 56375.66788571 13.38  78.949287  59.938189  3.883  249.48  238.05  217.60
 174    43.217 56375.66788631 13.30  78.953444  59.939789  3.570  249.48  238.05  217.60
 176    38.746 56395.49917480 20.61  78.940230  59.940711 24.479  267.21  265.34  263.78
 176    38.449 56395.49917539 20.96  78.944387  59.942312 28.444 -100.00 -100.00 -100.00
 176    38.424 56395.49917598 19.04  78.948544  59.943912 20.831 -100.00 -100.00 -100.00
 176    38.621 56395.49917657 18.15  78.952702  59.945513 15.337 -100.00 -100.00 -100.00
 177    43.092 56405.41481618 34.09  78.937305  59.940182   -100  261.59  262.37  262.97
 177    42.787 56405.41481677 34.13  78.941462  59.941783 32.000  261.59  262.37  262.97
 177    39.876 56405.41481736 33.82  78.945619  59.943383   -100  261.59  262.37  262.97
 177    39.703 56405.41481795 36.17  78.949777  59.944984   -100  261.59  262.37  262.97
 177    39.791 56405.41481854 38.34  78.953935  59.946585   -100  261.59  262.37  262.97
 178    44.945 56415.33045467 50.13  78.938821  59.939226   -100 -100.00 -100.00 -100.00
 178    44.843 56415.33045526 52.09  78.942978  59.940827 15.344 -100.00 -100.00 -100.00
 178    44.769 56415.33045585 53.95  78.947135  59.942428   -100 -100.00 -100.00 -100.00
 178    44.711 56415.33045644 52.13  78.951293  59.944028   -100 -100.00 -100.00 -100.00
 178    44.670 56415.33045703 53.35  78.955451  59.945629   -100 -100.00 -100.00 -100.00
 179    44.556 56425.24608820 34.79  78.941080  59.936930   -100  239.19  239.19  242.42
 179    44.464 56425.24608879 29.64  78.945236  59.938531 19.431  239.19  239.19  242.42
 179    44.136 56425.24608938 30.64  78.949393  59.940132 27.349  239.19  239.19  242.42
 179    44.996 56425.24608997 30.49  78.953551  59.941733 22.201  239.19  239.19  242.42
 180    45.276 56435.16173648 32.75  78.943347  59.937905 24.151  237.28  239.75  242.38
 180    44.819 56435.16173707 31.59  78.947504  59.939506 22.297  237.28  239.75  242.38
 180    45.008 56435.16173766 30.72  78.951661  59.941107 18.356  237.28  239.75  242.38
 180    45.211 56435.16173825 31.98  78.955819  59.942708 20.894  237.28  239.75  242.38
 181    45.683 56445.07738836 36.72  78.941237  59.939266   -100  225.17  227.04  233.88
 181    45.663 56445.07738895 32.01  78.945394  59.940867 17.778 -100.00 -100.00 -100.00
 181    45.573 56445.07738954 30.97  78.949551  59.942467 17.406 -100.00 -100.00 -100.00
 181    45.456 56445.07739013 33.75  78.953709  59.944068 21.878 -100.00 -100.00 -100.00
 182    46.233 56454.99303774 35.45  78.939042  59.940550 26.839  207.29  205.98  216.70
 182    46.155 56454.99303833 34.82  78.943199  59.942151 20.090  207.29  205.98  216.70
 182    46.079 56454.99303892 34.15  78.947356  59.943751 19.437  207.29  205.98  216.70
 182    46.285 56454.99303951 33.53  78.951514  59.945352 17.240  207.29  205.98  216.70
 182    46.252 56454.99304010 38.86  78.955672  59.946952   -100  207.29  205.98  216.70
 183    46.278 56464.90868420 36.71  78.939477  59.940543 30.752  209.66  215.07  219.48
 183    46.170 56464.90868479 35.24  78.943634  59.942144 23.962  209.66  215.07  219.48
 183    46.110 56464.90868538 35.14  78.947791  59.943744 22.717  209.66  215.07  219.48
 183    46.178 56464.90868598 35.01  78.951949  59.945345 23.044  209.66  215.07  219.48
 184    46.265 56474.82432666 38.23  78.939477  59.937918   -100  208.59  212.34  217.05
 184    46.202 56474.82432725 33.09  78.943633  59.939518 16.447  208.59  212.34  217.05
 184    46.118 56474.82432784 33.06  78.947790  59.941119 17.530  208.59  212.34  217.05
 184    46.005 56474.82432844 34.38  78.951947  59.942719 20.510  208.59  212.34  217.05
 185    45.800 56484.73996635 53.02  78.944755  59.936474  5.260 -100.00 -100.00 -100.00
 185    45.858 56484.73996694 53.90  78.948911  59.938075  0.634 -100.00 -100.00 -100.00
 185    45.717 56484.73996753 56.03  78.953068  59.939675 11.796 -100.00 -100.00 -100.00
 187    42.106 56504.57123737 28.88  78.945680  59.936285 23.893  263.03  265.36  263.59
 187    43.627 56504.57123796 27.09  78.949836  59.937885 17.194  263.03  265.36  263.59
 187    45.457 56504.57123855 23.00  78.953993  59.939486  6.977  263.03  265.36  263.59
 188    40.878 56514.48687043 33.37  78.944996  59.937000   -100  266.18  266.60  265.10
 188    40.711 56514.48687102 29.00  78.949152  59.938601 26.600  266.18  266.60  265.10
 188    45.163 56514.48687161 26.30  78.953309  59.940202 16.394  266.18  266.60  265.10
 189    40.599 56524.40252251 31.76  78.943706  59.937917   -100  263.42  262.78  262.69
 189    40.342 56524.40252310 29.00  78.947862  59.939518 27.826  263.42  262.78  262.69
 189    45.142 56524.40252369 28.66  78.952019  59.941119 22.985  263.42  262.78  262.69
 189    45.610 56524.40252428 32.49  78.956176  59.942719   -100  263.42  262.78  262.69
 190    41.006 56534.31817366 29.52  78.941905  59.936507   -100  263.51  262.30  263.01
 190    40.830 56534.31817425 27.47  78.946061  59.938108 25.842  263.51  262.30  263.01
 190    45.142 56534.31817484 24.01  78.950218  59.939709 14.938 -100.00 -100.00 -100.00
 190    45.304 56534.31817543 23.35  78.954375  59.941309  9.804 -100.00 -100.00 -100.00
 192    40.289 56554.14946622 30.79  78.944143  59.936854   -100 -100.00 -100.00 -100.00
 192    43.977 56554.14946681 24.57  78.948300  59.938455 16.648 -100.00 -100.00 -100.00
 192    45.176 56554.14946740 25.49  78.952457  59.940055 14.702 -100.00 -100.00 -100.00
 192    45.526 56554.14946799 28.85  78.956615  59.941656 22.713 -100.00 -100.00 -100.00
 193    40.209 56564.06510894 41.16  78.941692  59.938449   -100  250.17  248.32  249.90
 193    40.231 56564.06510953 44.79  78.945848  59.940049 30.593  250.17  248.32  249.90
 193    39.539 56564.06511012 56.28  78.950006  59.941650 28.031  250.17  248.32  249.90
 193    39.877 56564.06511071 54.33  78.954164  59.943251   -100  250.17  248.32  249.90
 194    39.618 56573.98075014 32.81  78.938010  59.939601 32.417  249.39  248.21  250.21
 194    39.148 56573.98075073 33.77  78.942167  59.941202   -100  249.39  248.21  250.21
 194    39.374 56573.98075132 31.76  78.946324  59.942803 31.650  249.39  248.21  250.21
 194    44.864 56573.98075191 28.96  78.950482  59.944404 17.941  249.39  248.21  250.21
 194    45.392 56573.98075250 31.88  78.954640  59.946004 30.638  249.39  248.21  250.21
 195    44.714 56583.89638908 24.88  78.938575  59.940194 10.254  253.16  251.36  252.07
 195    44.519 56583.89638967 23.30  78.942732  59.941795  7.486  253.16  251.36  252.07
 195    44.475 56583.89639026 24.55  78.946889  59.943396  9.914 -100.00 -100.00 -100.00
 195    44.543 56583.89639085 22.97  78.951046  59.944997  6.654 -100.00 -100.00 -100.00
 195    45.069 56583.89639144 22.48  78.955204  59.946597  4.852 -100.00 -100.00 -100.00
 196    39.390 56593.81202330 35.34  78.941410  59.938567 30.336  256.93  255.85  255.07
 196    40.015 56593.81202389 36.25  78.945566  59.940168 19.920  256.93  255.85  255.07
 196    39.629 56593.81202448 38.06  78.949723  59.941769   -100  256.93  255.85  255.07
 196    40.148 56593.81202507 42.13  78.953880  59.943370 27.510  256.93  255.85  255.07
 197    40.469 56603.72767639 39.77  78.940840  59.937783 21.282  245.32  241.76  240.37
 197    39.669 56603.72767698 41.92  78.944996  59.939384   -100  245.32  241.76  240.37
 197    39.777 56603.72767757 44.51  78.949153  59.940985   -100 -100.00 -100.00 -100.00
 197    39.727 56603.72767816 43.31  78.953310  59.942585   -100 -100.00 -100.00 -100.00
 198    40.822 56613.64332503 31.15  78.940490  59.937604 23.466  245.56  241.31  235.89
 198    40.650 56613.64332562 33.29  78.944646  59.939205   -100  245.56  241.31  235.89
 198    40.491 56613.64332621 30.83  78.948803  59.940806 25.474  245.56  241.31  235.89
 198    40.436 56613.64332680 29.57  78.952960  59.942406 20.247  245.56  241.31  235.89
 199    40.764 56623.55896987 33.77  78.940428  59.938552 25.840 -100.00 -100.00 -100.00
 199    40.515 56623.55897046 34.97  78.944584  59.940153   -100 -100.00 -100.00 -100.00
 199    40.637 56623.55897105 37.82  78.948742  59.941754   -100 -100.00 -100.00 -100.00
 199    40.809 56623.55897164 38.06  78.952899  59.943355   -100 -100.00 -100.00 -100.00
 200    42.599 56633.47461176 33.24  78.939589  59.938936 15.614  241.26  237.20  230.16
 200    41.690 56633.47461235 35.07  78.943746  59.940536   -100  241.26  237.20  230.16
 200    41.493 56633.47461294 33.59  78.947904  59.942137   -100  241.26  237.20  230.16
 200    41.583 56633.47461353 30.95  78.952061  59.943738 24.747  241.26  237.20  230.16
 201    41.315 56643.39024893 29.23  78.940069  59.937956 21.455  244.14  239.79  233.64
 201    41.340 56643.39024952 27.34  78.944225  59.939557 15.612 -100.00 -100.00 -100.00
 201    41.382 56643.39025011 24.39  78.948382  59.941158 11.174 -100.00 -100.00 -100.00
 201    41.108 56643.39025070 23.58  78.952540  59.942759  9.543 -100.00 -100.00 -100.00
 202    40.832 56653.30590043 20.79  78.940522  59.936931  8.071  248.79  246.22  241.02
 202    40.772 56653.30590102 20.50  78.944679  59.938532  8.009  248.79  246.22  241.02
 202    40.962 56653.30590161 19.77  78.948836  59.940133  7.210  248.79  246.22  241.02
 202    42.980 56653.30590220 19.85  78.952994  59.941734  6.959  248.79  246.22  241.02
 203    40.944 56663.22154985 20.28  78.943184  59.936467  7.713  241.45  236.37  227.20
 203    40.873 56663.22155044 20.66  78.947342  59.938068  8.635  241.45  236.37  227.20
 203    43.502 56663.22155103 19.37  78.951499  59.939669  6.272  241.45  236.37  227.20
 203    43.598 56663.22155162 18.23  78.955657  59.941270  5.333  241.45  236.37  227.20
 204    40.513 56673.13719611 28.05  78.942637  59.935972 25.459 -100.00 -100.00 -100.00
 204    40.422 56673.13719670 28.00  78.946794  59.937573 26.100 -100.00 -100.00 -100.00
 204    40.489 56673.13719730 22.12  78.950952  59.939174 11.024 -100.00 -100.00 -100.00
 204    40.516 56673.13719789 23.19  78.955110  59.940774 13.041 -100.00 -100.00 -100.00
 205    44.436 56683.05284108 17.94  78.941429  59.937442  6.087  243.11  237.02  223.52
 205    44.047 56683.05284167 18.81  78.945586  59.939042  7.694  243.11  237.02  223.52
 205    43.935 56683.05284226 17.46  78.949744  59.940643  4.649  243.11  237.02  223.52
 205    44.094 56683.05284285 16.91  78.953902  59.942244  4.764  243.11  237.02  223.52
 206    44.428 56692.96848404 16.02  78.941501  59.939083  3.523  246.29  239.14  222.34
 206    43.842 56692.96848463 16.47  78.945658  59.940684  4.149  246.29  239.14  222.34
 206    43.707 56692.96848522 16.41  78.949816  59.942284  4.227  246.29  239.14  222.34
 206    43.516 56692.96848581 16.23  78.953974  59.943885  3.689  246.29  239.14  222.34
 207    44.071 56702.88412254 17.01  78.941411  59.938775  4.003  244.81  237.00  218.43
 207    43.991 56702.88412313 16.56  78.945568  59.940376  3.280  244.81  237.00  218.43
 207    43.363 56702.88412372 16.57  78.949726  59.941977  3.843  244.81  237.00  218.43
 207    43.596 56702.88412431 16.57  78.953883  59.943577  3.411  244.81  237.00  218.43
 208    44.246 56712.79975570 16.60  78.942156  59.936387  3.982  245.09  235.90  215.41
 208    44.127 56712.79975629 16.89  78.946312  59.937988  4.374  245.09  235.90  215.41
 208    43.771 56712.79975688 16.20  78.950469  59.939589  3.313  245.09  235.90  215.41
 208    43.449 56712.79975747 16.26  78.954626  59.941189  3.190  245.09  235.90  215.41
 209    39.210 56722.71540297 15.95  78.942272  59.936054  3.627  252.02  243.01  221.59
 209    39.165 56722.71540356 15.76  78.946428  59.937655  3.359  252.02  243.01  221.59
 209    39.179 56722.71540415 15.38  78.950585  59.939255  2.914  252.02  243.01  221.59
 209    39.205 56722.71540474 16.00  78.954742  59.940856  3.249  252.02  243.01  221.59
 210    44.781 56732.63105430 13.90  78.943046  59.937891  3.507  249.79  240.04  222.16
 210    44.425 56732.63105489 14.10  78.947203  59.939492  3.602  249.79  240.04  222.16
 210    44.508 56732.63105548 14.28  78.951360  59.941092  4.420  249.79  240.04  222.16
 210    44.728 56732.63105607 13.91  78.955518  59.942693  3.420  249.79  240.04  222.16
 211    45.425 56742.54670186 10.01  78.940343  59.939764  3.438 -100.00 -100.00 -100.00
 211    44.914 56742.54670245 10.70  78.944500  59.941365  4.914 -100.00 -100.00 -100.00
 211    44.714 56742.54670304 10.37  78.948658  59.942966  4.283 -100.00 -100.00 -100.00
 211    44.967 56742.54670363 10.13  78.952816  59.944566  3.605 -100.00 -100.00 -100.00
 212    39.977 56752.46234538 17.43  78.940310  59.941855 16.409  266.74  263.42  258.12
 212    39.568 56752.46234598 18.43  78.944468  59.943456 19.382  266.74  263.42  258.12
 212    39.231 56752.46234657 18.26  78.948626  59.945056 19.629  266.74  263.42  258.12
 212    39.003 56752.46234716 17.03  78.952784  59.946657 17.258  266.74  263.42  258.12
 213    41.617 56762.37798294 41.18  78.937412  59.940387  7.059  264.29  263.23  264.05
 213    41.407 56762.37798353 38.10  78.941569  59.941988   -100  264.29  263.23  264.05
 213    41.603 56762.37798412 35.45  78.945726  59.943589   -100  264.29  263.23  264.05
 213    41.476 56762.37798471 37.49  78.949884  59.945190   -100  264.29  263.23  264.05
 213    41.784 56762.37798530 35.34  78.954042  59.946790   -100  264.29  263.23  264.05
 214    44.904 56772.29361403 47.51  78.940179  59.938568 29.931  238.90  241.17  246.38
 214    44.855 56772.29361462 42.88  78.944336  59.940169  7.011  238.90  241.17  246.38
 214    44.819 56772.29361521 38.55  78.948493  59.941770   -100  238.90  241.17  246.38
 214    44.791 56772.29361580 43.06  78.952651  59.943371   -100  238.90  241.17  246.38
 215    45.401 56782.20927174 33.99  78.939569  59.938694 24.537  214.07  215.35  224.58
 215    45.161 56782.20927233 33.94  78.943726  59.940295 27.848  214.07  215.35  224.58
 215    45.200 56782.20927292 31.05  78.947884  59.941896 18.081  214.07  215.35  224.58
 215    45.455 56782.20927351 31.53  78.952041  59.943497 19.145  214.07  215.35  224.58
 216    45.315 56792.12492639 33.82  78.941876  59.940286 28.444  226.90  229.83  234.48
 216    45.312 56792.12492698 33.51  78.946033  59.941887 20.873  226.90  229.83  234.48
 216    45.332 56792.12492758 39.73  78.950191  59.943487   -100  226.90  229.83  234.48
 216    45.526 56792.12492817 41.18  78.954349  59.945088   -100  226.90  229.83  234.48
 217    45.323 56802.04057747 35.54  78.939011  59.940624   -100  227.61  227.45  233.98
 217    45.110 56802.04057806 33.14  78.943169  59.942225 29.047  227.61  227.45  233.98
 217    44.761 56802.04057865 33.70  78.947327  59.943826 31.060  227.61  227.45  233.98
 217    45.319 56802.04057924 32.32  78.951485  59.945426 24.559  227.61  227.45  233.98
 217    45.308 56802.04057983 39.10  78.955644  59.947026   -100  227.61  227.45  233.98
 218    45.254 56811.95622155 34.18  78.940972  59.941740 31.339  228.92  229.47  235.86
 218    45.132 56811.95622214 31.50  78.945129  59.943341 22.870  228.92  229.47  235.86
 218    45.012 56811.95622273 31.36  78.949287  59.944941 22.190  228.92  229.47  235.86
 218    45.434 56811.95622332 31.30  78.953445  59.946541 16.987  228.92  229.47  235.86
 219    45.294 56821.87186067 52.24  78.938064  59.939523 12.918  237.45  241.23  241.86
 219    45.562 56821.87186126 54.09  78.942221  59.941124   -100  237.45  241.23  241.86
 219    45.433 56821.87186185 52.98  78.946378  59.942724  5.483  237.45  241.23  241.86
 219    45.268 56821.87186244 53.38  78.950535  59.944325 15.023 -100.00 -100.00 -100.00
 219    45.246 56821.87186303 55.46  78.954694  59.945925 23.205 -100.00 -100.00 -100.00
 220    39.326 56831.78749612 23.35  78.940114  59.937570  4.832  244.30  245.48  246.42
 220    39.328 56831.78749671 22.25  78.944271  59.939171  6.138  244.30  245.48  246.42
 220    39.336 56831.78749730 23.92  78.948428  59.940771  4.870  244.30  245.48  246.42
 220    39.351 56831.78749789 23.84  78.952585  59.942372  7.506  244.30  245.48  246.42
 221    44.969 56841.70312863 45.87  78.945244  59.936313   -100 -100.00 -100.00 -100.00
 221    44.666 56841.70312922 40.93  78.949400  59.937914   -100 -100.00 -100.00 -100.00
 221    44.945 56841.70312981 40.40  78.953556  59.939514 31.304 -100.00 -100.00 -100.00
 222    43.601 56851.61876657 33.31  78.945974  59.935587   -100  261.48  262.45  260.77
 222    43.599 56851.61876716 29.58  78.950130  59.937188 18.703  261.48  262.45  260.77
 222    43.601 56851.61876775 28.49  78.954287  59.938789 14.995  261.48  262.45  260.77
 223    42.353 56861.53442073 35.62  78.941766  59.936513   -100  263.09  263.14  261.91
 223    42.288 56861.53442132 29.28  78.945922  59.938114 14.651  263.09  263.14  261.91
 223    42.203 56861.53442191 28.89  78.950078  59.939714 12.190  263.09  263.14  261.91
 223    42.284 56861.53442250 30.05  78.954235  59.941315 12.432  263.09  263.14  261.91
 224    40.802 56871.45007476 34.68  78.940785  59.938688   -100  266.61  265.61  265.53
 224    40.626 56871.45007535 32.86  78.944942  59.940288 28.758  266.61  265.61  265.53
 224    41.898 56871.45007594 29.62  78.949099  59.941889 16.757  266.61  265.61  265.53
 224    45.133 56871.45007653 30.69  78.953257  59.943489 18.899  266.61  265.61  265.53
 225    40.116 56881.36572591 34.15  78.941521  59.940029   -100  262.58  264.58  262.99
 225    42.022 56881.36572650 25.88  78.945678  59.941630 15.441 -100.00 -100.00 -100.00
 225    39.928 56881.36572710 29.91  78.949835  59.943230 27.161 -100.00 -100.00 -100.00
 225    45.443 56881.36572769 29.42  78.953993  59.944831 21.404 -100.00 -100.00 -100.00
 226    40.253 56891.28137268 34.89  78.938647  59.938751   -100  264.19  264.94  264.08
 226    40.085 56891.28137328 31.01  78.942804  59.940351 28.917  264.19  264.94  264.08
 226    39.738 56891.28137387 29.92  78.946961  59.941952 24.163  264.19  264.94  264.08
 226    45.342 56891.28137446 29.57  78.951119  59.943553 20.874  264.19  264.94  264.08
 226    45.507 56891.28137505 35.50  78.955277  59.945153   -100 -100.00 -100.00 -100.00
 227    39.585 56901.19701740 33.95  78.942554  59.939959   -100  257.77  258.93  258.46
 227    39.336 56901.19701799 31.26  78.946711  59.941560 31.039  257.77  258.93  258.46
 227    39.305 56901.19701858 31.58  78.950869  59.943160 28.946  257.77  258.93  258.46
 227    45.421 56901.19701917 36.14  78.955027  59.944760   -100  257.77  258.93  258.46
 228    39.532 56911.11265918 34.66  78.938834  59.939738   -100  248.63  248.75  249.92
 228    39.119 56911.11265977 34.45  78.942991  59.941339   -100  248.63  248.75  249.92
 228    41.741 56911.11266036 30.11  78.947149  59.942939 25.866  248.63  248.75  249.92
 228    39.143 56911.11266095 33.44  78.951307  59.944539   -100  248.63  248.75  249.92
 228    45.411 56911.11266154 32.86  78.955465  59.946140 30.479  248.63  248.75  249.92
 229    42.284 56921.02829977 30.24  78.938518  59.940807 22.853  244.88  244.77  246.76
 229    42.490 56921.02830036 29.39  78.942675  59.942407 21.578  244.88  244.77  246.76
 229    39.449 56921.02830095 29.37  78.946833  59.944008 20.444  244.88  244.77  246.76
 229    44.925 56921.02830154 30.45  78.950991  59.945608 23.461  244.88  244.77  246.76
 229    45.285 56921.02830213 34.95  78.955150  59.947209   -100  244.88  244.77  246.76
 230    39.482 56930.94393836 41.04  78.940354  59.941866 29.439  247.19  246.35  248.30
 230    39.147 56930.94393895 45.23  78.944511  59.943467   -100  247.19  246.35  248.30
 230    38.883 56930.94393954 50.55  78.948669  59.945067 23.254  247.19  246.35  248.30
 230    39.032 56930.94394013 53.35  78.952827  59.946668 27.943  247.19  246.35  248.30
 231    44.318 56940.85957140 26.84  78.940549  59.940253 16.573  253.03  253.26  256.11
 231    39.007 56940.85957199 27.44  78.944705  59.941853 17.995 -100.00 -100.00 -100.00
 231    38.709 56940.85957258 29.36  78.948862  59.943454 26.109 -100.00 -100.00 -100.00
 231    38.951 56940.85957317 28.99  78.953020  59.945055 22.310 -100.00 -100.00 -100.00
 232    38.623 56950.77521116 35.43  78.942557  59.939273   -100 -100.00 -100.00 -100.00
 232    39.437 56950.77521175 43.25  78.946713  59.940874 25.765 -100.00 -100.00 -100.00
 232    38.951 56950.77521234 53.35  78.950870  59.942474   -100 -100.00 -100.00 -100.00
 232    39.001 56950.77521293 52.20  78.955027  59.944075   -100 -100.00 -100.00 -100.00
 233    40.783 56960.69086253 34.32  78.940702  59.938628   -100 -100.00 -100.00 -100.00
 233    40.823 56960.69086312 35.19  78.944858  59.940229   -100 -100.00 -100.00 -100.00
 233    40.927 56960.69086371 33.49  78.949015  59.941830 28.749 -100.00 -100.00 -100.00
 233    40.921 56960.69086430 30.87  78.953172  59.943430 21.194 -100.00 -100.00 -100.00
 234    41.932 56970.60650913 32.82  78.939643  59.938616 23.746  242.99  238.22  227.43
 234    41.994 56970.60650972 34.45  78.943799  59.940217 22.828  241.43  236.33  225.35
 234    41.737 56970.60651031 34.52  78.947956  59.941817 30.706  241.43  236.33  225.35
 234    41.485 56970.60651090 31.11  78.952113  59.943418 20.540  241.43  236.33  225.35
 235    41.057 56980.52215205 28.42  78.940567  59.938921 12.715  246.13  241.12  232.86
 235    41.291 56980.52215264 29.97  78.944724  59.940522 17.505  246.13  241.12  232.86
 235    41.107 56980.52215323 30.95  78.948881  59.942122 20.706  246.13  241.12  232.86
 235    41.173 56980.52215382 28.85  78.953038  59.943723 16.648  246.13  241.12  232.86
 236    44.462 56990.43779023 18.49  78.939870  59.937627  5.222  243.41  238.87  228.92
 236    43.942 56990.43779082 18.33  78.944027  59.939228  4.630 -100.00 -100.00 -100.00
 236    43.696 56990.43779141 17.88  78.948184  59.940829  3.331 -100.00 -100.00 -100.00
 236    43.282 56990.43779200 17.84  78.952341  59.942430  3.814 -100.00 -100.00 -100.00
 237    43.873 57000.35342275 17.71  78.945451  59.937069  3.719  249.18  245.58  237.13
 237    43.798 57000.35342334 18.07  78.949608  59.938670  3.743  249.18  245.58  237.13
 237    43.407 57000.35342393 17.73  78.953765  59.940271  3.338  249.18  245.58  237.13
 238    43.842 57010.26907767 18.95  78.942389  59.936222  5.823 -100.00 -100.00 -100.00
 238    43.254 57010.26907826 19.37  78.946546  59.937823  6.495 -100.00 -100.00 -100.00
 238    43.573 57010.26907885 18.46  78.950703  59.939424  4.843 -100.00 -100.00 -100.00
 238    43.260 57010.26907944 17.56  78.954860  59.941025  3.932 -100.00 -100.00 -100.00
 239    44.119 57020.18472986 19.75  78.942305  59.936468  5.586  243.02  236.44  223.42
 239    43.781 57020.18473045 19.45  78.946462  59.938069  5.205  243.02  236.44  223.42
 239    43.821 57020.18473104 18.75  78.950619  59.939670  3.657  243.02  236.44  223.42
 239    43.394 57020.18473163 18.88  78.954777  59.941270  3.748  243.02  236.44  223.42
 240    43.986 57030.10037892 16.93  78.941099  59.937063  3.425 -100.00 -100.00 -100.00
 240    43.842 57030.10037951 16.82  78.945257  59.938664  3.097 -100.00 -100.00 -100.00
 240    43.650 57030.10038011 16.91  78.949414  59.940264  3.363 -100.00 -100.00 -100.00
 240    43.627 57030.10038070 17.11  78.953572  59.941865  3.369 -100.00 -100.00 -100.00
 241    44.412 57040.01602649 17.75  78.942076  59.938650  3.997 -100.00 -100.00 -100.00
 241    43.908 57040.01602708 17.55  78.946234  59.940251  3.379 -100.00 -100.00 -100.00
 241    43.836 57040.01602767 17.72  78.950392  59.941852  3.485 -100.00 -100.00 -100.00
 241    43.545 57040.01602826 17.61  78.954550  59.943452  3.664 -100.00 -100.00 -100.00
 242    44.359 57049.93167145 16.72  78.940829  59.938901  3.688  247.64  240.10  222.96
 242    44.059 57049.93167204 16.78  78.944986  59.940501  3.629  247.64  240.10  222.96
 242    43.762 57049.93167263 16.90  78.949144  59.942102  3.287 -100.00 -100.00 -100.00
 242    43.459 57049.93167322 16.93  78.953302  59.943703  3.347 -100.00 -100.00 -100.00
 243    44.464 57059.84731264 15.39  78.942794  59.938907  3.745  248.75  240.36  220.80
 243    43.967 57059.84731323 15.37  78.946950  59.940508  3.416  248.75  240.36  220.80
 243    43.829 57059.84731382 15.34  78.951108  59.942109  3.586  248.75  240.36  220.80
 243    43.294 57059.84731441 15.11  78.955266  59.943709  3.323  248.75  240.36  220.80
 244    43.768 57069.76294760 18.82  78.941217  59.936902  7.165  249.46  240.49  223.34
 244    43.893 57069.76294819 17.98  78.945373  59.938503  5.318 -100.00 -100.00 -100.00
 244    43.174 57069.76294878 17.59  78.949530  59.940104  5.257 -100.00 -100.00 -100.00
 244    42.943 57069.76294937 17.41  78.953687  59.941705  4.654 -100.00 -100.00 -100.00
 245    43.854 57079.67857898 16.87  78.944021  59.937060  6.736 -100.00 -100.00 -100.00
 245    43.791 57079.67857957 15.72  78.948178  59.938661  4.441 -100.00 -100.00 -100.00
 245    43.638 57079.67858016 15.39  78.952334  59.940262  3.942 -100.00 -100.00 -100.00
 245    43.044 57079.67858075 15.96  78.956492  59.941862  5.262 -100.00 -100.00 -100.00
 246    44.476 57089.59421722 16.80  78.942724  59.937538  4.994  249.15  238.15  218.08
 246    44.003 57089.59421781 17.04  78.946880  59.939139  5.893  249.15  238.15  218.08
 246    43.824 57089.59421840 16.02  78.951037  59.940739  4.687  249.15  238.15  218.08
 246    43.297 57089.59421899 16.30  78.955194  59.942340  4.234  249.15  238.15  218.08
 247    45.388 57099.50987518 18.46  78.938283  59.939308  4.348  244.17  246.69  249.70
 247    45.095 57099.50987577 18.43  78.942440  59.940909  4.320  244.17  246.69  249.70
 247    45.046 57099.50987636 18.71  78.946597  59.942510  4.546  244.17  246.69  249.70
 247    44.860 57099.50987695 19.16  78.950754  59.944111  5.041  244.17  246.69  249.70
 247    45.099 57099.50987754 18.92  78.954912  59.945711  4.790  244.17  246.69  249.70
 248    45.058 57109.42553064 14.81  78.938896  59.941316  3.271  236.78  224.07  205.67
 248    44.771 57109.42553123 15.33  78.943053  59.942917  4.281  236.78  224.07  205.67
 248    44.871 57109.42553182 15.48  78.947211  59.944518  4.271  236.78  224.07  205.67
 248    44.844 57109.42553241 15.32  78.951369  59.946118  4.385  236.78  224.07  205.67
 248    44.948 57109.42553300 15.23  78.955527  59.947719  3.734  236.78  224.07  205.67
 249    41.541 57119.34118062 14.05  78.941283  59.941467  7.504  264.82  263.02  263.39
 249    42.764 57119.34118121 13.64  78.945440  59.943068  7.059  264.82  263.02  263.39
 249    44.514 57119.34118180 12.04  78.949598  59.944669  5.649  264.82  263.02  263.39
 249    44.714 57119.34118239 11.61  78.953756  59.946270  5.453  264.82  263.02  263.39
 250    40.019 57129.25682380 28.48  78.938747  59.938967   -100  269.18  267.21  265.56
 250    39.991 57129.25682439 25.96  78.942904  59.940568   -100  269.18  267.21  265.56
 250    39.586 57129.25682498 25.08  78.947062  59.942169 32.142  269.18  267.21  265.56
 250    39.508 57129.25682557 24.12  78.951220  59.943770   -100  269.18  267.21  265.56
 250    39.751 57129.25682616 21.00  78.955378  59.945370 19.795  269.18  267.21  265.56
