# NaN NaN NaN ;Mean Elev.(m), Avg Gradient(m/km), RMS Gradient(m/km) - SRTM1     
#   -4.227     NaN     NaN ;Mean Elev.(m), Avg Gradient(m/km), RMS Gradient(m/km) - ASTER GDEM
#    2.107  -0.008   0.841 ;Mean Elev.(m), Avg Gradient(m/km), RMS Gradient(m/km) - GMTED2010 
   2  65.569758  63.937037    12.195    12.175  4 54669.40303689 40.042
   3  65.571814  63.937229   -87.666   -87.596  4 54679.31868119  6.858
   4  65.570899  63.939066    11.183    11.085  3 54689.23432395 31.352
   5  65.571200  63.940382   -86.598   -86.473  3 54699.14996477  8.237
   6  65.571439  63.939582     9.075     8.197  3 54709.06560885 48.036
   7  65.569739  63.937319   -52.248   -52.381  4 54718.98126045  9.591
   8  65.573219  63.933843    11.320    11.193  4 54728.89690999 28.966
   9  65.572894  63.932716    11.084    11.209  4 54738.81255736 29.809
  10  65.572092  63.933349    11.206    11.198  4 54748.72820441 32.080
  11  65.570349  63.934650    10.982    10.910  3 54758.64385102 24.869
  12  65.569992  63.935055    11.286    11.312  3 54768.55949559 30.019
  13  65.571551  63.933933     7.929     7.931  3 54778.47513711 45.141
  14  65.573420  63.932431     8.676     8.699  4 54788.39077628 31.536
  15  65.571461  63.932756     8.701     8.687  4 54798.30641398 29.140
  17  65.573358  63.936529     9.091     8.894  4 54818.13768920 15.257
  18  65.570456  63.937853    10.202     9.904  4 54828.05333974 14.347
  19  65.573124  63.936727    10.731    10.623  4 54837.96897910 13.195
  20  65.571349  63.936479    10.933    10.805  3 54847.88462827 12.660
  21  65.569945  63.936854    11.200    11.223  4 54857.80027683 13.740
  22  65.570976  63.937389    11.070    11.069  3 54867.71592566 11.324
  23  65.571135  63.937319    11.079    11.114  3 54877.63157373 11.307
  24  65.572057  63.936100    11.326    11.345  4 54887.54721894 10.995
  25  65.573217  63.933837    11.991    12.135  4 54897.46286090 11.910
  26  65.571225  63.932831    12.066    12.154  4 54907.37849991 11.449
  27  65.571192  63.933033    11.836    11.765  3 54917.29413783 11.338
  28  65.571421  63.934125    12.708    12.696  4 54927.20977559 10.815
  29  65.572446  63.934834    12.784    12.792  4 54937.12541283 10.956
  30  65.571754  63.935261     7.347     7.408  3 54947.04104813 15.445
  31  65.572291  63.934846     8.960     8.958  3 54956.95668220 24.846
  32  65.571844  63.933977    12.033    12.118  3 54966.87233084 36.646
  33  65.572125  63.933995    12.730    12.654  3 54976.78797844 29.891
  34  65.570191  63.935252    -6.677    -6.675  4 54986.70362572 17.126
  35  65.571773  63.935867    12.549    12.519  3 54996.61927348 29.641
  36  65.572096  63.936310    12.477    12.455  4 55006.53491946 32.791
  37  65.571160  63.936701    12.223    12.228  3 55016.45056319 30.881
  38  65.571073  63.937027    12.016    11.993  3 55026.36620561 29.118
  39  65.571880  63.937743    11.709    11.791  3 55036.28184767 42.604
  40  65.570167  63.938743    10.979    10.914  4 55046.19748862 47.562
  41  65.571595  63.938213    11.321    11.300  3 55056.11312818 31.072
  42  65.571289  63.936753    11.339    11.340  4 55066.02876533 31.661
  43  65.572066  63.934446     9.448     8.939  4 55075.94441477 43.368
  44  65.571279  63.933501     9.161     8.528  3 55085.86006259 41.783
  45  65.571980  63.933656     9.412     9.406  4 55095.77570876 35.424
  46  65.569729  63.934643    11.087    11.011  4 55105.69135431 30.507
  47  65.572142  63.934027    10.931    10.992  3 55115.60700013 28.933
  48  65.570078  63.933532    11.642    11.662  4 55125.52264314 22.466
  49  65.571724  63.932539     7.378     7.384  4 55135.43828397 29.754
  50  65.572533  63.932543     7.658     7.652  4 55145.35392258 42.465
  51  65.572290  63.933991     7.449     7.475  4 55155.26956032 36.748
  52  65.571056  63.935734     7.572     7.572  4 55165.18519821 28.096
  53  65.571326  63.937050     7.975     7.795  4 55175.10083608 27.131
  54  65.571685  63.937324     7.780     7.597  4 55185.01647654 25.984
  55  65.571725  63.936897     7.633     7.502  3 55194.93212777 15.745
  56  65.571456  63.937029     7.103     7.119  3 55204.84777758 16.245
  57  65.570912  63.937917     7.126     7.096  4 55214.76342660 17.244
  58  65.570535  63.938063     7.552     7.270  4 55224.67907517 16.263
  59  65.570488  63.936542    10.315    10.328  4 55234.59472205 14.638
  60  65.572248  63.933769    10.575    10.561  4 55244.51036594 13.906
  61  65.571741  63.931916    11.118    11.165  4 55254.42600662 13.221
  62  65.570832  63.932209    11.080    11.139  3 55264.34164533 14.050
  63  65.571583  63.934046    11.791    11.817  3 55274.25728319 14.827
  64  65.571537  63.935664    11.549    11.644  3 55284.17292045 13.059
  65  65.572576  63.935315    12.320    12.373  4 55294.08855647 12.587
  66  65.572037  63.933883    12.496    12.517  4 55304.00419416 10.860
  67  65.573259  63.932031    10.450    11.205  4 55313.91984194 34.858
  69  65.572096  63.934786    11.881    11.913  3 55333.75113115 53.890
  70  65.572175  63.936302    12.226    12.176  4 55343.66677495 39.026
  71  65.570934  63.936672    12.053    12.056  3 55353.58241821 31.830
  72  65.569692  63.936583    12.140    12.157  4 55363.49805941 37.460
  73  65.570393  63.936582    12.004    11.964  4 55373.41369900 34.399
  74  65.570079  63.937886    11.977    11.908  4 55383.32933715 33.383
  75  65.571125  63.939127    12.405    12.415  3 55393.24497466 51.651
  76  65.571124  63.939898    11.736    11.690  4 55403.16061096 29.792
  77  65.571586  63.937664    11.816    11.822  4 55413.07626320 41.812
  78  65.571095  63.934610    11.274    11.248  3 55422.99191254 48.240
  79  65.571143  63.932252    10.562    10.571  4 55432.90755920 34.732
  80  65.571293  63.932356    10.437    11.246  3 55442.82320377 33.040
  81  65.572204  63.933832    11.146    11.022  3 55452.73884678 25.375
  82  65.572665  63.935471     9.503     9.491  4 55462.65448891 34.673
  83  65.571042  63.935460     7.781     7.819  4 55472.57012910 42.621
  84  65.572114  63.933618    11.204    11.238  3 55482.48576688 27.744
  85  65.569900  63.932683    11.131    11.217  4 55492.40140211 30.841
  86  65.571948  63.933458     7.511     7.433  4 55502.31703600 36.559
  87  65.572600  63.935552     7.497     7.491  4 55512.23268142 29.155
  88  65.571634  63.937526     8.744     8.567  3 55522.14833080 42.878
  89  65.570185  63.937988     7.764     7.750  4 55532.06397895 30.138
  90  65.571594  63.936533     7.875     7.824  3 55541.97962586 23.444
  91  65.570976  63.935788     7.799     7.784  3 55551.89527042 23.919
  92  65.572823  63.935929     7.730     7.749  4 55561.81091369 19.689
  93  65.569772  63.937988     7.504     7.513  4 55571.72655559 19.534
  94  65.569879  63.938518     7.318     7.319  4 55581.64219672 19.196
  95  65.571879  63.936687     8.015     8.067  3 55591.55783507 16.060
  96  65.571928  63.934322     8.088     8.060  4 55601.47347005 18.055
  97  65.570179  63.933345    10.655    10.637  4 55611.38910264 14.008
  98  65.571274  63.934292    10.396    10.411  3 55621.30473530 12.185
  99  65.572272  63.935663    10.982    10.966  3 55631.22038823 12.247
 100  65.573121  63.936501    10.982    10.965  4 55641.13603914 11.912
 101  65.571547  63.935871    10.964    10.798  3 55651.05168725 11.306
 102  65.571339  63.933421     8.950     8.740  4 55660.96733189 25.365
 103  65.573432  63.931579     8.913     8.012  4 55670.88297334 39.109
 104  65.570471  63.933148    11.266    11.350  4 55680.79861228 35.841
 105  65.572246  63.935785    11.883    11.864  4 55690.71424969 33.192
 106  65.570201  63.938793    11.949    11.879  4 55700.62988512 39.665
 107  65.570735  63.939354    11.846    11.847  4 55710.54552507 34.467
 108  65.572620  63.937577    11.875    11.869  4 55720.46117539 31.963
 109  65.571721  63.936710    12.322    12.321  4 55730.37682324 51.176
 110  65.571398  63.936736    11.737    11.734  3 55740.29246979 34.166
 111  65.570774  63.937378    11.132    11.132  3 55750.20811506 49.851
 112  65.569721  63.937629    11.215    11.218  4 55760.12375797 32.883
 113  65.571575  63.936279    11.115    11.078  3 55770.03939842 30.905
 114  65.570668  63.934531    11.023    11.010  4 55779.95503529 31.325
 115  65.570518  63.933491    11.056    11.022  4 55789.87066955 32.009
 116  65.569913  63.934492     7.974     7.938  4 55799.78630236 50.495
 117  65.570890  63.935649    10.888    10.928  3 55809.70194957 28.751
 118  65.571894  63.936671    10.919    10.926  4 55819.61759838 31.385
 119  65.573071  63.936244     9.500     9.542  4 55829.53324285 33.151
 120  65.569776  63.935296    10.966    11.017  4 55839.44888250 34.445
 121  65.570527  63.933832     9.347     9.304  4 55849.36451956 34.767
 122  65.571872  63.934611    11.049    10.996  4 55859.28015452 28.379
 123  65.571501  63.936618     6.862     6.775  4 55869.19580341 27.145
 133  65.572034  63.932929     6.596     6.560  4 55968.35224638 24.336
 134  65.573063  63.933922     6.926     6.576  4 55978.26788312 23.756
 135  65.571064  63.935899     6.539     6.580  3 55988.18351887 19.550
 136  65.573042  63.936206     7.212     7.355  4 55998.09915950 20.917
 137  65.570107  63.935739     9.609     8.903  3 56008.01481055 16.559
 138  65.572729  63.933898     7.713     6.507  4 56017.93045800 19.334
 139  65.572698  63.933454     6.217     6.205  4 56027.84610212 27.931
 141  65.573005  63.936055    10.718    10.893  4 56047.67738467 37.119
 142  65.572873  63.937826    11.640    11.570  4 56057.59302212 32.871
 143  65.570406  63.939406    11.473    11.413  4 56067.50865502 35.502
 144  65.571930  63.938296    11.417    11.277  4 56077.42430480 29.177
 145  65.570367  63.937782    11.176    11.100  4 56087.33995352 34.733
 146  65.570912  63.937370    11.105    11.104  3 56097.25559999 29.398
 147  65.569995  63.937151    11.356    11.372  4 56107.17124416 34.410
 148  65.570525  63.936105     9.197     8.581  4 56117.08687414 44.293
 149  65.571368  63.935031    11.352    11.139  4 56127.00251202 30.456
 150  65.571201  63.934543    11.061    11.050  4 56136.91814593 30.701
 151  65.572549  63.934287     9.950    10.880  4 56146.83379064 33.107
 152  65.571706  63.934975     7.887     6.839  4 56156.74943981 37.657
 153  65.572157  63.935414     6.426     6.374  4 56166.66508818 45.609
 154  65.570131  63.935539     8.566     8.504  4 56176.58073393 36.070
 155  65.571809  63.934646    10.949    10.877  3 56186.49637523 26.197
 156  65.572186  63.934159    11.153    10.981  4 56196.41201267 32.118
 157  65.571339  63.935226     7.812     6.913  4 56206.32764692 34.738
 158  65.569727  63.937592     8.123     7.268  4 56216.24327955 46.345
 159  65.571946  63.938957    11.282    11.177  3 56226.15892014 18.444
 160  65.571785  63.938848     6.995     6.845  3 56236.07457535 45.212
 161  65.571103  63.938059     6.967     7.001  3 56245.99022669 35.138
 162  65.570701  63.937389     7.203     7.189  4 56255.90587292 28.887
 163  65.572418  63.937309     7.199     7.196  4 56265.82151542 25.201
 164  65.572138  63.937842     7.091     7.068  4 56275.73715595 24.230
 165  65.570743  63.937461     6.857     6.863  3 56285.65280189 23.784
 166  65.572283  63.935063     6.676     6.645  4 56295.56845253 23.256
 167  65.572709  63.932687     6.587     6.603  4 56305.48409895 19.113
 168  65.572591  63.932054     7.739     7.707  4 56315.39974175 15.703
 169  65.570173  63.933946     7.853     7.958  4 56325.31538231 15.268
 170  65.570624  63.935877     8.313     8.304  4 56335.23102233 14.979
 171  65.572027  63.936395     8.590     8.512  4 56345.14666154 12.749
 172  65.570874  63.936018     8.865     8.352  4 56355.06229826 12.495
 173  65.572596  63.934090    10.317    10.582  4 56364.97794404 13.009
 174  65.572066  63.933603    11.208    11.185  4 56374.89359293 12.591
 176  65.572752  63.936663    12.450    12.418  4 56394.72488238 12.211
 177  65.571060  63.938214     6.044     6.089  3 56404.64052390 24.544
 178  65.570784  63.938556    11.878    11.792  3 56414.55616257 31.471
 179  65.570994  63.938166    12.267    12.309  4 56424.47179650 35.777
 180  65.572752  63.937133    11.918    11.947  4 56434.38744295 32.642
 181  65.572368  63.936727    12.064    12.002  4 56444.30309511 33.844
 182  65.571615  63.937282    12.196    12.181  4 56454.21874467 37.233
 183  65.571746  63.936657    12.042    12.027  4 56464.13439160 32.951
 184  65.571413  63.934945    12.211    12.135  4 56474.05003510 33.105
 185  65.573151  63.932599    12.472    12.508  4 56483.96567543 53.188
 187  65.572174  63.934498    12.078    11.970  3 56503.79694626 25.742
 188  65.572121  63.937578    12.124    11.996  4 56513.71257877 50.830
 189  65.572755  63.937944    11.619    11.599  4 56523.62822891 26.110
 190  65.569836  63.936752    10.083    10.074  4 56533.54388045 35.975
 192  65.573328  63.933223    11.234    11.249  4 56553.37517372 26.123
 193  65.571891  63.935369    11.246    11.219  4 56563.29081615 30.039
 194  65.570310  63.938415    10.709    11.224  4 56573.20645727 34.034
 195  65.571504  63.939942     7.005     7.011  4 56583.12209655 34.277
 196  65.570975  63.939988     7.639     7.654  4 56593.03773128 48.750
 197  65.573082  63.937308     9.124     9.119  4 56602.95338360 38.619
 198  65.570855  63.936243     9.417     9.372  3 56612.86903260 35.964
 199  65.571072  63.936728     8.964     9.006  3 56622.78467739 30.861
 200  65.571625  63.937568     8.023     8.038  3 56632.70031927 27.714
 201  65.570270  63.938196    10.119    10.585  4 56642.61595651 14.446
 202  65.572042  63.935598     9.972     9.972  4 56652.53160695 14.721
 203  65.571523  63.933086    11.133    11.178  4 56662.44725659 14.416
 204  65.569910  63.932356    11.228    11.052  4 56672.36290316 15.958
 205  65.573100  63.933425    11.473    11.468  4 56682.27854847 11.495
 206  65.571434  63.936046    11.416    11.289  3 56692.19419117 11.313
 207  65.571894  63.937411    11.054    10.878  3 56702.10983021 11.497
 208  65.572274  63.936674    11.474    11.408  3 56712.02546442 12.713
 209  65.571291  63.934922   -11.092   -11.122  3 56721.94111033 10.057
 210  65.573120  63.933514    12.009    12.129  4 56731.85676205 12.473
 211  65.572326  63.935322    12.856    12.848  4 56741.77240956  9.841
 212  65.573304  63.937768    12.779    12.804  4 56751.68805282 11.388
 213  65.571505  63.939890    12.469    12.426  4 56761.60369072  8.709
 214  65.571433  63.939920    11.606    11.577  4 56771.51932220 21.857
 215  65.571615  63.937199    11.989    11.957  3 56781.43497797 29.692
 216  65.573320  63.934877    84.993    84.993  2 56791.35063297 14.929
 217  65.571666  63.934792    12.634    12.617  4 56801.26628451 33.510
 218  65.571024  63.935877    12.716    12.716  3 56811.18192893 34.755
 219  65.571823  63.936141    13.112    13.009  3 56821.09756907 53.786
 220  65.571003  63.935411   -10.061   -10.082  3 56831.01320503 17.728
 221  65.571627  63.934034    12.940    12.934  4 56840.92883786 29.658
 222  65.571643  63.933813    12.938    12.923  4 56850.84447411 30.500
 223  65.571947  63.934372    12.827    12.829  4 56860.76012845 29.793
 224  65.571221  63.936138    12.860    12.856  4 56870.67578185 55.258
 225  65.572930  63.936441    12.073    12.002  4 56880.59143284 37.941
 226  65.570693  63.935907    11.485    11.454  4 56890.50707988 33.065
 227  65.571604  63.934016    11.327    11.243  3 56900.42272450 27.614
 228  65.571866  63.933811    11.326    11.228  4 56910.33836688 28.974
 229  65.572180  63.935509    11.343    11.280  4 56920.25400750 30.392
 230  65.572064  63.938235     9.553     9.124  4 56930.16964589 43.624
 231  65.571330  63.940023    11.471    11.442  3 56940.08527949 29.155
 232  65.570590  63.939864    11.357    11.192  3 56950.00091731 26.689
 233  65.571063  63.937402     9.424     9.280  3 56959.91656970 37.344
 234  65.571373  63.935847     8.577     8.561  4 56969.83221689 19.240
 235  65.570245  63.936113     8.931     8.948  4 56979.74785984 18.828
 236  65.569943  63.937085     9.139     9.130  4 56989.66349834 17.078
 237  65.571027  63.937616     9.256     9.244  4 56999.57913071 13.778
 238  65.572074  63.935947     9.145     9.088  3 57009.49478382 13.249
 239  65.571425  63.934175    11.485    11.404  3 57019.41043632 14.479
 240  65.573710  63.933027    10.974    10.907  4 57029.32608604 12.282
 241  65.570879  63.934331    11.146    11.183  4 57039.24173345 12.245
 242  65.570791  63.935834    11.605    11.844  3 57049.15737881 12.702
 243  65.572630  63.936561    10.994    10.984  4 57059.07302046 11.424
 244  65.571006  63.937048    11.684    11.772  4 57068.98865611 12.160
 245  65.571349  63.936994    11.156    11.342  3 57078.90428765 11.660
 246  65.573314  63.937200    12.503    12.480  4 57088.81992387 14.393
 247  65.572292  63.937809    12.624    12.623  3 57098.73558198 11.985
 248  65.572232  63.938639    12.655    12.605  4 57108.65123718 11.933
 249  65.570917  63.938955    12.732    12.751  4 57118.56688708 11.121
 250  65.572537  63.937620    12.762    12.798  4 57128.48253135  1.660
