# NaN NaN NaN ;Mean Elev.(m), Avg Gradient(m/km), RMS Gradient(m/km) - SRTM1     
#   56.518  -0.911   4.012 ;Mean Elev.(m), Avg Gradient(m/km), RMS Gradient(m/km) - ASTER GDEM
#   58.832  -0.804   1.871 ;Mean Elev.(m), Avg Gradient(m/km), RMS Gradient(m/km) - GMTED2010 
   2  84.244131  57.256591    64.129    64.129  2 54672.12830053 50.305
   3  84.240063  57.256505   -31.130   -31.130  2 54682.04394377  1.132
   4  84.240102  57.256565    63.694    63.694  2 54691.95958614 50.985
   5  84.243067  57.255726   -28.327   -28.327  2 54701.87522623  1.642
   6  84.246389  57.255192    63.524    63.524  2 54711.79087406 45.816
   7  84.249058  57.255997   -24.234   -24.234  2 54721.70652541  4.686
   8  84.247325  57.256219    66.359    66.359  2 54731.62217380 27.707
   9  84.241632  57.255657    64.730    64.730  2 54741.53782020 51.045
  10  84.241529  57.256873    67.100    67.246  3 54751.45346735 25.858
  11  84.240760  57.256304    63.824    63.824  2 54761.36911400 44.275
  12  84.244607  57.256468    65.443    65.443  2 54771.28475878 31.192
  13  84.245899  57.255390    67.942    67.942  2 54781.20039996 23.137
  14  84.246674  57.254746    64.217    64.217  2 54791.11603848 42.885
  17  84.246720  57.255354    64.267    64.215  3 54820.86295330 29.248
  18  84.244312  57.254978    63.977    63.977  2 54830.77860510 24.733
  19  84.242746  57.255926    63.862    63.862  2 54840.69424374 24.554
  20  84.238288  57.256699    63.628    63.608  3 54850.60989242 27.177
  21  84.235269  57.258144    63.462    63.478  3 54860.52554100 30.313
  22  84.232764  57.258241    63.422    63.492  3 54870.44118957 29.396
  23  84.235845  57.258072    65.064    65.754  3 54880.35683733 22.360
  24  84.239617  57.256303    65.282    66.089  3 54890.27248167 21.654
  25  84.243242  57.255723    66.134    66.134  2 54900.18812306 21.394
  26  84.243233  57.256409    63.810    63.766  3 54910.10376211 25.683
  27  84.240361  57.256756    64.082    64.110  3 54920.01939951 35.124
  28  84.241194  57.257091    66.436    66.434  3 54929.93503680 38.047
  29  84.245868  57.256203    67.606    67.606  2 54939.85067317 30.167
  30  84.252357  57.255136    68.186    68.186  2 54949.76630807 49.060
  31  84.254776  57.254146    69.932    69.923  3 54959.68194663 37.282
  32  84.251226  57.254480    68.893    68.883  3 54969.59759490 37.278
  33  84.248331  57.255961    69.326    69.326  2 54979.51324234 28.475
  34  84.244993  57.256457    67.924    67.924  2 54989.42888948 38.770
  35  84.243657  57.256308    67.063    67.090  3 54999.34453676 37.166
  36  84.242495  57.255892    68.485    68.485  2 55009.26018219 24.045
  37  84.242254  57.256039    66.449    66.449  2 55019.17582600 33.720
  38  84.240869  57.256984    66.216    66.216  2 55029.09146842 51.752
  39  84.239191  57.257851    65.564    65.520  3 55039.00711017 52.103
  40  84.239284  57.257585    65.696    64.790  3 55048.92275060 30.594
  41  84.242837  57.256039    64.780    64.780  2 55058.83838909 49.178
  42  84.249189  57.255088    64.846    64.846  2 55068.75402854 47.482
  43  84.250701  57.254776    65.170    65.170  2 55078.66967842 44.315
  44  84.247272  57.255073    64.631    64.631  2 55088.58532587 48.060
  45  84.242896  57.256366    64.197    64.197  2 55098.50097203 51.835
  46  84.239103  57.256577    67.337    67.337  2 55108.41661763 25.352
  47  84.242200  57.256941    67.060    67.060  2 55118.33226290 27.771
  48  84.245773  57.255494    67.947    67.947  2 55128.24790556 27.619
  49  84.248228  57.254415    65.983    65.983  2 55138.16354598 38.808
  50  84.249016  57.255168    68.053    68.053  2 55148.07918481 37.594
  51  84.245565  57.255431    66.311    66.311  2 55157.99482251 34.396
  52  84.245211  57.256490    66.493    66.493  2 55167.91046038 28.194
  53  84.246735  57.256572    65.994    65.994  2 55177.82609761 27.827
  54  84.247549  57.255981    66.895    66.895  2 55187.74174187 23.407
  55  84.245978  57.256572    66.376    66.376  2 55197.65739258 21.160
  56  84.241481  57.257177    65.901    65.979  3 55207.57304208 21.562
  57  84.236566  57.257457    66.287    66.396  3 55217.48869099 21.077
  58  84.234258  57.257121    66.360    66.361  3 55227.40433942 18.917
  59  84.237508  57.256796    66.779    66.710  3 55237.31998556 18.487
  60  84.242885  57.255919    66.581    66.607  3 55247.23562830 18.891
  61  84.245773  57.255274    67.354    67.354  2 55257.15126824 16.715
  62  84.246768  57.256451    66.320    66.320  2 55267.06690722 16.546
  63  84.241576  57.255864    66.502    66.502  2 55276.98254471 18.893
  64  84.242338  57.256296    65.167    65.167  2 55286.89818175 17.994
  65  84.246599  57.255429    68.134    68.263  3 55296.81381666 10.931
  66  84.251015  57.254372    65.381    64.989  3 55306.72945759 39.873
  67  84.252232  57.254412    71.367    71.396  3 55316.64510432 42.766
  68  84.250318  57.255271    70.744    70.744  2 55326.56074972 36.602
  69  84.245347  57.255730    70.358    70.357  3 55336.47639385 54.127
  70  84.242649  57.256535    69.771    69.788  3 55346.39203779 35.737
  71  84.241390  57.256223    70.203    70.190  3 55356.30768039 35.857
  72  84.242889  57.256412    69.391    69.391  2 55366.22332125 41.229
  73  84.243681  57.256079    68.189    68.119  3 55376.13896044 52.666
  74  84.243899  57.256044    68.857    68.857  2 55386.05459856 48.889
  75  84.243207  57.255558    69.577    69.577  2 55395.97023559 28.510
  76  84.246576  57.256491    69.286    69.286  2 55405.88587683 28.217
  77  84.244602  57.255125    66.038    66.038  2 55415.80152764 46.832
  78  84.247777  57.255257    66.054    66.054  2 55425.71717591 48.888
  79  84.250319  57.255654    64.696    64.696  2 55435.63282160 37.670
  80  84.246091  57.254644    64.036    64.036  2 55445.54846522 45.905
  81  84.245683  57.256653    63.817    63.817  2 55455.46410892 37.370
  82  84.242627  57.256375    63.827    63.827  2 55465.37975133 33.763
  83  84.245133  57.256023    63.951    63.951  2 55475.29539133 34.388
  84  84.249407  57.254853    64.129    64.129  2 55485.21102826 48.231
  85  84.254409  57.254821    63.847    63.813  3 55495.12666324 43.892
  86  84.252969  57.254060    67.965    67.931  3 55505.04229653 33.660
  87  84.247382  57.255081    63.605    63.605  2 55514.95794658 42.811
  88  84.243690  57.256128    64.323    64.323  2 55524.87359589 42.481
  89  84.241048  57.256102    66.303    66.695  3 55534.78924324 24.681
  90  84.240624  57.256076    65.362    65.362  2 55544.70488887 24.320
  91  84.240058  57.256268    64.874    64.336  3 55554.62053270 24.346
  92  84.239598  57.256969    66.265    66.265  2 55564.53617573 21.393
  93  84.240111  57.257002    67.100    67.100  2 55574.45181819 20.305
  94  84.242715  57.256412    67.314    67.162  3 55584.36745926 20.337
  95  84.246673  57.255391    66.965    66.965  2 55594.28309698 21.195
  96  84.251875  57.255232    63.902    63.902  2 55604.19873157 22.750
  97  84.253851  57.254625    63.926    63.926  2 55614.11436360 26.259
  98  84.253188  57.254586    64.113    64.113  2 55624.03000155 24.969
  99  84.248646  57.254848    64.356    64.356  2 55633.94565362 26.609
 100  84.247788  57.255461    64.452    64.398  3 55643.86130382 26.613
 101  84.249010  57.255853    64.428    64.428  2 55653.77695134 19.748
 102  84.249864  57.255272    65.299    65.299  2 55663.69259429 39.919
 103  84.249432  57.255047    69.931    69.931  2 55673.60823429 49.739
 104  84.248415  57.255431    69.453    69.408  3 55683.52387293 31.886
 105  84.247709  57.255851    69.779    69.779  2 55693.43951033 29.795
 106  84.248138  57.255887    68.444    68.444  2 55703.35514628 52.401
 107  84.245679  57.255039    69.239    69.239  2 55713.27079068 30.962
 108  84.243041  57.255188    66.827    66.827  2 55723.18643978 48.688
 109  84.242156  57.256356    68.843    68.865  3 55733.10208715 19.840
 110  84.241143  57.256852    65.555    65.570  3 55743.01773306 33.373
 111  84.240987  57.256485    65.380    65.251  3 55752.93337752 53.291
 112  84.245405  57.256440    65.042    65.042  2 55762.84902015 34.662
 113  84.248648  57.255374    64.431    64.431  2 55772.76465973 48.735
 114  84.250821  57.254468    64.129    64.293  3 55782.68029580 49.686
 115  84.252188  57.254716    63.821    63.834  3 55792.59592953 43.727
 116  84.251596  57.254414    63.558    63.442  3 55802.51156380 41.547
 117  84.249788  57.255290    64.588    64.588  2 55812.42721393 49.258
 118  84.249449  57.255088    63.506    63.514  3 55822.34286237 47.343
 119  84.251120  57.254611    65.513    65.513  2 55832.25850615 35.210
 120  84.252509  57.254154    65.508    65.508  2 55842.17414540 36.964
 121  84.252634  57.254394    64.855    63.661  3 55852.08978147 36.568
 122  84.252000  57.255178    67.623    67.623  2 55862.00541529 31.635
 123  84.246470  57.255982    65.558    65.558  2 55871.92106935 29.998
 133  84.247407  57.255299    66.231    66.231  2 55971.07750855 24.499
 134  84.244638  57.254783    63.101    63.101  2 55980.99314420 26.616
 135  84.249546  57.255555    64.590    64.590  2 55990.90877954 26.274
 136  84.250722  57.254703    63.640    63.640  2 56000.82442466 25.049
 137  84.252357  57.254963    63.614    63.614  2 56010.74007506 22.727
 138  84.250656  57.254989    63.897    63.897  2 56020.65572128 29.252
 139  84.247794  57.256046    67.182    67.182  2 56030.57136470 54.344
 141  84.242405  57.256552    69.559    69.640  3 56050.40264542 25.815
 142  84.244176  57.256060    69.177    69.019  3 56060.31828235 27.745
 143  84.246895  57.254773    65.239    65.239  2 56070.23391899 45.360
 144  84.244478  57.254915    64.745    64.745  2 56080.14956969 45.168
 145  84.242624  57.256252    64.143    64.143  2 56090.06521783 50.954
 146  84.239519  57.256441    63.912    63.912  2 56099.98086316 51.168
 147  84.241862  57.256868    63.596    63.597  3 56109.89649493 39.157
 148  84.247366  57.256133    63.644    63.644  2 56119.81213533 47.878
 149  84.253268  57.254799    64.312    64.312  2 56129.72777203 48.930
 150  84.256792  57.254406    64.059    64.059  2 56139.64340559 37.273
 151  84.250057  57.254675    63.529    63.516  3 56149.55905499 42.251
 152  84.245942  57.256215    63.424    63.424  2 56159.47470408 33.251
 153  84.243536  57.255981    63.616    63.735  3 56169.39035173 48.859
 154  84.246059  57.255232    63.360    63.360  2 56179.30599636 40.222
 155  84.251389  57.255384    63.718    63.718  2 56189.22163713 34.337
 156  84.252100  57.254926    65.693    65.693  2 56199.13727413 32.058
 157  84.249358  57.254813    63.680    63.615  3 56209.05290808 41.358
 158  84.247130  57.255162    64.092    64.092  2 56218.96854032 43.449
 159  84.243937  57.255609    66.279    66.279  2 56228.88418692 32.640
 160  84.243617  57.255949    64.217    64.274  3 56238.79984064 41.714
 161  84.244737  57.256268    64.641    64.641  2 56248.71549066 37.201
 162  84.243929  57.255579    64.060    64.060  2 56258.63113552 26.685
 163  84.242627  57.255947    66.168    66.092  3 56268.54677759 22.179
 164  84.243228  57.256932    67.287    67.287  2 56278.46241827 20.880
 165  84.241324  57.256638    67.110    67.110  2 56288.37806765 19.630
 166  84.243943  57.256060    67.459    67.343  3 56298.29371681 19.738
 167  84.247462  57.255361    67.464    67.464  2 56308.20936206 18.831
 168  84.249077  57.255313    67.630    67.604  3 56318.12500454 18.351
 169  84.246250  57.255795    67.780    67.780  2 56328.04064531 18.835
 170  84.243646  57.256193    65.225    65.928  3 56337.95628504 21.456
 171  84.244428  57.255933    65.537    65.969  3 56347.87192310 20.308
 172  84.248201  57.254485    68.029    68.029  2 56357.78755854 16.467
 173  84.250720  57.255024    64.172    64.172  2 56367.70320810 18.385
 176  84.239310  57.256828    65.932    65.932  2 56397.45014467 28.604
 177  84.239204  57.257500    68.894    68.886  3 56407.36578602 32.381
 178  84.241680  57.256749    70.493    70.493  2 56417.28142352 34.513
 179  84.245808  57.255046    70.431    70.431  2 56427.19705628 35.457
 180  84.245431  57.255756    69.812    69.812  2 56437.11270847 31.476
 181  84.243336  57.256922    69.648    69.648  2 56447.02835990 31.247
 182  84.240139  57.257168    69.264    69.264  2 56456.94400879 31.409
 183  84.239817  57.256857    67.579    67.579  2 56466.85965463 53.219
 184  84.242190  57.255685    66.994    66.994  2 56476.77529662 41.811
 185  84.249485  57.255976    66.962    66.962  2 56486.69093566 45.973
 187  84.251778  57.255322    66.032    66.032  2 56506.52220599 49.008
 188  84.250170  57.254909    66.332    66.360  3 56516.43784064 49.481
 189  84.246570  57.255224    68.152    68.152  2 56526.35349509 24.823
 190  84.247028  57.255435    68.347    68.347  2 56536.26914573 24.565
 192  84.247670  57.256264    67.537    67.537  2 56556.10043657 26.982
 193  84.242208  57.255518    64.460    64.460  2 56566.01607862 46.292
 194  84.240998  57.256805    67.462    67.462  2 56575.93171996 25.517
 195  84.241103  57.256562    64.914    64.914  2 56585.84735796 41.664
 196  84.243038  57.255426    66.288    66.288  2 56595.76299571 31.721
 197  84.243859  57.256183    66.005    65.619  3 56605.67864828 45.408
 198  84.244062  57.256538    65.046    65.046  2 56615.59429597 47.210
 199  84.242465  57.255975    63.958    63.944  3 56625.50993982 44.309
 200  84.242848  57.255946    64.354    64.354  2 56635.42558121 50.432
 201  84.245047  57.255449    64.946    64.946  2 56645.34122018 26.224
 202  84.246653  57.256326    66.029    66.029  2 56655.25687321 22.707
 203  84.247681  57.256172    66.779    66.779  2 56665.17252168 19.955
 205  84.243929  57.255557    66.522    66.522  2 56685.00381126 22.865
 206  84.243504  57.256156    66.756    66.449  3 56694.91945365 18.485
 207  84.244945  57.255806    66.802    66.802  2 56704.83509159 19.608
 208  84.248207  57.254717    67.826    67.826  2 56714.75072418 16.410
 209  84.248086  57.256043    65.263    65.263  2 56724.66637577 19.983
 210  84.242627  57.255806    68.570    68.570  2 56734.58202526 14.421
 211  84.240144  57.257385    65.028    65.017  3 56744.49767203 26.772
 212  84.238240  57.257307    68.787    68.787  2 56754.41331435 40.254
 213  84.239551  57.256234    69.006    69.009  3 56764.32895131 53.026
 214  84.243439  57.255667    69.723    69.723  2 56774.24458758 29.864
 215  84.241034  57.256287    67.698    67.698  2 56784.16024458 52.244
 216  84.239368  57.257486    69.448    69.413  3 56794.07589800 26.718
 217  84.237179  57.257768    69.527    69.561  3 56803.99154786 26.606
 218  84.238662  57.257276    68.781    68.836  3 56813.90719047 38.777
 219  84.242634  57.256734    68.328    68.328  3 56823.82282981 55.528
 220  84.245251  57.255141    68.472    68.472  2 56833.73846485 49.527
 221  84.249434  57.254853    67.729    67.675  3 56843.65409686 49.993
 222  84.249215  57.255306    67.084    67.093  3 56853.56973939 48.386
 223  84.246666  57.256510    65.908    65.908  2 56863.48539339 42.122
 224  84.243044  57.256287    65.258    65.258  2 56873.40104654 47.792
 225  84.242680  57.256602    65.367    65.405  3 56883.31669690 37.878
 226  84.241961  57.256401    65.021    65.021  2 56893.23234373 45.282
 227  84.240000  57.256308    64.347    64.279  3 56903.14798722 43.131
 228  84.238241  57.257465    63.805    63.851  3 56913.06362887 49.732
 229  84.235713  57.257094    63.584    63.566  3 56922.97926847 35.035
 230  84.237053  57.256744    63.653    63.612  3 56932.89490602 50.325
 231  84.242770  57.256321    66.712    66.712  2 56942.81053867 27.958
 232  84.243413  57.255113    66.282    66.282  2 56952.72618321 34.042
 233  84.243682  57.256231    66.370    66.229  3 56962.64183404 50.804
 234  84.241195  57.256460    65.512    65.512  2 56972.55747973 48.470
 235  84.240637  57.256400    66.416    66.502  3 56982.47312141 27.910
 236  84.244568  57.256137    67.963    67.963  2 56992.38875894 21.731
 237  84.250642  57.255012    66.397    66.397  2 57002.30439373 23.817
 238  84.249164  57.254832    66.347    66.347  2 57012.22005085 24.204
 239  84.248605  57.255898    66.427    66.427  2 57022.13570247 22.984
 240  84.244782  57.256518    65.199    65.199  2 57032.05135082 25.663
 241  84.241599  57.256497    65.686    65.686  2 57041.96699699 22.794
 242  84.241433  57.256240    65.447    65.447  2 57051.88264123 22.571
 243  84.246345  57.256471    66.507    66.507  2 57061.79828174 17.957
 244  84.247445  57.254874    65.981    65.981  2 57071.71391626 18.176
 245  84.249057  57.255028    66.377    66.377  2 57081.62954699 17.554
 246  84.245632  57.256257    64.891    64.891  2 57091.54519089 24.138
 247  84.237335  57.256547    64.703    64.689  3 57101.46084773 27.046
 248  84.235551  57.256802    64.940    64.940  3 57111.37650183 21.696
 249  84.240438  57.257262    65.792    65.767  3 57121.29215078 27.735
 250  84.242762  57.256203    70.955    70.955  2 57131.20779356 38.859
