# NaN NaN NaN ;Mean Elev.(m), Avg Gradient(m/km), RMS Gradient(m/km) - SRTM1     
#   -5.559  -0.234   1.824 ;Mean Elev.(m), Avg Gradient(m/km), RMS Gradient(m/km) - ASTER GDEM
#    2.650   0.086   4.932 ;Mean Elev.(m), Avg Gradient(m/km), RMS Gradient(m/km) - GMTED2010 
   2  65.892017  64.394020    10.610    10.716  5 54672.36965589 41.360
   3  65.892222  64.394911    -2.405    -2.298  5 54682.28529950 16.581
   5  65.892640  64.395935    -1.402    -1.289  5 54702.11658196 17.640
   6  65.891534  64.394419     8.053     8.129  4 54712.03223007 38.800
   7  65.896325  64.391494     7.454     6.871  4 54721.94788180 50.984
   8  65.893500  64.390315     7.209     6.545  4 54731.86353011 35.760
   9  65.895855  64.389816     6.599     6.754  4 54741.77917718 40.969
  10  65.896634  64.390110     7.043     6.240  4 54751.69482390 36.397
  11  65.893369  64.390743     9.836     9.859  4 54761.61047000 27.267
  12  65.894663  64.389713     9.701     9.685  3 54771.52611422 26.651
  13  65.893728  64.389163     7.119     6.939  4 54781.44175514 40.905
  14  65.896439  64.388659     6.693     6.698  4 54791.35739386 36.526
  17  65.892185  64.393349     9.595     9.608  4 54821.10430858 17.143
  18  65.892134  64.392954     9.999    10.001  4 54831.01996086 14.975
  19  65.895267  64.392127    10.157    10.174  4 54840.93559997 14.605
  20  65.893124  64.392901    10.297    10.262  5 54850.85124869 13.974
  21  65.892741  64.394031    10.465    10.469  4 54860.76689710 14.621
  22  65.892987  64.394589    10.435    10.465  5 54870.68254567 13.401
  23  65.894694  64.393264    10.239    10.241  4 54880.59819313 11.926
  24  65.894923  64.390964    10.269    10.252  4 54890.51383732 12.661
  25  65.893958  64.388947    10.201    10.298  4 54900.42947838 12.334
  26  65.895909  64.388492    10.603    10.612  3 54910.34511761 13.042
  27  65.893069  64.390479    10.731    10.720  4 54920.26075503 14.281
  28  65.895148  64.391548    10.853    10.843  4 54930.17639256 12.511
  29  65.896031  64.391259    11.001    10.998  4 54940.09202896 12.621
  30  65.894274  64.390449     7.995     7.981  4 54950.00766353 13.511
  31  65.894706  64.389383     7.787     7.786  4 54959.92330274 44.679
  32  65.895024  64.389645    10.651    10.638  4 54969.83895136 43.845
  33  65.891977  64.391605    11.391    11.387  4 54979.75459831 43.772
  34  65.893355  64.392560    11.169    11.156  4 54989.67024553 29.383
  35  65.895653  64.392107    11.074    11.066  4 54999.58589293 32.792
  36  65.893593  64.392139    10.973    10.980  5 55009.50153811 32.129
  37  65.895926  64.391688    10.863    10.806  4 55019.41718205 44.858
  38  65.892987  64.393233    10.521    10.392  5 55029.33282410 36.854
  39  65.891746  64.394809     9.996    10.009  4 55039.24846573 34.351
  40  65.891316  64.395837     9.331     9.304  4 55049.16410622 28.088
  41  65.893648  64.394563     9.540     9.533  4 55059.07974507 23.295
  42  65.895727  64.391801     7.575     7.497  4 55068.99538495 39.738
  43  65.895447  64.389149     7.424     7.353  4 55078.91103493 47.846
  44  65.894219  64.388716     9.062     9.714  4 55088.82668246 25.079
  45  65.894436  64.389951     7.711     7.613  4 55098.74232856 29.858
  46  65.892403  64.391835     9.702     9.618  4 55108.65797387 21.703
  47  65.896211  64.390956     6.090     6.163  4 55118.57361884 40.266
  48  65.893400  64.389466     9.607     9.626  4 55128.48926088 24.261
  49  65.894619  64.387492     6.173     6.231  3 55138.40490124 36.587
  50  65.894853  64.387956     5.027     5.029  4 55148.32053985 38.323
  51  65.892247  64.391067     5.221     5.224  4 55158.23617752 35.209
  52  65.892238  64.393581     5.465     5.475  5 55168.15181527 26.331
  53  65.892257  64.394529     6.292     6.438  4 55178.06745244 17.962
  54  65.893762  64.393198     6.787     6.600  4 55187.98309744 15.705
  55  65.892858  64.392356     6.596     6.839  4 55197.89874824 15.537
  56  65.890971  64.393134     7.556     7.753  4 55207.81439777 13.761
  57  65.891425  64.394445     7.555     7.378  4 55217.73004689 14.043
  58  65.893794  64.394297     9.771     9.782  4 55227.64569559 13.654
  59  65.894956  64.392507     9.883     9.913  4 55237.56134145 13.640
  60  65.894604  64.389768    10.183    10.167  4 55247.47698375 13.942
  61  65.896366  64.387368    10.565    10.565  4 55257.39262377 14.240
  62  65.897309  64.387484    10.396    10.386  3 55267.30826268 14.927
  63  65.892621  64.390463    10.548    10.506  4 55277.22390035 15.713
  64  65.893441  64.392167    10.761    10.776  4 55287.13953749 14.711
  65  65.892192  64.392585    10.687    10.715  4 55297.05517224 15.339
  66  65.894652  64.390178     8.715     9.377  3 55306.97081390  8.293
  67  65.895118  64.388145     9.086     9.831  4 55316.88646078 37.930
  68  65.895027  64.388389    10.011    10.045  3 55326.80210616 38.720
  69  65.895229  64.390535    10.553    10.427  4 55336.71775039 37.521
  70  65.892990  64.393089    10.602    10.581  4 55346.63339389 34.104
  71  65.891442  64.394013    10.550    10.557  4 55356.54903619 38.186
  72  65.892798  64.393339    10.408    10.412  5 55366.46467689 42.578
  73  65.892740  64.392890    10.393    10.412  4 55376.38031598 37.276
  74  65.892247  64.393624    10.359    10.316  5 55386.29595405 41.061
  75  65.891849  64.394900    10.278    10.287  5 55396.21159121 37.912
  76  65.891043  64.395673    10.070    10.046  5 55406.12723247 38.044
  77  65.892769  64.393757    10.031    10.057  4 55416.04288413 34.758
  78  65.893499  64.390761     9.623     9.618  4 55425.95853246 26.927
  79  65.895944  64.388160     9.870     9.881  4 55435.87417821 26.399
  80  65.896241  64.387938     9.802     9.805  3 55445.78982219 23.066
  81  65.895659  64.389540     9.706     9.715  4 55455.70546519 22.964
  82  65.896197  64.391184     9.588     9.578  4 55465.62110756 25.009
  83  65.894577  64.391644     9.569     9.585  4 55475.53674685 30.145
  84  65.894850  64.390230     9.686     9.700  4 55485.45238337 24.869
  85  65.896191  64.388598     9.806     9.817  3 55495.36801792 25.036
  86  65.895840  64.389449     9.356     9.301  4 55505.28365176 28.894
  87  65.891841  64.391818     6.904     6.214  4 55515.19930178 26.019
  88  65.892970  64.393583     5.960     6.001  5 55525.11495143 36.439
  89  65.892433  64.394206     5.262     5.264  5 55535.03059909 34.511
  90  65.895110  64.392975     5.559     5.557  4 55544.94624516 27.135
  91  65.893675  64.392523     5.453     5.456  4 55554.86188888 27.906
  92  65.893156  64.392857     5.438     5.377  5 55564.77753162 22.127
  93  65.892765  64.393589     5.222     5.260  4 55574.69317372 20.319
  94  65.893575  64.393225     4.974     4.960  4 55584.60881445 22.282
  95  65.894176  64.391982     5.085     5.061  4 55594.52445185 16.388
  96  65.893646  64.390743     9.185     9.641  4 55604.44008587 17.411
  97  65.892416  64.390558     7.423     7.714  4 55614.35571770 17.119
  98  65.892420  64.391161     9.939     9.932  4 55624.27135632 14.634
  99  65.891464  64.391799    10.154    10.173  4 55634.18700885 14.132
 100  65.894836  64.391406     9.974    10.094  4 55644.10265962 13.567
 101  65.892045  64.391382     8.751     9.175  4 55654.01830696 12.779
 102  65.893900  64.389951     8.696    10.025  4 55663.93395035 25.272
 103  65.895434  64.389129     8.160     7.514  3 55673.84959064 39.562
 104  65.894050  64.390029    10.256    10.146  4 55683.76522894 46.780
 105  65.892515  64.392197    10.532    10.531  4 55693.68086581 37.680
 106  65.891300  64.394452    10.525    10.528  4 55703.59650123 38.659
 107  65.891143  64.395098    10.420    10.426  4 55713.51214615 35.673
 108  65.894208  64.394001    10.324    10.340  4 55723.42779570 34.886
 109  65.892086  64.393858    10.284    10.298  4 55733.34344276 38.671
 110  65.892564  64.393665    10.087    10.111  5 55743.25908884 36.280
 111  65.893480  64.393311     9.361     9.376  4 55753.17473360 31.066
 112  65.891973  64.392755     9.451     9.443  4 55763.09037589 27.499
 113  65.894362  64.391091     8.399     8.394  4 55773.00601581 28.082
 114  65.892812  64.390136     8.897     9.148  4 55782.92165183 25.376
 115  65.894060  64.390278     9.414     9.454  4 55792.83728542 20.600
 116  65.893593  64.391706     9.168     9.179  4 55802.75291981 21.600
 117  65.893152  64.392296     5.790     5.826  4 55812.66856956 35.926
 118  65.896057  64.391488     6.405     6.392  4 55822.58421800 41.588
 119  65.893463  64.391073     9.325     9.417  4 55832.49986112 23.725
 120  65.892832  64.390539     9.413     9.380  4 55842.41550005 20.468
 121  65.894974  64.390603     9.319     9.291  4 55852.33113615 23.823
 122  65.893317  64.392647     8.825     8.962  5 55862.24677018 22.448
 123  65.893744  64.393318     5.704     5.687  4 55872.16242468 36.388
 133  65.896219  64.389387     4.524     4.533  4 55971.31886375 17.499
 134  65.893515  64.391898     7.651     7.235  4 55981.23449951 15.515
 135  65.892701  64.393120     6.186     6.637  4 55991.15013431 15.734
 136  65.894988  64.391843     7.373     7.488  4 56001.06578046 15.846
 137  65.894116  64.390034     9.078     9.229  4 56010.98143091 16.241
 138  65.896447  64.388906    10.522    10.555  4 56020.89707771  6.530
 139  65.896644  64.389719     9.716     9.772  4 56030.81272116 12.631
 141  65.892091  64.394016    10.025     9.867  5 56050.64400110 34.123
 142  65.891236  64.394922    10.239    10.095  5 56060.55963751 38.864
 143  65.892177  64.394477     9.729     9.738  5 56070.47527451 35.092
 144  65.892402  64.393581     9.677     9.680  4 56080.39092540 33.303
 145  65.892741  64.393566     9.453     9.538  5 56090.30657359 26.835
 146  65.892335  64.394358     8.858     9.060  5 56100.22221922 41.005
 147  65.891363  64.394178     8.542     8.421  4 56110.13785080 41.628
 148  65.892291  64.392322     9.436     9.451  4 56120.05349113 21.834
 149  65.895707  64.389769     9.422     9.421  4 56129.96912807 22.527
 150  65.893375  64.389564     9.652     9.650  4 56139.88476116 20.570
 151  65.892724  64.390472     9.599     9.606  4 56149.80041138 19.795
 152  65.894385  64.392044     5.291     5.163  4 56159.71606040 33.176
 153  65.894525  64.392783     9.206     9.211  4 56169.63170794 20.972
 154  65.893792  64.391654     9.056     9.112  3 56179.54735202 19.048
 155  65.895449  64.389589     5.657     5.855  3 56189.46299223 24.639
 156  65.895153  64.389178     9.333     9.326  4 56199.37862906 18.949
 157  65.891873  64.391791     5.289     5.345  4 56209.29426280 37.125
 158  65.891085  64.395019     5.791     5.738  5 56219.20989498 29.567
 159  65.891360  64.396387     8.940     8.934  4 56229.12554245 20.662
 160  65.891742  64.395417     4.835     4.823  4 56239.04119633 42.405
 161  65.891132  64.393973     4.252     4.245  4 56248.95684625 35.938
 162  65.894366  64.392468     4.805     4.805  4 56258.87249162 23.198
 163  65.890941  64.393681     6.266     6.534  4 56268.78813320 17.930
 164  65.892028  64.394324     6.987     7.362  4 56278.70377350 17.428
 165  65.893750  64.393710     6.826     6.752  4 56288.61942334 16.279
 166  65.892949  64.391679     6.806     6.802  4 56298.53507209 15.067
 167  65.896299  64.388594     7.493     7.539  4 56308.45071738 14.617
 168  65.896433  64.387470     6.395     6.363  4 56318.36635973 13.873
 169  65.893477  64.389494     5.427     5.510  4 56328.28200041 13.460
 170  65.891132  64.392413     7.677     7.629  4 56338.19764014 12.411
 171  65.892130  64.393816    10.044    10.057  5 56348.11327840 12.416
 172  65.891947  64.393170    10.115    10.129  4 56358.02891393 12.545
 173  65.895725  64.389945    10.480    10.496  4 56367.94456431 13.268
 175  65.895370  64.390349    10.568    10.552  4 56387.77585793 12.333
 176  65.894251  64.393358    10.913    10.937  4 56397.69150096 11.837
 177  65.892049  64.395591     6.878     6.891  4 56407.60714162 18.234
 178  65.892971  64.395449     8.626     9.171  4 56417.52277880 43.006
 179  65.893704  64.394356    10.653    10.630  4 56427.43841137 38.466
 180  65.893331  64.392742    10.774    10.800  5 56437.35406410 47.273
 181  65.892475  64.392567    10.515    10.507  4 56447.26971556 38.118
 182  65.893177  64.393143    10.502    10.505  4 56457.18536489 37.854
 183  65.894619  64.392641    10.430    10.426  4 56467.10101117 36.271
 184  65.892335  64.391599    10.557    10.554  4 56477.01665311 54.807
 185  65.896247  64.389079    10.485    10.481  4 56486.93229203 33.341
 187  65.892653  64.390896    10.381    10.350  4 56506.76356148 43.121
 188  65.892905  64.393523    10.042    10.067  4 56516.67919647 37.639
 189  65.892645  64.394031     9.129     9.220  5 56526.59485081 34.797
 190  65.891008  64.393260     9.684     9.718  4 56536.51050094 30.025
 192  65.893955  64.390120     7.166     6.557  4 56556.34179167 41.650
 193  65.894781  64.391340     9.533     9.550  4 56566.25743437 23.826
 194  65.892298  64.394335     9.390     9.331  5 56576.17307530 23.108
 195  65.891585  64.396383     9.237     9.234  4 56586.08871320 16.549
 196  65.892807  64.396247     6.234     6.185  5 56596.00435168 30.569
 197  65.891087  64.394501     7.097     7.099  4 56605.92000400 44.893
 198  65.892584  64.392746     7.124     7.119  4 56615.83565172 32.904
 199  65.891837  64.392747     6.503     6.478  4 56625.75129547 33.684
 200  65.892640  64.393103     5.755     5.734  4 56635.66693656 27.886
 201  65.893745  64.393232     5.910     5.954  4 56645.58257564 25.999
 202  65.892181  64.391947     6.600     6.111  4 56655.49822806 24.043
 203  65.895340  64.389564     6.920     5.915  3 56665.41387671 21.646
 205  65.893668  64.390054     9.858     9.883  4 56685.24516662 14.572
 206  65.895299  64.391463     9.174     9.302  4 56695.16080921 14.966
 207  65.893454  64.393068     9.814     9.809  4 56705.07644698 15.120
 208  65.890934  64.393599     9.865     9.859  4 56714.99207931 15.456
 209  65.894341  64.391387     9.937     9.856  4 56724.90773186 15.431
 211  65.894018  64.392133    10.904    10.889  4 56744.73902821 12.165
 212  65.892015  64.394444    10.880    10.934  5 56754.65467007 11.756
 213  65.890876  64.395970     4.734     4.724  5 56764.57030654 33.650
 214  65.890356  64.395828     5.678     5.683  5 56774.48594300 25.005
 215  65.892074  64.393695     9.971     9.972  4 56784.40160033 40.745
 216  65.893460  64.392186    10.905    10.912  4 56794.31725398 33.442
 217  65.891560  64.392006    11.084    11.090  4 56804.23290381 32.345
 219  65.892399  64.391388    11.377    11.402  4 56824.06418586 29.884
 220  65.894301  64.390592    11.394    11.351  3 56833.97982131 39.401
 221  65.891959  64.391168    11.400    11.380  4 56843.89545279 37.210
 222  65.895447  64.391009    11.368    11.324  4 56853.81109610 33.542
 223  65.892478  64.391759    11.120    11.106  4 56863.72674957 31.373
 224  65.896134  64.391314    11.048    11.017  4 56873.64240313 42.090
 225  65.894762  64.391325    10.438    10.361  4 56883.55805303 35.464
 226  65.893444  64.391179     9.919     9.931  4 56893.47369961 29.688
 227  65.893908  64.390906     9.878     9.896  3 56903.38934320 25.096
 228  65.894913  64.391497     9.977     9.732  4 56913.30498485 29.439
 229  65.892666  64.393262     9.391     9.478  5 56923.22062445 32.762
 230  65.893088  64.394683     9.541     9.612  5 56933.13626192 31.295
 231  65.891891  64.395663     8.399     8.308  5 56943.05189399 31.684
 232  65.893014  64.394635     7.309     7.321  4 56952.96753955 42.017
 233  65.893185  64.393220     7.139     7.132  4 56962.88319025 26.648
 234  65.892118  64.392982     6.592     6.545  4 56972.79883585 25.714
 235  65.892216  64.393298     7.707     7.640  4 56982.71447724 16.211
 236  65.894446  64.393074     7.651     7.625  4 56992.63011424 26.302
 237  65.895530  64.392252     7.632     7.652  4 57002.54574915 20.552
 238  65.894086  64.390501     9.953     9.951  4 57012.46140610 13.303
 239  65.894168  64.389679    10.144    10.119  4 57022.37705754 14.466
 240  65.893400  64.390810    10.364    10.352  4 57032.29270606 15.168
 241  65.891598  64.392389    10.437    10.407  4 57042.20835239 13.448
 242  65.893135  64.392678    10.528    10.548  4 57052.12399696 13.202
 243  65.895595  64.391765    10.809    10.834  4 57062.03963740 12.653
 244  65.895409  64.391568    10.753    10.760  4 57071.95527215 12.343
 245  65.893854  64.392884    10.478    10.464  4 57081.87090250 12.230
 246  65.893772  64.394459    10.704    10.725  4 57091.78654704 13.096
 247  65.891269  64.395874    10.964    10.984  5 57101.70220402 10.892
 248  65.893134  64.395498    10.989    10.961  5 57111.61785813 11.397
 249  65.893721  64.394118    10.858    10.842  4 57121.53350639  6.232
 250  65.891356  64.392945    10.532    10.633  4 57131.44914875  9.553
