# NaN NaN NaN ;Mean Elev.(m), Avg Gradient(m/km), RMS Gradient(m/km) - SRTM1     
#  -12.836  -2.127   6.596 ;Mean Elev.(m), Avg Gradient(m/km), RMS Gradient(m/km) - ASTER GDEM
#    4.020  -0.766   6.082 ;Mean Elev.(m), Avg Gradient(m/km), RMS Gradient(m/km) - GMTED2010 
   2  65.881551  66.065731     5.923     5.869  8 54670.33803886 44.059
   3  65.881726  66.066508     0.093     0.170  8 54680.25368284 18.324
   4  65.879130  66.067684     5.241     5.093  8 54690.16932542 27.891
   5  65.878892  66.068140     1.983     1.979  8 54700.08496601 31.598
   6  65.880952  66.066979     4.543     4.263  8 54710.00061149 31.852
   7  65.884360  66.065117     4.216     4.371  8 54719.91626319 30.033
   8  65.885575  66.063392     2.816     2.798  8 54729.83191204 37.410
   9  65.884744  66.063003     3.793     3.856  9 54739.74755909 32.327
  10  65.882429  66.063548     5.143     5.004  8 54749.66320598 24.345
  11  65.881002  66.064198     3.273     3.508  8 54759.57885274 22.771
  12  65.883634  66.064051     3.765     3.806  8 54769.49449754 33.665
  13  65.883187  66.063300     2.898     2.912  8 54779.41013872 38.799
  14  65.886275  66.062273     2.488     2.502  9 54789.32577773 34.858
  15  65.887201  66.062287     2.315     2.318  9 54799.24141548 22.832
  17  65.881737  66.065084     2.838     2.632  8 54819.07269017 14.172
  18  65.881104  66.065776     2.991     2.896  8 54828.98834240 13.505
  19  65.883500  66.065809     3.204     3.326  8 54838.90398147 13.419
  20  65.883942  66.066072     3.939     3.962  8 54848.81963065 12.824
  21  65.880983  66.066844     4.403     4.385  8 54858.73527900 13.351
  22  65.882408  66.067463     3.623     3.734  8 54868.65092788 11.745
  23  65.880946  66.067059     4.317     4.380  7 54878.56657564 11.937
  24  65.879122  66.065594     3.888     3.974  8 54888.48222028 11.820
  25  65.885267  66.063544     5.051     5.004  8 54898.39786239 13.354
  26  65.884950  66.062901     4.900     4.988  9 54908.31350139 11.745
  27  65.883775  66.063550     5.059     4.988  9 54918.22913904 12.125
  28  65.879815  66.064455     5.114     5.057  8 54928.14477628 12.536
  29  65.880949  66.064279     5.250     5.203  8 54938.06041331 11.995
  30  65.884046  66.063393     6.037     6.071  9 54947.97604879  8.574
  31  65.884954  66.062570     2.897     2.901  9 54957.89168443 26.188
  32  65.888071  66.062466     4.769     4.749  9 54967.80733323 29.319
  33  65.885002  66.063426     6.811     6.820  9 54977.72298040 54.133
  34  65.881400  66.064506     6.514     6.443  8 54987.63862754 31.903
  35  65.883708  66.064893     6.810     6.862  8 54997.55427538 39.169
  36  65.879136  66.065275     6.110     6.014  8 55007.46992085 31.819
  37  65.883519  66.065482     5.928     5.961  8 55017.38556508 27.715
  38  65.883102  66.066297     5.860     5.757  8 55027.30120746 26.761
  39  65.882081  66.067415     5.565     5.566  8 55037.21684931 53.121
  40  65.879809  66.067851     5.231     5.352  8 55047.13249006 27.340
  41  65.881213  66.066720     4.398     4.254  7 55057.04812926 30.080
  42  65.882115  66.064566     4.487     4.454  8 55066.96376619 28.684
  43  65.883073  66.062826     3.249     3.217  9 55076.87941669 50.950
  44  65.886599  66.062563     3.590     3.880  9 55086.79506479 32.939
  45  65.885692  66.063634     3.297     3.079  8 55096.71071082 30.054
  46  65.882228  66.064580     3.731     3.815  7 55106.62635625 32.064
  47  65.883377  66.064085     3.970     3.818  8 55116.54200167 27.088
  48  65.883681  66.062643     4.521     4.523  9 55126.45764470 25.439
  49  65.888944  66.061445     2.850     2.842  9 55136.37328578 33.996
  50  65.885047  66.061881     2.027     1.951  9 55146.28892399 42.369
  51  65.885506  66.063518     1.612     1.567  8 55156.20456186 32.182
  52  65.880211  66.065124     1.786     1.808  8 55166.12019931 26.773
  53  65.881230  66.065793     1.973     1.975  8 55176.03583709 20.864
  54  65.880265  66.065424     2.031     2.015  8 55185.95147883 15.790
  55  65.882972  66.065219     1.977     1.949  8 55195.86713014 15.309
  56  65.880522  66.066126     2.498     2.505  8 55205.78277970 14.496
  57  65.881204  66.067472     2.175     2.018  7 55215.69842890 13.712
  58  65.879765  66.067841     2.238     2.051  8 55225.61407737 12.566
  59  65.881952  66.066150     2.156     2.091  8 55235.52972402 12.978
  60  65.883941  66.063391     2.198     2.092  9 55245.44536735 12.502
  61  65.888908  66.061300     2.258     2.269  9 55255.36100816 12.379
  62  65.888449  66.061777     3.207     3.059  9 55265.27664695 13.015
  63  65.882273  66.064066     3.734     3.584  8 55275.19228435 13.583
  64  65.879185  66.065455     4.982     5.043  8 55285.10792129 14.840
  65  65.882117  66.064549     3.770     3.934  8 55295.02355701 12.963
  66  65.885148  66.062342     5.687     5.490  9 55304.93919603 16.989
  67  65.888657  66.060873     2.367     2.158 10 55314.85484362 17.168
  68  65.887360  66.061811     3.862     3.863  9 55324.77048897 36.604
  69  65.882855  66.064139     6.590     6.627  9 55334.68613273 45.903
  70  65.880102  66.065893     5.958     6.076  8 55344.60177636 29.159
  71  65.882523  66.065895     5.889     5.819  8 55354.51741974 28.750
  72  65.882995  66.065349     5.769     5.764  8 55364.43306089 26.788
  73  65.881766  66.065222     5.658     5.606  7 55374.34870023 24.403
  74  65.881564  66.066127     5.494     5.589  7 55384.26433848 24.542
  75  65.881952  66.067222     5.529     5.375  8 55394.17997594 24.743
  76  65.880953  66.067658     5.363     5.428  7 55404.09561373 23.685
  77  65.881544  66.066065     5.300     5.378  7 55414.01126551 25.025
  78  65.883220  66.063397     5.080     5.052  9 55423.92691443 26.111
  79  65.887027  66.061284     4.495     4.482  9 55433.84256091 44.186
  80  65.885536  66.061666     3.925     3.637  9 55443.75820524 32.507
  81  65.885687  66.063405     4.217     4.145  8 55453.67384839 28.062
  82  65.883386  66.065150     3.939     3.727  8 55463.58949050 30.651
  83  65.879360  66.064830     3.749     4.061  8 55473.50513021 33.459
  84  65.884462  66.062713     4.226     4.462  9 55483.42076793 27.741
  85  65.888127  66.060892     3.489     3.402 10 55493.33640339 30.754
  86  65.887889  66.061627     2.098     2.060  9 55503.25203711 22.668
  87  65.885043  66.064059     3.010     3.023  8 55513.16768404 41.593
  88  65.883437  66.066226     2.386     2.417  8 55523.08333344 31.779
  89  65.882164  66.066748     1.804     1.794  8 55532.99898135 24.500
  90  65.883642  66.065763     1.848     1.858  8 55542.91462781 22.887
  91  65.880902  66.065148     1.971     1.979  8 55552.83027187 21.546
  92  65.881303  66.065657     2.162     2.082  8 55562.74591494 19.486
  93  65.879566  66.066819     2.375     2.379  8 55572.66155715 18.438
  94  65.881990  66.066864     2.173     2.000  7 55582.57719848 19.196
  95  65.883634  66.065256     2.697     2.732  8 55592.49283643 18.814
  96  65.882850  66.062999     3.116     3.250  9 55602.40847087 18.753
  97  65.886543  66.061565     2.086     2.041 10 55612.32410360 17.893
  98  65.883631  66.062306     3.607     3.534  9 55622.23973789 12.227
  99  65.885383  66.063928     3.303     3.189  8 55632.15539093 12.758
 100  65.883147  66.064969     3.646     3.565  8 55642.07104142 12.166
 101  65.883763  66.064388     3.493     3.372  8 55651.98668936 11.366
 102  65.886251  66.062433     6.056     5.956  9 55661.90233349 10.511
 103  65.885894  66.061456     2.550     2.566  9 55671.81797419 43.427
 104  65.887020  66.062153     4.418     4.265  9 55681.73361345 39.999
 105  65.882376  66.064497     6.639     6.673  7 55691.64925048 38.354
 106  65.880384  66.066450     6.137     6.020  8 55701.56488614 29.686
 107  65.880986  66.066991     6.121     6.156  7 55711.48052774 42.764
 108  65.881096  66.066357     6.072     6.047  8 55721.39617749 41.728
 109  65.879725  66.065929     5.645     5.587  8 55731.31182503 38.746
 110  65.883544  66.065815     5.527     5.530  8 55741.22747178 24.522
 111  65.881502  66.066132     5.476     5.319  8 55751.14311675 25.271
 112  65.879192  66.065911     5.122     4.885  8 55761.05875935 26.922
 113  65.879472  66.064863     4.100     4.376  8 55770.97439935 30.345
 114  65.884509  66.063000     3.677     3.970  8 55780.89003634 31.617
 115  65.888628  66.061996     3.854     3.765  9 55790.80567062 28.363
 116  65.887209  66.062502     3.702     3.750  9 55800.72130318 30.263
 117  65.881279  66.063880     2.229     2.168  8 55810.63695157 39.457
 118  65.882367  66.064696     4.112     3.815  8 55820.55260043 25.216
 119  65.883554  66.064352     3.367     3.008  8 55830.46824465 33.285
 120  65.884958  66.063022     3.796     3.789  9 55840.38388435 29.258
 121  65.884303  66.062239     2.621     2.538  9 55850.29952082 51.165
 122  65.885103  66.063144     4.359     4.146  8 55860.21515539 25.199
 123  65.879534  66.065126     2.098     2.081  8 55870.13080587 39.349
 133  65.885877  66.062535     2.314     2.245  8 55969.28724778 16.511
 134  65.885322  66.063584     1.328     1.335  8 55979.20288418 15.887
 135  65.883425  66.064278     2.298     2.112  8 55989.11851973 16.713
 136  65.884871  66.064064     1.766     1.814  8 55999.03416200 16.143
 137  65.885961  66.063230     3.845     4.011  9 56008.94981308 17.028
 138  65.885611  66.062723     4.598     4.597  9 56018.86545984 17.220
 139  65.884188  66.063148     5.354     5.322  9 56028.78110354 13.791
 141  65.880730  66.065620     3.186     3.127  8 56048.61238535 25.378
 142  65.882835  66.066427     5.042     5.022  8 56058.52802290 33.430
 143  65.881119  66.066609     5.943     5.962  7 56068.44365590 30.709
 144  65.880428  66.066413     5.547     5.483  8 56078.35930713 27.735
 145  65.881192  66.066401     5.344     5.269  7 56088.27495578 27.217
 146  65.881869  66.066603     5.449     5.422  7 56098.19060193 23.993
 147  65.879089  66.066155     4.991     4.735  8 56108.10624551 28.450
 148  65.883548  66.064548     4.940     4.683  8 56118.02187538 24.663
 149  65.883634  66.063013     2.644     2.570  9 56127.93751275 41.167
 150  65.886803  66.062214     3.851     3.963  9 56137.85314675 31.153
 151  65.885236  66.063012     4.859     4.873  9 56147.76879295 22.973
 152  65.880868  66.064415     1.823     1.826  8 56157.68444170 33.605
 153  65.880345  66.064962     2.412     1.507  8 56167.60008981 31.336
 154  65.884992  66.064001     1.685     1.609  8 56177.51573576 50.106
 155  65.885331  66.062875     3.990     3.986  8 56187.43137665 25.079
 156  65.885385  66.062508     4.244     4.327  8 56197.34701391 23.801
 157  65.883867  66.063780     4.408     4.631  8 56207.26264805 25.225
 158  65.881778  66.065851     2.527     2.016  7 56217.17828057 36.117
 159  65.879659  66.067242     4.733     4.768  8 56227.09392307 25.667
 160  65.879567  66.067002     1.707     1.720  8 56237.00957779 44.505
 161  65.881606  66.066077     1.399     1.306  7 56246.92522885 41.720
 162  65.881506  66.065664     1.578     1.571  7 56256.84087464 39.315
 163  65.879474  66.066387     1.452     1.428  8 56266.75651667 30.716
 164  65.883340  66.066879     1.373     1.333  8 56276.67215756 28.042
 165  65.879326  66.066488     1.521     1.509  8 56286.58780438 17.830
 166  65.882855  66.064290     1.616     1.477  8 56296.50345454 19.133
 167  65.887116  66.061952     2.115     2.278  9 56306.41910075 16.150
 168  65.887257  66.061403     2.168     2.231 10 56316.33474345 16.814
 169  65.885009  66.063091     1.821     1.690  9 56326.25038420 16.665
 170  65.883730  66.065052     1.828     1.593  8 56336.16602410 17.233
 171  65.882754  66.065564     1.484     1.340  8 56346.08166271 14.103
 172  65.879994  66.064432     1.292     1.306  8 56355.99729877 13.962
 173  65.884829  66.062632     1.462     1.352  9 56365.91294606 13.935
 174  65.887489  66.062341     1.412     1.429  9 56375.82859502 13.588
 176  65.881216  66.066549     2.857     3.142  8 56395.65988378 12.986
 177  65.880222  66.067676     4.991     5.292  8 56405.57552522  6.820
 178  65.880586  66.067366     1.906     1.947  7 56415.49116354 31.886
 179  65.879783  66.066168     4.346     4.312  8 56425.40679696 38.193
 180  65.883076  66.065363     6.057     6.037  8 56435.32244556 28.301
 181  65.881915  66.065690     5.834     5.819  8 56445.23809739 27.879
 182  65.882353  66.066646     5.664     5.657  8 56455.15374693 26.960
 183  65.879450  66.066457     5.930     5.940  8 56465.06939321 28.320
 184  65.882608  66.064524     5.614     5.589  8 56474.98503641 24.387
 185  65.883957  66.062195     5.578     5.553  9 56484.90067599 54.892
 187  65.884645  66.063096     5.311     5.283  9 56504.73194687 27.101
 188  65.884516  66.065496     5.304     5.192  8 56514.64757970 24.875
 189  65.881193  66.066313     4.589     4.620  8 56524.56323163 53.490
 190  65.884513  66.064876     4.259     3.855  8 56534.47888320 29.281
 192  65.883334  66.062707     2.585     2.432  9 56554.31017512 37.417
 193  65.883052  66.064564     4.200     4.119  8 56564.22581784 26.093
 194  65.880428  66.067192     3.191     3.284  7 56574.14145903 24.929
 195  65.879834  66.068562     2.726     2.781  7 56584.05709781 23.901
 196  65.880533  66.067897     2.502     2.457  8 56593.97273228 40.046
 197  65.880826  66.066151     2.998     2.658  8 56603.88838574 26.250
 198  65.884201  66.064951     2.815     2.736  8 56613.80403467 36.714
 199  65.883552  66.065426     2.707     2.700  8 56623.71967917 31.962
 200  65.880521  66.066259     2.297     2.274  8 56633.63532061 26.324
 201  65.880472  66.066353     1.910     1.917  8 56643.55095761 18.833
 202  65.882470  66.064621     2.118     2.117  8 56653.46660954 18.814
 203  65.887881  66.062446     2.107     2.070  9 56663.38225913 18.425
 204  65.887454  66.061629     2.505     2.601 10 56673.29790543 16.509
 205  65.885746  66.063071     2.355     2.130  8 56683.21355023 16.373
 206  65.884829  66.064970     2.567     2.518  8 56693.12919299 16.091
 207  65.880467  66.066165     2.996     3.128  8 56703.04483124 16.006
 208  65.879891  66.065329     2.653     2.685  8 56712.96046470 15.081
 209  65.884678  66.063752     2.405     2.457  8 56722.87611290 15.759
 210  65.884856  66.063357     3.743     3.889  9 56732.79176388 15.114
 211  65.879400  66.065227     5.696     5.742  8 56742.70741079 14.112
 212  65.880818  66.067396     5.619     5.630  7 56752.62305396 13.923
 213  65.879864  66.068558     6.313     6.321  7 56762.53869167  5.891
 214  65.880062  66.067937     3.007     3.073  8 56772.45432284 12.572
 215  65.882580  66.066157     2.690     2.717  8 56782.36998099 31.306
 216  65.882907  66.065023     5.453     5.361  8 56792.28563525 39.417
 217  65.882111  66.065057     6.169     6.185  7 56802.20128653 29.879
 218  65.882192  66.065626     6.092     6.057  8 56812.11693032 31.288
 219  65.881790  66.065564     6.626     6.640  7 56822.03257010 48.887
 220  65.885173  66.064346     6.761     6.815  8 56831.94820604 40.380
 221  65.883841  66.063079     6.603     6.530  8 56841.86383819 50.091
 222  65.884879  66.062741     6.146     6.214  8 56851.77947659 26.356
 223  65.882433  66.063680     5.998     6.057  8 56861.69513064 26.681
 224  65.883445  66.065029     6.048     6.025  8 56871.61078438 29.352
 225  65.879993  66.065676     5.906     5.835  8 56881.52643476 52.030
 226  65.884343  66.065056     5.399     5.232  8 56891.44208219 26.448
 227  65.881576  66.064247     4.176     4.178  8 56901.35772602 30.110
 228  65.883980  66.064515     4.293     4.060  8 56911.27336833 29.320
 229  65.879755  66.065940     4.294     4.104  8 56921.18900843 28.865
 230  65.883046  66.067452     3.226     3.228  8 56931.10464705 51.722
 231  65.879276  66.068141     4.772     4.662  8 56941.02027997 22.034
 232  65.880866  66.067471     2.769     2.594  8 56950.93592033 35.492
 233  65.880577  66.066167     2.971     2.951  8 56960.85157189 29.849
 234  65.882162  66.065381     2.880     2.837  8 56970.76721863 25.732
 235  65.880158  66.065404     3.002     2.959  8 56980.68286102 25.170
 236  65.882826  66.065446     3.124     3.018  8 56990.59849941 22.451
 237  65.883599  66.065075     3.289     3.264  8 57000.51413131 16.241
 238  65.883343  66.064142     3.342     3.329  8 57010.42978691 16.022
 239  65.884537  66.063174     3.402     3.277  8 57020.34543907 16.800
 240  65.885548  66.063240     2.818     2.897  8 57030.26108824 14.216
 241  65.882656  66.064109     3.134     3.122  8 57040.17673530 14.312
 242  65.884310  66.065003     3.337     3.282  8 57050.09238060 14.145
 243  65.880733  66.065390     3.480     3.546  8 57060.00802137 13.090
 244  65.882318  66.065166     3.692     3.571  8 57069.92365697 13.262
 245  65.881532  66.065226     3.614     3.578  8 57079.83928801 12.649
 246  65.878983  66.066131     3.704     3.599  8 57089.75492648 12.578
 247  65.883162  66.067132     5.954     5.928  8 57099.67058482 12.326
 248  65.881083  66.067943     5.899     5.902  7 57109.58623957 12.435
 249  65.881730  66.067473     5.869     5.892  8 57119.50188917 11.613
 250  65.881320  66.066349     5.540     5.643  7 57129.41753275 12.024
