# NaN NaN NaN ;Mean Elev.(m), Avg Gradient(m/km), RMS Gradient(m/km) - SRTM1     
#   20.312  -0.060   2.363 ;Mean Elev.(m), Avg Gradient(m/km), RMS Gradient(m/km) - ASTER GDEM
#   27.558  -0.024   1.807 ;Mean Elev.(m), Avg Gradient(m/km), RMS Gradient(m/km) - GMTED2010 
   2  70.381279  61.268646    25.664    24.891  3 54673.38614743 29.841
   3  70.381097  61.269804    -9.556    -9.565  3 54683.30179078 11.710
   4  70.380810  61.271153    23.096    22.632  3 54693.21743283 33.874
   5  70.382075  61.271091    -9.146    -9.129  3 54703.13307274 15.486
   6  70.381261  61.268991    22.827    21.614  4 54713.04872235 36.234
   7  70.380068  61.266505    12.454    12.447  4 54722.96437342 16.083
   8  70.375751  61.265735    23.608    23.769  4 54732.88002151 27.249
   9  70.376952  61.265254    24.278    24.313  5 54742.79566845 25.474
  10  70.376588  61.266036    24.123    23.919  4 54752.71131482 26.731
  11  70.376388  61.266138    25.028    24.818  4 54762.62696089 25.716
  12  70.376346  61.264930    22.469    22.339  4 54772.54260464 32.294
  13  70.375060  61.264362    21.777    21.799  5 54782.45824534 38.867
  14  70.375229  61.264748    21.363    21.365  4 54792.37388370 34.300
  17  70.381783  61.268293    23.559    23.573  3 54822.12080079 21.092
  18  70.380280  61.267478    23.481    23.442  4 54832.03644133 17.799
  19  70.378573  61.267071    23.711    23.621  4 54841.95209151 15.870
  20  70.379131  61.267166    23.561    23.533  4 54851.86774052 15.219
  21  70.378791  61.268514    24.341    24.499  4 54861.78338888 14.978
  22  70.379592  61.268870    24.013    24.000  4 54871.69903743 15.275
  23  70.380746  61.267294    24.410    24.422  4 54881.61468451 13.362
  24  70.376793  61.265942    24.221    24.183  4 54891.53032783 13.587
  25  70.376572  61.263475    24.582    24.481  5 54901.44596877 13.173
  26  70.375764  61.263617    25.185    25.186  4 54911.36160772 14.492
  27  70.377907  61.264819    25.358    25.304  4 54921.27724576 13.264
  28  70.377907  61.266948    21.512    21.490  4 54931.19288292 30.467
  29  70.378268  61.267363    22.132    22.132  4 54941.10851891 44.129
  30  70.379767  61.266085    23.911    23.936  4 54951.02415353 38.013
  31  70.378357  61.265081    26.650    26.629  4 54960.93979432 48.282
  32  70.375455  61.265951    26.522    26.519  4 54970.85544261 36.151
  33  70.377792  61.266794    26.519    26.558  4 54980.77109013 38.231
  34  70.379605  61.267820    26.445    26.461  4 54990.68673726 36.123
  35  70.380846  61.267337    26.454    26.472  4 55000.60238426 38.502
  36  70.379353  61.267171    26.167    26.204  3 55010.51802921 37.470
  37  70.379460  61.266656    25.759    25.705  4 55020.43367282 31.381
  38  70.378880  61.267842    25.861    25.792  3 55030.34931507 34.979
  39  70.380790  61.268849    25.872    25.865  4 55040.26495696 31.384
  40  70.383477  61.269561    25.065    24.529  3 55050.18059760 29.644
  41  70.379846  61.270262    25.621    26.438  3 55060.09623555 28.609
  42  70.379943  61.267523    23.054    23.070  3 55070.01187671 48.855
  43  70.375125  61.265523    23.040    23.072  4 55079.92752591 44.444
  44  70.374891  61.264316    22.510    22.226  4 55089.84317345 29.061
  45  70.377637  61.264590    22.485    22.166  4 55099.75881990 31.055
  46  70.379001  61.266010    25.412    25.786  4 55109.67446555 23.896
  47  70.376246  61.267023    21.918    21.840  4 55119.59010940 33.976
  48  70.375579  61.265270    22.330    22.235  4 55129.50575125 32.740
  49  70.374922  61.263379    21.704    21.636  5 55139.42139114 47.756
  50  70.376367  61.263393    22.183    22.213  4 55149.33702988 36.130
  51  70.375815  61.266781    22.649    22.678  4 55159.25266780 32.513
  52  70.380398  61.268633    22.777    22.801  3 55169.16830607 24.363
  53  70.381897  61.269678    22.498    22.483  4 55179.08394315 21.347
  54  70.380993  61.268477    22.327    22.334  4 55188.99958939 17.882
  55  70.379291  61.267328    21.847    21.820  3 55198.91524004 17.265
  56  70.379144  61.267307    22.332    22.442  3 55208.83088976 14.612
  57  70.379518  61.268398    22.387    22.383  4 55218.74653884 15.565
  58  70.379174  61.268561    23.407    23.223  4 55228.66218712 13.621
  59  70.377821  61.267490    23.151    23.479  4 55238.57783239 14.994
  60  70.375699  61.265350    24.199    24.192  4 55248.49347416 13.355
  61  70.374784  61.263437    24.280    24.258  5 55258.40911369 13.612
  62  70.375265  61.263424    23.867    23.841  5 55268.32475245 12.249
  63  70.376748  61.265175    24.877    24.939  4 55278.24039081 12.210
  64  70.379525  61.266587    25.862    25.890  4 55288.15602809 10.820
  65  70.379828  61.267610    27.095    25.860  3 55298.07166280 11.402
  66  70.379394  61.265896    24.373    24.146  4 55307.98730558 28.229
  67  70.376008  61.264607    22.564    22.533  4 55317.90295181 37.062
  68  70.377104  61.263921    24.923    24.757  4 55327.81859719 45.681
  69  70.379434  61.265236    26.455    26.482  4 55337.73424165 30.982
  70  70.378949  61.267914    26.774    26.751  4 55347.64988522 46.256
  71  70.381048  61.268383    26.939    26.918  3 55357.56552762 33.115
  72  70.379199  61.268664    27.340    27.210  3 55367.48116766 49.097
  73  70.380138  61.267905    26.949    27.045  4 55377.39680667 34.264
  74  70.379475  61.268818    27.319    27.314  3 55387.31244456 36.316
  75  70.381563  61.269625    27.254    27.256  4 55397.22808184 40.944
  76  70.382254  61.270002    27.042    27.029  3 55407.14372501 38.785
  77  70.379498  61.268803    26.603    26.469  3 55417.05937611 31.861
  78  70.377579  61.266118    25.267    24.954  4 55426.97502402 25.121
  79  70.375752  61.264362    23.928    23.870  4 55436.89066906 29.541
  80  70.375416  61.264202    23.255    23.202  5 55446.80631264 42.677
  81  70.375408  61.265567    22.965    22.886  4 55456.72195556 48.348
  82  70.378157  61.266319    24.052    24.063  4 55466.63759811 25.885
  83  70.378489  61.266667    22.141    22.125  3 55476.55323732 35.318
  84  70.376180  61.266670    24.876    24.673  4 55486.46887316 23.657
  85  70.376968  61.265580    23.895    23.775  4 55496.38450732 26.046
  86  70.376583  61.266678    24.514    24.282  4 55506.30014268 24.004
  87  70.379092  61.266929    23.016    22.971  3 55516.21579349 29.467
  88  70.381045  61.267951    21.933    21.922  4 55526.13144326 37.579
  89  70.380937  61.268426    22.318    22.294  3 55536.04709089 30.515
  90  70.380504  61.267863    22.551    22.566  4 55545.96273644 28.822
  91  70.378032  61.267949    22.459    22.437  4 55555.87837984 21.488
  92  70.378859  61.267849    22.311    22.233  4 55565.79402260 19.362
  93  70.378881  61.268435    21.996    21.950  3 55575.70966454 19.858
  94  70.380546  61.267603    21.757    21.704  3 55585.62530505 20.073
  95  70.378485  61.267321    21.646    21.625  3 55595.54094188 18.699
  96  70.378624  61.266394    22.679    22.534  4 55605.45657584 17.223
  97  70.377024  61.267097    22.220    22.184  4 55615.37220744 16.664
  98  70.379375  61.267094    22.699    22.401  3 55625.28784838 15.565
  99  70.380469  61.266624    22.162    22.286  4 55635.20350094 15.032
 100  70.380435  61.266292    22.296    22.256  4 55645.11915123 15.304
 101  70.377768  61.266220    24.379    25.160  4 55655.03479847 13.163
 102  70.376311  61.265714    23.128    23.504  4 55664.95044129 29.955
 103  70.377580  61.265034    22.901    22.925  4 55674.86608134 35.009
 104  70.376051  61.266607    26.073    26.044  4 55684.78171912 48.902
 105  70.379374  61.267705    25.849    25.980  3 55694.69735619 35.536
 106  70.380602  61.269692    26.650    26.641  3 55704.61299160 32.160
 107  70.379965  61.270175    26.607    26.605  3 55714.52863818 33.372
 108  70.379363  61.269467    26.549    26.633  3 55724.44428717 29.980
 109  70.380676  61.268443    26.269    26.254  4 55734.35993451 32.393
 110  70.380605  61.268383    25.617    25.478  4 55744.27558038 30.935
 111  70.379903  61.268292    24.698    24.265  4 55754.19122471 31.587
 112  70.380304  61.267126    24.910    24.881  4 55764.10686699 29.706
 113  70.377810  61.266429    23.422    23.190  4 55774.02250612 33.706
 114  70.378471  61.265138    22.977    22.950  4 55783.93814225 37.676
 115  70.378040  61.266379    22.908    22.668  3 55793.85377549 41.218
 116  70.378858  61.268178    25.220    26.228  3 55803.76941159 25.606
 117  70.380481  61.267979    25.122    26.033  3 55813.68506128 24.662
 118  70.379257  61.267477    25.267    26.083  3 55823.60070876 25.000
 119  70.378278  61.266487    23.359    22.676  4 55833.51635161 27.611
 120  70.378914  61.265771    23.590    23.397  4 55843.43199049 25.121
 121  70.378951  61.266949    23.377    23.073  3 55853.34762613 29.518
 122  70.379621  61.269044    26.033    26.170  3 55863.26326236 20.422
 123  70.382086  61.268499    21.242    21.098  3 55873.17891673 41.960
 133  70.377452  61.265044    20.813    20.861  4 55972.33535383 21.089
 134  70.379628  61.267306    23.208    23.451  4 55982.25098997 17.805
 135  70.380143  61.269219    25.219    25.074  4 55992.16662443 18.772
 136  70.379237  61.268157    25.172    25.229  3 56002.08227216 16.757
 137  70.378804  61.265302    24.761    24.801  4 56011.99792245 14.567
 139  70.376358  61.265651    22.089    22.050  4 56031.82921189 33.709
 141  70.380202  61.269363    24.959    24.479  3 56051.66049189 33.374
 142  70.381379  61.270017    25.670    25.947  3 56061.57612794 31.731
 143  70.382444  61.269139    25.254    24.807  3 56071.49176681 32.831
 144  70.380454  61.268165    25.154    24.789  3 56081.40741726 38.547
 145  70.379642  61.268252    25.555    26.208  3 56091.32306514 28.602
 146  70.381398  61.268588    24.759    24.733  4 56101.23871091 27.840
 147  70.379801  61.268926    22.265    22.381  3 56111.15434215 41.926
 148  70.380780  61.267034    24.711    24.828  4 56121.06998212 24.389
 149  70.376963  61.266330    20.783    20.782  4 56130.98561776 29.649
 150  70.378568  61.265235    20.677    20.662  4 56140.90125247 35.988
 151  70.376852  61.266078    20.769    20.739  4 56150.81690311 33.469
 152  70.377819  61.267685    20.618    20.299  4 56160.73255200 39.322
 153  70.379863  61.268089    23.098    23.146  4 56170.64819945 29.854
 154  70.378432  61.267469    20.156    20.121  3 56180.56384268 35.550
 155  70.376964  61.265972    22.583    22.125  4 56190.47948208 26.624
 156  70.378030  61.264936    22.748    22.875  4 56200.39511883 26.619
 157  70.379711  61.266845    22.057    20.781  4 56210.31075298 31.437
 158  70.380385  61.270623    22.796    21.060  3 56220.22638501 30.324
 159  70.381518  61.271726    21.429    21.423  3 56230.14203502 31.430
 160  70.383153  61.269980    20.536    20.502  3 56240.05768872 37.757
 161  70.379850  61.268955    21.576    21.566  4 56249.97333790 30.671
 162  70.379918  61.267502    21.520    21.551  4 56259.88898258 26.893
 163  70.380145  61.267890    21.378    21.329  3 56269.80462438 23.983
 164  70.381282  61.268550    21.191    21.134  4 56279.72026446 21.434
 165  70.380664  61.268272    21.451    21.350  3 56289.63591536 18.828
 166  70.378965  61.266561    21.737    21.687  4 56299.55156360 18.330
 167  70.376540  61.264590    22.230    22.246  5 56309.46720785 18.454
 168  70.375668  61.263524    22.066    21.937  4 56319.38284982 16.726
 169  70.376334  61.264757    21.896    21.462  5 56329.29849081 17.028
 170  70.379070  61.266806    22.019    22.113  4 56339.21413112 16.396
 171  70.381551  61.268367    21.413    21.147  3 56349.12976939 16.821
 172  70.381618  61.268259    24.150    24.122  3 56359.04540518 15.494
 173  70.379477  61.265599    24.603    24.643  4 56368.96105596 13.409
 175  70.375509  61.266257    26.397    26.407  4 56388.79234860 11.533
 176  70.379317  61.268162    29.833    29.792  4 56398.70799200 12.981
 177  70.381695  61.269827    22.747    22.231  4 56408.62363282 34.572
 178  70.380709  61.270702    24.269    24.286  3 56418.53926911 41.037
 179  70.381544  61.269942    26.374    26.391  3 56428.45490218 33.526
 180  70.380013  61.267868    26.893    26.860  3 56438.37055610 50.572
 181  70.378626  61.267335    26.986    26.982  3 56448.28620733 38.814
 182  70.377880  61.267887    27.326    27.359  4 56458.20185633 31.993
 183  70.380271  61.266650    27.135    27.095  4 56468.11750257 36.995
 184  70.378292  61.266154    27.984    27.896  4 56478.03314425 51.765
 185  70.378195  61.264821    27.470    27.401  4 56487.94878235 31.763
 187  70.379400  61.266456    26.847    26.787  4 56507.78005158 33.420
 188  70.381534  61.268498    24.852    24.481  3 56517.69568904 35.388
 189  70.379969  61.269056    25.099    24.670  3 56527.61134293 30.353
 190  70.379513  61.268203    24.544    24.629  4 56537.52699285 30.351
 192  70.376325  61.266290    23.517    23.167  4 56557.35828217 28.407
 193  70.378227  61.266819    25.414    25.784  4 56567.27392485 24.212
 194  70.380222  61.268930    24.641    24.114  3 56577.18956606 22.121
 195  70.381380  61.271086    21.789    21.780  3 56587.10520370 26.451
 196  70.382018  61.271271    24.711    24.608  4 56597.02084416 24.280
 197  70.382400  61.268599    22.074    21.914  3 56606.93649639 43.922
 198  70.380339  61.267493    22.569    22.582  3 56616.85214323 37.781
 199  70.378890  61.267665    22.735    22.675  4 56626.76778646 42.653
 200  70.379800  61.267917    23.197    23.209  3 56636.68342711 32.667
 201  70.380648  61.267883    23.231    23.149  4 56646.59906790 29.276
 202  70.379129  61.266365    23.027    23.051  4 56656.51472006 20.599
 203  70.376565  61.265246    22.964    22.840  4 56666.43036777 21.018
 205  70.377502  61.265602    23.935    24.250  5 56686.26165735 20.151
 206  70.379705  61.266571    23.433    23.496  4 56696.17729973 18.711
 207  70.380303  61.267782    22.867    23.156  3 56706.09293738 17.748
 208  70.381096  61.268091    24.790    24.782  4 56716.00857049 17.049
 209  70.378554  61.266782    25.164    25.077  4 56725.92422393 17.632
 211  70.379325  61.267085    25.806    25.903  4 56745.75551940 12.694
 212  70.380581  61.268737    24.271    24.790  4 56755.67116100 14.184
 213  70.379975  61.270644    21.774    21.744  3 56765.58679674 33.657
 214  70.381580  61.269908    23.848    23.856  3 56775.50243619 30.998
 215  70.380709  61.267810    26.722    26.720  4 56785.41809303 39.211
 216  70.380235  61.266288    27.385    27.318  4 56795.33374628 38.549
 217  70.378793  61.265996    27.551    27.601  4 56805.24939529 39.364
 219  70.379120  61.265344    27.630    27.657  4 56825.08067650 29.985
 220  70.376321  61.266095    27.336    27.380  4 56834.99631120 33.192
 221  70.377498  61.266810    26.985    26.953  4 56844.91194285 36.737
 223  70.377745  61.267451    26.809    26.609  4 56864.74324173 30.624
 224  70.380303  61.266228    25.499    25.417  4 56874.65889486 49.710
 225  70.379852  61.265630    23.959    23.935  4 56884.57454449 49.480
 226  70.378078  61.265452    23.549    23.599  4 56894.49019086 30.180
 227  70.376363  61.265938    23.548    23.226  4 56904.40583403 28.955
 228  70.378776  61.266201    23.057    22.742  4 56914.32147560 33.291
 229  70.380155  61.267710    23.822    22.790  4 56924.23711523 30.979
 230  70.379581  61.269880    25.985    26.976  3 56934.15275195 29.231
 231  70.380624  61.270866    22.678    22.655  3 56944.06838368 36.799
 232  70.380895  61.269297    21.994    22.039  3 56953.98403180 39.952
 233  70.379145  61.267949    22.946    22.966  4 56963.89968191 41.945
 234  70.379269  61.267558    24.088    24.115  3 56973.81532728 36.802
 235  70.379473  61.268324    24.461    24.459  4 56983.73096810 30.193
 236  70.379412  61.269016    24.167    24.146  3 56993.64660403 22.140
 237  70.380616  61.267884    23.703    23.688  4 57003.56224155 19.246
 238  70.376093  61.266246    23.097    23.051  4 57013.47789763 17.854
 239  70.377152  61.264736    24.245    24.289  4 57023.39354904 17.263
 240  70.379411  61.265387    23.423    23.539  4 57033.30919782 15.807
 241  70.380043  61.267031    22.889    22.857  4 57043.22484408 15.783
 242  70.380187  61.267626    23.756    23.771  4 57053.14048804 14.724
 243  70.379158  61.267238    23.417    23.369  3 57063.05612753 13.658
 244  70.378446  61.267230    24.622    24.610  4 57072.97176182 14.266
 245  70.381090  61.268121    24.365    24.515  4 57082.88739239 14.689
 246  70.380488  61.269948    25.811    25.793  3 57092.80303988 15.356
 247  70.382774  61.269941    27.210    26.780  3 57102.71869708 12.705
 248  70.381047  61.270153    28.372    29.089  3 57112.63435020 14.070
 249  70.379480  61.269050    21.342    21.316  3 57122.54999752 33.944
 250  70.378467  61.267541    24.798    24.722  4 57132.46563948 27.064
