# NaN NaN NaN ;Mean Elev.(m), Avg Gradient(m/km), RMS Gradient(m/km) - SRTM1     
#   12.784  -0.382   3.802 ;Mean Elev.(m), Avg Gradient(m/km), RMS Gradient(m/km) - ASTER GDEM
#    6.065  -0.300   3.644 ;Mean Elev.(m), Avg Gradient(m/km), RMS Gradient(m/km) - GMTED2010 
   1  65.374786  62.798374    16.589    16.578  6 54666.27470476 33.119
   2  65.374580  62.799807    15.127    15.154  6 54676.19034947 45.650
   3  65.374078  62.801642    -8.346    -8.297  6 54686.10599276 14.790
   4  65.371691  62.801729    13.510    13.003  6 54696.02163404 29.107
   5  65.373317  62.800421    -3.088    -3.051  6 54705.93727341 16.936
   6  65.369032  62.797114    15.457    16.535  5 54715.85292500 23.841
   7  65.376074  62.796836     9.599     9.619  6 54725.76857551 21.562
   8  65.376965  62.797370    11.614    11.671  6 54735.68422372 41.563
   9  65.374270  62.799171    15.441    15.965  6 54745.59987094 23.423
  10  65.373534  62.801070    16.162    16.241  6 54755.51551793 28.927
  11  65.374489  62.800858    11.999    12.016  6 54765.43116349 40.229
  12  65.374912  62.798188    15.012    15.940  6 54775.34680582 30.196
  13  65.377707  62.796473    12.486    12.369  4 54785.26244593 45.968
  14  65.377407  62.796300    14.316    14.304  6 54795.17808433 47.284
  17  65.368469  62.797935    14.754    14.341  5 54824.92500436 19.821
  18  65.373204  62.798937    15.353    15.516  6 54834.84064451 18.997
  19  65.374224  62.799929    15.804    15.785  6 54844.75629447 17.418
  20  65.366829  62.799672    16.200    16.577  5 54854.67194277 16.336
  21  65.372501  62.803207    16.243    16.322  6 54864.58759253 15.878
  22  65.369794  62.803255    16.344    16.381  6 54874.50324089 15.678
  23  65.371183  62.802352    16.265    16.295  6 54884.41888689 13.835
  24  65.373346  62.800161    16.128    16.179  6 54894.33452941 13.506
  25  65.369300  62.796958    16.132    16.653  5 54904.25016853 12.915
  26  65.369276  62.796658    16.220    16.612  5 54914.16580710 13.124
  27  65.374964  62.799283    17.004    16.961  6 54924.08144586 13.396
  28  65.368746  62.798534    16.569    17.031  5 54933.99708240  8.837
  29  65.373429  62.798559    13.528    12.259  6 54943.91271806 19.557
  30  65.376008  62.796267    14.177    14.162  4 54953.82835118 35.246
  31  65.377538  62.794999    17.289    17.286  6 54963.74399609 41.263
  32  65.376429  62.795470    16.893    16.756  4 54973.65964443 40.214
  33  65.375529  62.797569    16.795    16.746  4 54983.57529232 26.639
  34  65.387584  62.802825    79.789    79.789  2 54993.49094153  3.573
  35  65.374754  62.800635    16.555    16.514  6 55003.40658663 40.980
  36  65.368176  62.799032    16.666    16.630  5 55013.32223034 25.946
  37  65.374481  62.800348    16.472    16.340  6 55023.23787410 29.370
  38  65.374270  62.801027    16.581    16.549  6 55033.15351644 23.214
  39  65.373477  62.801660    16.389    16.274  6 55043.06915798 24.091
  40  65.374056  62.801356    14.227    14.225  6 55052.98479794 33.216
  41  65.369607  62.798121    13.667    13.738  5 55062.90043494 44.591
  42  65.369828  62.796225    16.307    16.744  5 55072.81607921 21.427
  43  65.377347  62.797235    12.882    12.892  6 55082.73172829 45.191
  44  65.376312  62.797691    14.408    14.426  4 55092.64737502 24.711
  45  65.374669  62.798762    14.740    14.673  6 55102.56302155 26.637
  46  65.367902  62.798278    15.134    15.985  5 55112.47866715 25.956
  47  65.368125  62.797809    15.413    16.561  5 55122.39431107 26.360
  48  65.375958  62.798070    11.663    11.658  6 55132.30995283 43.749
  49  65.376162  62.796598    11.580    11.491  6 55142.22559164 47.013
  50  65.375350  62.796579    11.417    11.449  6 55152.14122984 39.290
  51  65.374867  62.797678    11.686    11.696  6 55162.05686838 35.710
  52  65.375321  62.798895    12.957    11.710  4 55171.97250664 23.687
  53  65.374444  62.798745    15.661    15.698  6 55181.88814306 19.376
  54  65.373606  62.799226    15.802    15.784  6 55191.80379306 17.649
  55  65.367633  62.799005    15.668    16.131  5 55201.71944261 14.504
  56  65.372907  62.801610    15.435    15.554  6 55211.63509290 14.615
  57  65.369046  62.801252    15.992    16.204  7 55221.55074161 13.730
  58  65.372806  62.801443    16.155    16.114  6 55231.46638992 13.190
  59  65.374224  62.800069    16.068    16.271  6 55241.38203463 13.011
  60  65.375131  62.798779    16.022    16.028  6 55251.29767578 13.263
  61  65.375390  62.798346    16.135    16.204  4 55261.21331462 11.934
  62  65.380613  62.800068    15.831    15.701  5 55271.12895320 12.021
  63  65.375469  62.798965    16.061    16.044  6 55281.04459042 12.252
  64  65.369442  62.796756    16.621    16.961  5 55290.96022626  6.429
  65  65.375165  62.796601    16.737    16.803  6 55300.87586107 15.684
  66  65.367857  62.794076    11.616    11.656  5 55310.79150664 37.337
  67  65.375913  62.796275    13.886    13.869  6 55320.70715313 40.926
  68  65.376806  62.797692    16.740    16.770  6 55330.62279785 21.107
  69  65.369587  62.797505    16.521    16.742  5 55340.53844160 26.310
  70  65.373713  62.799394    16.547    16.477  6 55350.45408639 30.561
  71  65.368457  62.798257    16.749    16.811  5 55360.36972789 31.996
  72  65.368930  62.798552    16.667    16.659  5 55370.28536787 29.217
  73  65.373324  62.800117    16.677    16.642  6 55380.20100682 42.260
  74  65.367344  62.799084    16.826    16.757  5 55390.11664380 26.343
  75  65.367643  62.798445    16.847    16.864  5 55400.03228028 39.980
  76  65.375834  62.798985    16.481    16.462  6 55409.94792859 39.278
  77  65.369725  62.795657    16.144    16.220  5 55419.86357797 43.564
  78  65.377068  62.796723    15.737    15.531  4 55429.77922583 23.015
  79  65.375659  62.797467    16.161    16.230  4 55439.69487041 21.474
  80  65.369535  62.797607    15.811    16.408  5 55449.61051311 21.675
  81  65.374341  62.799306    12.227    12.215  6 55459.52615658 39.183
  82  65.375219  62.798433    14.205    14.269  4 55469.44179856 24.426
  83  65.377302  62.797042    11.728    11.719  6 55479.35743742 31.169
  84  65.377515  62.795840    11.675    11.827  4 55489.27307329 26.983
  85  65.377745  62.795956    15.659    15.668  6 55499.18870700 29.904
  86  65.369746  62.795631    12.196    12.376  5 55509.10434619 50.435
  87  65.374209  62.798678    11.711    11.735  6 55519.01999690 40.996
  88  65.375184  62.799808    11.670    11.715  6 55528.93564616 34.400
  89  65.380108  62.801163    11.962    11.912  5 55538.85129398 29.572
  90  65.374482  62.800082    14.040    13.781  6 55548.76693838 21.717
  91  65.366934  62.799359    15.238    16.205  5 55558.68258095 19.540
  92  65.372523  62.801937    13.383    13.870  6 55568.59822423 20.121
  93  65.373933  62.801800    13.445    13.968  6 55578.51386602 19.554
  94  65.373542  62.799134    15.258    15.336  6 55588.42950503 17.004
  95  65.377479  62.796643    15.320    15.272  4 55598.34514140 16.852
  96  65.377619  62.794830    15.222    15.198  6 55608.26077485 17.074
  97  65.376825  62.795020    15.192    15.174  4 55618.17640648 16.489
  98  65.376537  62.797673    15.492    15.677  4 55628.09205321 16.325
  99  65.380766  62.800065    15.962    15.750  5 55638.00770504 14.933
 100  65.375911  62.797936    15.675    15.750  6 55647.92335347 14.816
 101  65.376805  62.796209    13.343    14.003  6 55657.83899954 26.672
 102  65.368306  62.793357    12.722    11.871  5 55667.75464056 36.469
 103  65.375599  62.796493    13.796    13.785  4 55677.67028104 39.212
 104  65.369323  62.797026    16.898    17.508  5 55687.58591816 23.419
 105  65.380414  62.800937    16.241    16.221  5 55697.50155595 27.480
 106  65.369828  62.797450    16.369    16.385  5 55707.41718979 38.114
 107  65.374955  62.798455    16.490    16.540  6 55717.33284169 45.297
 108  65.374854  62.798933    16.578    16.502  6 55727.24849028 27.213
 109  65.374919  62.800412    16.292    16.333  6 55737.16413728 35.725
 110  65.372994  62.801374    15.842    15.738  6 55747.07978276 31.848
 111  65.369626  62.800272    14.643    14.654  7 55756.99542579 52.530
 112  65.374329  62.798976    15.901    16.062  6 55766.91106695 22.747
 113  65.375867  62.796119    15.718    16.263  4 55776.82670469 19.549
 114  65.369015  62.792570    12.509    12.695  5 55786.74233893 49.108
 115  65.378002  62.795640    12.127    12.124  4 55796.65797366 26.008
 116  65.375167  62.797120    12.604    12.170  4 55806.57361521 30.010
 117  65.376125  62.798856    15.454    15.643  6 55816.48926465 21.404
 118  65.369666  62.795931    15.153    16.558  5 55826.40490980 27.685
 119  65.377417  62.795716    12.124    12.140  4 55836.32055209 48.106
 120  65.377909  62.794569    13.671    12.637  4 55846.23619029 23.684
 121  65.368231  62.793281    14.484    15.229  5 55856.15182490 25.937
 122  65.369328  62.796286    16.068    16.507  5 55866.06746758 24.481
 123  65.379968  62.801648    11.318    11.285  5 55875.98312165 41.583
 133  65.376128  62.796397    15.347    15.405  6 55975.13955354 16.422
 134  65.376555  62.798258    15.653    15.618  6 55985.05518994 16.491
 135  65.375928  62.798214    15.421    15.512  6 55994.97082385 15.747
 136  65.376927  62.797857    15.398    15.499  6 56004.88647597 16.596
 137  65.367805  62.793894    15.462    16.057  5 56014.80212292 14.975
 139  65.374439  62.797349    12.388    11.306  6 56034.63341225 37.194
 141  65.372523  62.800486    16.502    16.504  6 56054.46469194 26.111
 142  65.374846  62.800196    16.250    16.182  6 56064.38032685 21.916
 143  65.369076  62.797657    16.355    16.726  5 56074.29596977 21.139
 144  65.368619  62.797839    16.327    16.570  5 56084.21161944 22.146
 145  65.372904  62.799534    14.468    14.488  6 56094.12726729 38.160
 146  65.373465  62.800224    15.793    15.925  6 56104.04291251 25.938
 147  65.374623  62.799763    15.943    16.207  6 56113.95854315 20.345
 148  65.375379  62.798198    15.709    16.138  4 56123.87418146 21.759
 149  65.375887  62.795820    11.516    11.480  6 56133.78981571 46.957
 150  65.376564  62.795071    12.206    11.043  4 56143.70545484 29.711
 151  65.377022  62.796605    11.257    11.273  4 56153.62110555 26.960
 152  65.369284  62.796656    13.301    14.462  5 56163.53675406 27.147
 153  65.369172  62.797630    14.198    15.740  5 56173.45240130 24.829
 154  65.381271  62.799900    10.570    10.579  5 56183.36804474 29.483
 155  65.375670  62.796880    11.039    11.241  6 56193.28368225 36.438
 156  65.376416  62.796256    12.973    13.350  6 56203.19931778 25.241
 157  65.377149  62.797116    10.750    10.749  6 56213.11495173 44.745
 158  65.374729  62.797849    16.102    16.119  6 56223.03058409 28.364
 159  65.374975  62.800244    11.958    11.358  6 56232.94624057 37.333
 160  65.367837  62.799074    10.436    10.424  5 56242.86189199 38.855
 161  65.373640  62.800160    10.957    10.949  6 56252.77754033 28.826
 162  65.380252  62.801383    11.058    10.967  5 56262.69318427 26.033
 164  65.373642  62.799497    15.639    15.673  6 56282.52446719 18.457
 165  65.374855  62.799605    15.452    15.512  6 56292.44011930 18.031
 166  65.374240  62.798304    15.712    15.776  6 56302.35576662 17.008
 167  65.375272  62.797479    15.766    15.808  4 56312.27140990 15.781
 168  65.374876  62.797310    15.580    15.546  6 56322.18705089 15.391
 169  65.375966  62.798426    15.505    15.443  4 56332.10269151 14.866
 170  65.375346  62.798683    15.704    15.709  4 56342.01833141 14.846
 171  65.374601  62.797846    15.682    15.737  6 56351.93396889 15.399
 172  65.377123  62.797338    15.197    15.203  6 56361.84960922 15.187
 173  65.370042  62.795788    15.741    16.171  5 56371.76525770 14.123
 174  65.374943  62.798375    15.176    15.041  6 56381.68090511 14.394
 175  65.373669  62.800037    17.067    17.088  6 56391.59654978  9.805
 176  65.374267  62.801217    11.145    10.210  6 56401.51219296 22.991
 177  65.372874  62.800793    13.040    11.544  6 56411.42783306 35.238
 178  65.380103  62.801403    15.566    15.454  5 56421.34346908 50.815
 179  65.374920  62.799499    16.533    16.390  6 56431.25910755 29.291
 180  65.374082  62.800457    16.563    16.410  6 56441.17476041 31.987
 181  65.373794  62.801111    16.768    16.718  6 56451.09041075 28.519
 182  65.373364  62.800410    16.936    16.864  6 56461.00605859 29.808
 183  65.380247  62.800554    16.897    16.833  5 56470.92170388 30.301
 184  65.376086  62.797960    17.157    17.176  6 56480.83734426 45.253
 185  65.376012  62.797266    17.044    17.016  6 56490.75298134 48.074
 187  65.369900  62.795845    16.690    16.680  5 56510.58424870 27.627
 188  65.376263  62.797522    16.024    15.948  4 56520.49989330 20.464
 189  65.375369  62.797492    13.952    13.589  6 56530.41554668 31.568
 191  65.375895  62.797902    14.220    15.088  6 56550.24684154 24.883
 192  65.374946  62.799291    14.980    15.510  6 56560.16248444 26.115
 193  65.374020  62.800751    11.874    11.882  6 56570.07812628 40.988
 194  65.366563  62.799658    16.389    16.642  5 56579.99376589 25.921
 195  65.373902  62.800178    14.898    15.451  6 56589.90940303 25.234
 196  65.380200  62.800704    12.533    12.425  5 56599.82504955 50.361
 197  65.373790  62.799269    13.164    13.110  6 56609.74069934 50.308
 198  65.368087  62.798952    14.188    14.205  5 56619.65634454 39.093
 199  65.373105  62.800911    15.184    15.279  6 56629.57198783 29.107
 200  65.374558  62.800100    15.786    15.811  6 56639.48762727 22.715
 201  65.374318  62.797694    15.866    15.861  6 56649.40327238 22.455
 202  65.375914  62.796656    15.832    15.800  6 56659.31892366 21.136
 203  65.376889  62.797218    15.590    15.638  6 56669.23457112 20.239
 205  65.374462  62.800323    15.527    15.586  6 56689.06585941 18.714
 206  65.373779  62.799653    15.428    15.698  6 56698.98149989 17.860
 207  65.375347  62.797717    15.870    15.936  4 56708.89713580 18.659
 208  65.376869  62.796676    14.862    15.290  4 56718.81277494 19.398
 211  65.372777  62.802673    16.182    16.162  6 56748.55972093 11.457
 212  65.373050  62.802618    16.767    16.664  6 56758.47536112 11.720
 213  65.374594  62.800699    11.766    11.759  6 56768.39099513 27.005
 214  65.374553  62.799360    13.244    13.186  6 56778.30664203 34.917
 215  65.374730  62.800174    16.851    16.818  6 56788.22229803 50.093
 216  65.373709  62.801677    16.707    16.661  6 56798.13795044 45.780
 217  65.369404  62.801834    17.218    17.197  7 56808.05359671 29.260
 219  65.375048  62.799300    17.448    17.395  6 56827.88487492 29.116
 221  65.376321  62.795328    17.431    17.439  4 56847.71613982 26.914
 222  65.376644  62.797934    17.392    17.412  6 56857.63179271 43.717
 223  65.374634  62.800195    17.095    17.083  6 56867.54744628 29.308
 224  65.373888  62.800776    16.579    16.621  6 56877.46309811 27.614
 225  65.380002  62.801460    14.573    14.583  5 56887.37874740 42.643
 226  65.368530  62.797351    14.266    13.512  5 56897.29439187 30.035
 227  65.369365  62.798186    16.276    16.813  5 56907.21003519 21.055
 228  65.373386  62.801446    15.305    15.868  6 56917.12567686 22.369
 229  65.372515  62.803137    15.433    15.392  6 56927.04131595 21.182
 230  65.371954  62.802707    14.963    15.154  6 56936.95695114 24.327
 231  65.368026  62.798787    12.926    13.060  5 56946.87258054 44.956
 232  65.373359  62.798709    13.837    13.842  6 56956.78823519 38.000
 233  65.373819  62.798542    12.926    12.967  6 56966.70388390 33.267
 234  65.368445  62.798425    13.428    13.375  5 56976.61952796 30.009
 235  65.373565  62.800781    14.693    14.309  6 56986.53516875 22.689
 236  65.367882  62.798073    15.325    15.875  5 56996.45080230 23.833
 237  65.369943  62.796229    15.541    15.851  5 57006.36644687 18.007
 238  65.376732  62.796467    15.073    15.099  6 57016.28210194 17.712
 239  65.375884  62.796617    15.287    15.346  4 57026.19775237 17.253
 240  65.374181  62.798640    15.469    15.495  6 57036.11340085 16.439
 241  65.367566  62.798993    15.649    15.950  5 57046.02904610 16.898
 242  65.374606  62.800883    15.614    15.627  6 57055.94468936 15.738
 243  65.374500  62.798864    15.560    15.482  6 57065.86032641 17.285
 244  65.376504  62.797750    15.397    15.380  4 57075.77595926 15.475
 245  65.375090  62.796901    16.001    16.082  6 57085.69158879 15.531
 246  65.368069  62.798442    16.098    16.538  5 57095.60724489 15.387
 247  65.372332  62.802394    16.285    16.390  6 57105.52290209 12.148
 248  65.372984  62.803272    17.040    16.912  6 57115.43855412 13.774
 249  65.373424  62.801824    16.378    16.246  6 57125.35419963 12.680
 250  65.368837  62.798659    14.550    15.504  5 57135.26983918 18.676
