# NaN NaN NaN ;Mean Elev.(m), Avg Gradient(m/km), RMS Gradient(m/km) - SRTM1     
#   21.000  -0.491   2.719 ;Mean Elev.(m), Avg Gradient(m/km), RMS Gradient(m/km) - ASTER GDEM
#   31.779   0.192   2.190 ;Mean Elev.(m), Avg Gradient(m/km), RMS Gradient(m/km) - GMTED2010 
   1    33.008 54661.27714840 30.51  73.934738  61.181669 16.868  258.50  259.34  255.32
   1    32.191 54661.27714900 32.22  73.939243  61.183145 22.219  258.50  259.34  255.32
   1    33.714 54661.27714959 33.53  73.943749  61.184621 24.258  258.50  259.34  255.32
   1    32.123 54661.27715018 37.87  73.948255  61.186096   -100  258.50  259.34  255.32
   2    31.150 54671.19279354 37.44  73.931545  61.181549   -100 -100.00 -100.00 -100.00
   2    32.648 54671.19279413 29.17  73.936050  61.183025 25.764 -100.00 -100.00 -100.00
   2    33.866 54671.19279472 23.02  73.940555  61.184501  9.946 -100.00 -100.00 -100.00
   2    34.059 54671.19279531 31.25  73.945061  61.185977   -100 -100.00 -100.00 -100.00
   3   -23.409 54681.10843670  8.86  73.925293  61.181005  2.548 -100.00 -100.00 -100.00
   3   -22.085 54681.10843729  8.94  73.929798  61.182481  2.192 -100.00 -100.00 -100.00
   3   -20.727 54681.10843788  9.27  73.934303  61.183957  2.577 -100.00 -100.00 -100.00
   3   -19.388 54681.10843847  9.54  73.938808  61.185433  3.047 -100.00 -100.00 -100.00
   3   -18.064 54681.10843906  9.99  73.943314  61.186909  3.222 -100.00 -100.00 -100.00
   4    32.550 54691.02407927 35.17  73.924633  61.181221   -100  251.29  252.08  248.41
   4    30.313 54691.02407986 32.46  73.929137  61.182697 31.515  251.29  252.08  248.41
   4    32.286 54691.02408045 31.01  73.933642  61.184173 28.334  251.29  252.08  248.41
   4    32.692 54691.02408104 29.17  73.938147  61.185649 24.314  251.29  252.08  248.41
   5   -19.063 54700.93971987 10.81  73.928342  61.181199  5.903 -100.00 -100.00 -100.00
   5   -47.645 54700.93972046 16.43  73.932847  61.182675 24.732 -100.00 -100.00 -100.00
   5   -43.545 54700.93972105 16.10  73.937351  61.184151 16.691 -100.00 -100.00 -100.00
   5   -14.896 54700.93972164 18.76  73.941857  61.185627 16.292 -100.00 -100.00 -100.00
   6    29.003 54710.85536694 44.88  73.935339  61.181686 28.818  258.88  261.20  256.45
   6    29.056 54710.85536753 44.84  73.939843  61.183162 26.900  258.88  261.20  256.45
   6    28.320 54710.85536812 51.33  73.944349  61.184638   -100 -100.00 -100.00 -100.00
   6    28.259 54710.85536871 53.37  73.948854  61.186113   -100 -100.00 -100.00 -100.00
   7     3.495 54720.77101812 13.62  73.936353  61.181204  3.093 -100.00 -100.00 -100.00
   7     9.959 54720.77101871 14.10  73.940858  61.182680  3.269 -100.00 -100.00 -100.00
   7    12.098 54720.77101930 14.58  73.945363  61.184155  4.360 -100.00 -100.00 -100.00
   7    12.008 54720.77101989 15.53  73.949869  61.185631  4.710 -100.00 -100.00 -100.00
   8    32.428 54730.68666699 25.74  73.938463  61.181923 14.617 -100.00 -100.00 -100.00
   8    32.567 54730.68666758 24.59  73.942968  61.183399 13.128 -100.00 -100.00 -100.00
   8    28.075 54730.68666817 35.25  73.947473  61.184874   -100 -100.00 -100.00 -100.00
   8    32.730 54730.68666876 32.68  73.951979  61.186350   -100 -100.00 -100.00 -100.00
   9    29.251 54740.60231369 32.76  73.934584  61.181796 27.600 -100.00 -100.00 -100.00
   9    32.094 54740.60231428 29.07  73.939090  61.183272 17.836 -100.00 -100.00 -100.00
   9    33.955 54740.60231487 30.40  73.943595  61.184747 20.190 -100.00 -100.00 -100.00
   9    34.187 54740.60231546 28.32  73.948101  61.186223 14.504 -100.00 -100.00 -100.00
  10    30.189 54750.51796030 36.05  73.930037  61.181216   -100  246.92  248.08  247.89
  10    32.385 54750.51796089 27.04  73.934542  61.182692 20.661  246.92  248.08  247.89
  10    33.697 54750.51796148 26.89  73.939047  61.184168 19.586  246.92  248.08  247.89
  10    34.117 54750.51796207 26.88  73.943553  61.185643 19.819  246.92  248.08  247.89
  11    28.642 54760.43360686 36.28  73.926886  61.180475   -100  249.28  248.39  245.98
  11    28.711 54760.43360745 38.80  73.931391  61.181951   -100  249.28  248.39  245.98
  11    31.845 54760.43360804 29.43  73.935896  61.183427 14.466  249.28  248.39  245.98
  11    31.709 54760.43360863 29.11  73.940402  61.184903 14.600  249.28  248.39  245.98
  11    33.732 54760.43360922 28.04  73.944908  61.186378 10.169  249.28  248.39  245.98
  12    32.550 54770.34925218 30.68  73.933410  61.181720 16.281  245.97  248.90  249.84
  12    32.575 54770.34925277 28.62  73.937916  61.183196 13.090  245.97  248.90  249.84
  12    32.797 54770.34925336 27.75  73.942422  61.184672 12.148 -100.00 -100.00 -100.00
  12    34.175 54770.34925396 29.91  73.946928  61.186147 15.959 -100.00 -100.00 -100.00
  13    29.030 54780.26489344 39.85  73.934579  61.180771   -100  250.26  248.47  247.64
  13    29.209 54780.26489403 40.66  73.939085  61.182247   -100 -100.00 -100.00 -100.00
  13    29.451 54780.26489462 45.00  73.943591  61.183723   -100 -100.00 -100.00 -100.00
  13    28.819 54780.26489521 50.32  73.948097  61.185199   -100 -100.00 -100.00 -100.00
  14    29.468 54790.18053266 41.92  73.940085  61.181403   -100 -100.00 -100.00 -100.00
  14    29.064 54790.18053325 44.06  73.944591  61.182879 10.546 -100.00 -100.00 -100.00
  14    29.073 54790.18053384 47.17  73.949097  61.184354   -100 -100.00 -100.00 -100.00
  14    29.127 54790.18053443 40.77  73.953604  61.185830  0.482 -100.00 -100.00 -100.00
  15    29.878 54800.09617020 23.85  73.940668  61.181627 10.457  236.59  228.18  214.49
  15    29.933 54800.09617079 21.99  73.945174  61.183103  7.418  236.59  228.18  214.49
  15    30.184 54800.09617138 22.92  73.949680  61.184579  7.626  236.59  228.18  214.49
  15    30.249 54800.09617197 22.36  73.954187  61.186054  7.482  236.59  228.18  214.49
  17    29.537 54819.92744626 18.35  73.938652  61.181833  5.429 -100.00 -100.00 -100.00
  17    29.633 54819.92744685 18.44  73.943158  61.183309  6.184 -100.00 -100.00 -100.00
  17    29.746 54819.92744744 19.19  73.947664  61.184785  7.971 -100.00 -100.00 -100.00
  17    30.152 54819.92744804 18.52  73.952170  61.186260  7.338 -100.00 -100.00 -100.00
  18    31.845 54829.84309779 18.14  73.932864  61.180904  5.908 -100.00 -100.00 -100.00
  18    29.420 54829.84309838 19.12  73.937369  61.182380  8.216 -100.00 -100.00 -100.00
  18    29.378 54829.84309897 18.87  73.941875  61.183856  7.878 -100.00 -100.00 -100.00
  18    29.571 54829.84309956 17.70  73.946381  61.185332  6.106 -100.00 -100.00 -100.00
  19    31.854 54839.75873640 17.94  73.930930  61.181554  4.782 -100.00 -100.00 -100.00
  19    31.546 54839.75873699 17.91  73.935436  61.183030  5.602 -100.00 -100.00 -100.00
  19    31.237 54839.75873758 18.66  73.939941  61.184506  6.140 -100.00 -100.00 -100.00
  19    30.793 54839.75873817 17.77  73.944447  61.185982  5.020 -100.00 -100.00 -100.00
  20    31.724 54849.67438468 17.41  73.923243  61.181089  4.152 -100.00 -100.00 -100.00
  20    31.560 54849.67438527 17.27  73.927748  61.182565  4.290 -100.00 -100.00 -100.00
  20    31.494 54849.67438586 17.61  73.932253  61.184041  4.772 -100.00 -100.00 -100.00
  20    30.729 54849.67438645 18.27  73.936759  61.185517  6.047 -100.00 -100.00 -100.00
  20    30.564 54849.67438704 17.55  73.941265  61.186993  4.632 -100.00 -100.00 -100.00
  21    32.710 54859.59003277 15.94  73.917187  61.181169  3.463 -100.00 -100.00 -100.00
  21    32.032 54859.59003336 16.29  73.921692  61.182646  3.954 -100.00 -100.00 -100.00
  21    31.771 54859.59003395 16.51  73.926197  61.184122  4.393 -100.00 -100.00 -100.00
  21    31.599 54859.59003454 16.00  73.930702  61.185598  3.809 -100.00 -100.00 -100.00
  21    31.238 54859.59003513 15.97  73.935208  61.187074  3.858 -100.00 -100.00 -100.00
  22    32.580 54869.50568181 15.71  73.918060  61.182531  3.713  241.32  232.27  207.50
  22    31.888 54869.50568240 16.12  73.922566  61.184008  4.203  241.32  232.27  207.50
  22    31.936 54869.50568299 15.95  73.927071  61.185484  4.443  241.32  232.27  207.50
  22    31.489 54869.50568358 15.71  73.931577  61.186960  3.858  241.32  232.27  207.50
  23    31.808 54879.42132947 14.47  73.918367  61.181458  3.864 -100.00 -100.00 -100.00
  23    31.507 54879.42133006 15.03  73.922873  61.182934  4.328 -100.00 -100.00 -100.00
  23    31.925 54879.42133065 14.61  73.927378  61.184410  4.444 -100.00 -100.00 -100.00
  23    31.272 54879.42133124 14.52  73.931884  61.185886  4.075 -100.00 -100.00 -100.00
  23    30.928 54879.42133183 14.22  73.936391  61.187362  3.886 -100.00 -100.00 -100.00
  24    32.435 54889.33697451 14.42  73.924368  61.180645  3.665 -100.00 -100.00 -100.00
  24    31.870 54889.33697510 14.74  73.928874  61.182121  4.266 -100.00 -100.00 -100.00
  24    31.635 54889.33697569 14.37  73.933380  61.183597  4.179 -100.00 -100.00 -100.00
  24    31.500 54889.33697628 14.19  73.937886  61.185073  3.711 -100.00 -100.00 -100.00
  24    31.216 54889.33697687 13.96  73.942393  61.186549  3.301 -100.00 -100.00 -100.00
  25    31.706 54899.25261672 15.62  73.932599  61.181242  5.269 -100.00 -100.00 -100.00
  25    31.846 54899.25261731 14.91  73.937105  61.182718  3.607 -100.00 -100.00 -100.00
  25    31.604 54899.25261790 14.99  73.941611  61.184194  3.714 -100.00 -100.00 -100.00
  25    31.427 54899.25261849 14.82  73.946118  61.185669  3.673 -100.00 -100.00 -100.00
  26    31.991 54909.16825535 14.92  73.929903  61.180556  4.370  244.38  230.97  201.48
  26    31.752 54909.16825594 14.85  73.934409  61.182032  4.533  244.38  230.97  201.48
  26    31.790 54909.16825653 14.24  73.938915  61.183507  3.636  244.38  230.97  201.48
  26    31.436 54909.16825712 14.19  73.943422  61.184983  4.120  244.38  230.97  201.48
  26    30.691 54909.16825771 14.18  73.947929  61.186458  3.522 -100.00 -100.00 -100.00
  27    33.899 54919.08389292 11.19  73.928405  61.181291  3.617 -100.00 -100.00 -100.00
  27    33.653 54919.08389351 11.03  73.932911  61.182767  3.204 -100.00 -100.00 -100.00
  27    33.658 54919.08389411 11.16  73.937417  61.184243  3.443 -100.00 -100.00 -100.00
  27    33.622 54919.08389470 11.09  73.941923  61.185719  3.253 -100.00 -100.00 -100.00
  28    27.975 54928.99953029 29.90  73.928593  61.181467 30.512  237.74  221.24  190.23
  28    28.288 54928.99953088 29.50  73.933099  61.182943 27.043  237.74  221.24  190.23
  28    28.277 54928.99953148 29.06  73.937605  61.184419 24.832  237.74  221.24  190.23
  28    28.094 54928.99953207 31.68  73.942111  61.185895   -100  237.74  221.24  190.23
  29    32.145 54938.91516724 21.66  73.934109  61.181189 11.493 -100.00 -100.00 -100.00
  29    28.415 54938.91516783 24.75  73.938614  61.182665 18.429 -100.00 -100.00 -100.00
  29    31.393 54938.91516842 21.77  73.943120  61.184141 12.446 -100.00 -100.00 -100.00
  29    32.713 54938.91516901 23.42  73.947626  61.185616 15.277 -100.00 -100.00 -100.00
  30    30.746 54948.83080300 37.82  73.944057  61.181490   -100 -100.00 -100.00 -100.00
  30    33.031 54948.83080359 31.73  73.948562  61.182966 22.095 -100.00 -100.00 -100.00
  30    33.293 54948.83080418 34.35  73.953068  61.184441 31.598 -100.00 -100.00 -100.00
  30    33.343 54948.83080477 38.93  73.957574  61.185916   -100 -100.00 -100.00 -100.00
  31    33.806 54958.74644036 50.30  73.949262  61.181342   -100 -100.00 -100.00 -100.00
  31    33.811 54958.74644095 49.06  73.953767  61.182817   -100 -100.00 -100.00 -100.00
  31    33.424 54958.74644154 54.36  73.958273  61.184293   -100 -100.00 -100.00 -100.00
  31    33.477 54958.74644213 54.02  73.962779  61.185768 23.421 -100.00 -100.00 -100.00
  32    32.900 54968.66208825 32.18  73.943452  61.180788 26.643 -100.00 -100.00 -100.00
  32    32.913 54968.66208885 33.88  73.947957  61.182264 30.206 -100.00 -100.00 -100.00
  32    32.870 54968.66208944 35.63  73.952463  61.183739   -100 -100.00 -100.00 -100.00
  32    33.181 54968.66209003 38.10  73.956969  61.185214   -100 -100.00 -100.00 -100.00
  33    33.006 54978.57773528 32.29  73.938087  61.181198 26.363  241.65  244.90  241.52
  33    32.943 54978.57773587 29.84  73.942592  61.182674 18.217  241.65  244.90  241.52
  33    33.121 54978.57773646 32.33  73.947097  61.184150 24.649  241.65  244.90  241.52
  33    33.155 54978.57773705 36.65  73.951603  61.185625   -100 -100.00 -100.00 -100.00
  34    22.019 54988.49338242 15.88  73.934105  61.181582  3.052 -100.00 -100.00 -100.00
  34    22.011 54988.49338301 16.20  73.938610  61.183058  3.105 -100.00 -100.00 -100.00
  34    22.043 54988.49338360 15.96  73.943116  61.184534  2.587 -100.00 -100.00 -100.00
  34    22.052 54988.49338419 15.46  73.947622  61.186009  2.687 -100.00 -100.00 -100.00
  35    33.030 54998.40902988 29.01  73.932531  61.181519 22.437 -100.00 -100.00 -100.00
  35    32.998 54998.40903047 29.56  73.937036  61.182995 19.700 -100.00 -100.00 -100.00
  35    32.931 54998.40903106 30.55  73.941542  61.184471 23.633 -100.00 -100.00 -100.00
  35    34.126 54998.40903165 32.97  73.946048  61.185946 27.485 -100.00 -100.00 -100.00
  36    32.918 55008.32467550 25.97  73.930910  61.181177 14.473  243.55  247.84  247.26
  36    32.863 55008.32467609 27.98  73.935415  61.182653 20.871  243.55  247.84  247.26
  36    32.737 55008.32467668 29.53  73.939920  61.184129 24.819  243.55  247.84  247.26
  36    33.960 55008.32467727 30.92  73.944426  61.185605 22.621  243.55  247.84  247.26
  37    33.078 55018.24031899 29.85  73.927699  61.180593 25.629  256.42  260.48  255.77
  37    32.637 55018.24031958 31.39  73.932204  61.182069   -100  256.42  260.48  255.77
  37    32.865 55018.24032017 29.11  73.936709  61.183545 23.318  256.42  260.48  255.77
  37    33.948 55018.24032076 28.12  73.941215  61.185021 18.595  256.42  260.48  255.77
  37    33.939 55018.24032135 34.90  73.945721  61.186496   -100 -100.00 -100.00 -100.00
  38    32.256 55028.15596105 38.09  73.923636  61.180717 21.861 -100.00 -100.00 -100.00
  38    32.190 55028.15596164 39.81  73.928141  61.182193 28.555 -100.00 -100.00 -100.00
  38    32.250 55028.15596223 42.31  73.932646  61.183669   -100 -100.00 -100.00 -100.00
  38    32.136 55028.15596282 40.64  73.937152  61.185145 27.560 -100.00 -100.00 -100.00
  38    32.021 55028.15596341 44.60  73.941658  61.186621   -100 -100.00 -100.00 -100.00
  39    31.677 55038.07160294 45.37  73.922477  61.181879   -100 -100.00 -100.00 -100.00
  39    31.797 55038.07160353 50.22  73.926982  61.183355  2.520 -100.00 -100.00 -100.00
  39    31.863 55038.07160412 47.71  73.931487  61.184831   -100 -100.00 -100.00 -100.00
  39    31.758 55038.07160471 51.23  73.935993  61.186307 26.974 -100.00 -100.00 -100.00
  40    32.989 55047.98724348 28.04  73.921551  61.181431 16.177  251.45  252.82  248.98
  40    30.692 55047.98724407 33.84  73.926056  61.182908   -100  251.45  252.82  248.98
  40    30.732 55047.98724466 36.19  73.930560  61.184384   -100  251.45  252.82  248.98
  40    31.843 55047.98724525 35.85  73.935066  61.185860   -100  251.45  252.82  248.98
  41    30.236 55057.90288254 41.58  73.926922  61.180500   -100  254.83  257.57  252.56
  41    29.959 55057.90288313 32.79  73.931426  61.181976 31.357  254.83  257.57  252.56
  41    29.874 55057.90288372 28.97  73.935931  61.183452 18.565  254.83  257.57  252.56
  41    29.889 55057.90288431 29.71  73.940436  61.184928 18.944  254.83  257.57  252.56
  41    33.836 55057.90288490 36.89  73.944941  61.186404   -100  254.83  257.57  252.56
  42    30.110 55067.81852189 43.90  73.941927  61.181780 31.904 -100.00 -100.00 -100.00
  42    29.799 55067.81852248 46.31  73.946432  61.183256   -100 -100.00 -100.00 -100.00
  42    29.835 55067.81852308 50.35  73.950937  61.184732   -100 -100.00 -100.00 -100.00
  42    29.470 55067.81852367 51.33  73.955443  61.186207 21.742 -100.00 -100.00 -100.00
  43    29.603 55077.73417224 43.98  73.944788  61.181627   -100 -100.00 -100.00 -100.00
  43    29.429 55077.73417283 46.37  73.949294  61.183102   -100 -100.00 -100.00 -100.00
  43    29.384 55077.73417342 48.25  73.953799  61.184578   -100 -100.00 -100.00 -100.00
  43    29.123 55077.73417401 48.44  73.958305  61.186053  6.986 -100.00 -100.00 -100.00
  44    28.799 55087.64981921 43.87  73.937323  61.180640   -100  251.09  251.13  249.74
  44    28.907 55087.64981980 42.51  73.941828  61.182116   -100  251.09  251.13  249.74
  44    28.756 55087.64982039 48.36  73.946334  61.183591 19.367  251.09  251.13  249.74
  44    28.747 55087.64982098 46.52  73.950840  61.185067  7.757  251.09  251.13  249.74
  44    28.714 55087.64982157 39.12  73.955346  61.186542 27.688  251.09  251.13  249.74
  45    30.224 55097.56546502 30.90  73.931412  61.181325 23.123 -100.00 -100.00 -100.00
  45    29.030 55097.56546561 32.26  73.935916  61.182800   -100 -100.00 -100.00 -100.00
  45    32.715 55097.56546620 26.07  73.940422  61.184276 14.458 -100.00 -100.00 -100.00
  45    34.235 55097.56546679 28.21  73.944928  61.185751 17.153 -100.00 -100.00 -100.00
  46    32.727 55107.48111011 30.65  73.924240  61.180481 26.776 -100.00 -100.00 -100.00
  46    30.295 55107.48111071 35.44  73.928745  61.181957   -100 -100.00 -100.00 -100.00
  46    32.363 55107.48111130 26.64  73.933250  61.183433 13.732 -100.00 -100.00 -100.00
  46    32.914 55107.48111189 23.91  73.937756  61.184909 10.458 -100.00 -100.00 -100.00
  46    34.155 55107.48111248 31.67  73.942262  61.186384 26.128 -100.00 -100.00 -100.00
  47    32.350 55117.39675593 28.29  73.929985  61.181370 22.165 -100.00 -100.00 -100.00
  47    31.999 55117.39675652 25.92  73.934490  61.182846 20.945 -100.00 -100.00 -100.00
  47    33.896 55117.39675711 22.67  73.938996  61.184321 12.663 -100.00 -100.00 -100.00
  47    34.017 55117.39675770 24.90  73.943502  61.185797 15.176 -100.00 -100.00 -100.00
  48    32.344 55127.31239952 26.90  73.937900  61.181445  9.490 -100.00 -100.00 -100.00
  48    32.598 55127.31240011 26.65  73.942406  61.182921  8.091 -100.00 -100.00 -100.00
  48    33.619 55127.31240070 26.37  73.946912  61.184396  7.916 -100.00 -100.00 -100.00
  48    31.145 55127.31240129 29.22  73.951419  61.185872 13.664 -100.00 -100.00 -100.00
  49    28.711 55137.22804040 39.84  73.942015  61.181045 29.542 -100.00 -100.00 -100.00
  49    28.580 55137.22804099 42.73  73.946521  61.182520   -100 -100.00 -100.00 -100.00
  49    28.338 55137.22804158 48.25  73.951028  61.183996  7.691 -100.00 -100.00 -100.00
  49    28.240 55137.22804217 52.50  73.955535  61.185471   -100 -100.00 -100.00 -100.00
  50    29.101 55147.14367922 39.09  73.943245  61.181762   -100 -100.00 -100.00 -100.00
  50    28.873 55147.14367981 42.29  73.947752  61.183238   -100 -100.00 -100.00 -100.00
  50    28.592 55147.14368040 41.57  73.952258  61.184714 10.783 -100.00 -100.00 -100.00
  50    28.748 55147.14368099 37.35  73.956766  61.186189   -100 -100.00 -100.00 -100.00
  51    29.167 55157.05931625 33.10  73.935193  61.180976 26.311 -100.00 -100.00 -100.00
  51    29.000 55157.05931684 37.94  73.939699  61.182452   -100 -100.00 -100.00 -100.00
  51    29.146 55157.05931743 37.88  73.944205  61.183928   -100 -100.00 -100.00 -100.00
  51    29.057 55157.05931802 33.77  73.948712  61.185403 31.127 -100.00 -100.00 -100.00
  52    29.189 55166.97495361 30.78  73.930780  61.180770 20.662 -100.00 -100.00 -100.00
  52    29.393 55166.97495420 34.08  73.935285  61.182246 26.628 -100.00 -100.00 -100.00
  52    29.130 55166.97495479 36.38  73.939791  61.183722   -100 -100.00 -100.00 -100.00
  52    29.266 55166.97495538 32.53  73.944297  61.185198 27.544 -100.00 -100.00 -100.00
  54    28.473 55186.80623431 21.61  73.934755  61.180787  7.078  248.67  244.00  230.77
  54    28.544 55186.80623490 21.29  73.939260  61.182263  6.515 -100.00 -100.00 -100.00
  54    29.323 55186.80623549 21.17  73.943766  61.183739  6.275 -100.00 -100.00 -100.00
  54    33.445 55186.80623608 20.29  73.948271  61.185215  6.043 -100.00 -100.00 -100.00
  55    30.744 55196.72188537 17.32  73.935069  61.181751  4.796 -100.00 -100.00 -100.00
  55    29.812 55196.72188596 17.13  73.939575  61.183227  5.441 -100.00 -100.00 -100.00
  55    33.498 55196.72188655 16.07  73.944080  61.184703  3.169 -100.00 -100.00 -100.00
  55    33.618 55196.72188714 15.84  73.948586  61.186178  3.170 -100.00 -100.00 -100.00
  56    31.591 55206.63753383 16.54  73.922689  61.180026  4.211 -100.00 -100.00 -100.00
  56    31.224 55206.63753442 16.51  73.927193  61.181503  4.594 -100.00 -100.00 -100.00
  56    30.794 55206.63753501 16.67  73.931698  61.182979  5.078 -100.00 -100.00 -100.00
  56    30.696 55206.63753560 15.83  73.936204  61.184455  3.896 -100.00 -100.00 -100.00
  56    30.450 55206.63753619 15.44  73.940710  61.185931  3.512 -100.00 -100.00 -100.00
  57    30.874 55216.55318319 16.34  73.921140  61.181991  4.315  248.21  239.27  214.67
  57    30.970 55216.55318378 15.92  73.925645  61.183467  4.207  248.21  239.27  214.67
  57    32.477 55216.55318437 15.61  73.930151  61.184943  3.561  248.21  239.27  214.67
  57    30.783 55216.55318496 15.06  73.934657  61.186419  3.272  248.21  239.27  214.67
  58    31.741 55226.46883131 14.67  73.916106  61.181113  4.062 -100.00 -100.00 -100.00
  58    31.379 55226.46883190 14.81  73.920611  61.182590  4.455 -100.00 -100.00 -100.00
  58    31.205 55226.46883249 14.79  73.925116  61.184066  3.944 -100.00 -100.00 -100.00
  58    31.000 55226.46883308 14.59  73.929622  61.185542  3.830 -100.00 -100.00 -100.00
  58    31.119 55226.46883367 13.91  73.934128  61.187018  3.363 -100.00 -100.00 -100.00
  59    31.379 55236.38447825 15.15  73.923603  61.181631  4.489  245.36  233.27  203.90
  59    31.259 55236.38447884 15.52  73.928109  61.183107  5.045  245.36  233.27  203.90
  59    31.155 55236.38447943 14.67  73.932614  61.184583  3.658  245.36  233.27  203.90
  59    31.149 55236.38448003 14.29  73.937121  61.186059  3.445  245.36  233.27  203.90
  60    31.973 55246.30012169 13.57  73.931809  61.180843  3.745 -100.00 -100.00 -100.00
  60    31.958 55246.30012228 13.45  73.936314  61.182319  3.460 -100.00 -100.00 -100.00
  60    32.243 55246.30012287 13.07  73.940821  61.183795  3.132 -100.00 -100.00 -100.00
  60    31.686 55246.30012346 13.16  73.945327  61.185270  3.140 -100.00 -100.00 -100.00
  61    30.939 55256.21576231 14.53  73.937979  61.180737  4.586 -100.00 -100.00 -100.00
  61    32.292 55256.21576290 13.62  73.942485  61.182213  3.206 -100.00 -100.00 -100.00
  61    32.436 55256.21576349 13.37  73.946992  61.183688  2.975 -100.00 -100.00 -100.00
  61    31.646 55256.21576408 13.28  73.951499  61.185164  3.159 -100.00 -100.00 -100.00
  62    30.680 55266.13140137 13.05  73.939283  61.181988  4.500  247.73  234.48  206.01
  62    31.726 55266.13140196 12.67  73.943789  61.183464  3.709  247.73  234.48  206.01
  62    30.957 55266.13140255 12.59  73.948296  61.184939  3.920  247.73  234.48  206.01
  62    31.668 55266.13140314 11.90  73.952803  61.186415  3.087  247.73  234.48  206.01
  63    31.942 55276.04703855 14.49  73.931020  61.181548  5.509 -100.00 -100.00 -100.00
  63    32.421 55276.04703914 13.48  73.935525  61.183024  3.391 -100.00 -100.00 -100.00
  63    31.946 55276.04703973 13.58  73.940032  61.184500  3.720 -100.00 -100.00 -100.00
  63    32.681 55276.04704032 13.20  73.944538  61.185975  3.298 -100.00 -100.00 -100.00
  64    33.257 55285.96267509 13.45  73.926956  61.180723  3.475  244.73  233.16  206.03
  64    32.939 55285.96267568 13.75  73.931461  61.182199  3.774  244.73  233.16  206.03
  64    33.207 55285.96267627 13.34  73.935966  61.183675  3.487  244.73  233.16  206.03
  64    32.987 55285.96267686 13.26  73.940472  61.185151  2.918  244.73  233.16  206.03
  64    33.276 55285.96267745 13.34  73.944978  61.186627  3.085  244.73  233.16  206.03
  65    33.439 55295.87831075 11.47  73.934538  61.180766  3.037 -100.00 -100.00 -100.00
  65    33.421 55295.87831134 11.44  73.939043  61.182242  2.991 -100.00 -100.00 -100.00
  65    33.401 55295.87831193 11.35  73.943548  61.183718  2.768 -100.00 -100.00 -100.00
  65    33.401 55295.87831252 11.31  73.948054  61.185194  2.576 -100.00 -100.00 -100.00
  66    27.849 55305.79395135 30.23  73.945228  61.181101   -100  260.55  260.60  261.39
  66    27.915 55305.79395194 30.30  73.949734  61.182576   -100  260.55  260.60  261.39
  66    28.048 55305.79395253 30.91  73.954239  61.184052   -100  260.55  260.60  261.39
  66    27.797 55305.79395312 29.08  73.958745  61.185527   -100  260.55  260.60  261.39
  67    28.708 55315.70959872 34.70  73.949425  61.181656 31.691  246.23  248.86  250.82
  67    28.806 55315.70959931 35.04  73.953930  61.183131 27.881  246.23  248.86  250.82
  67    32.893 55315.70959990 38.18  73.958437  61.184607   -100 -100.00 -100.00 -100.00
  67    33.257 55315.70960049 39.29  73.962943  61.186082   -100 -100.00 -100.00 -100.00
  68    31.333 55325.62524370 49.29  73.943983  61.181502   -100 -100.00 -100.00 -100.00
  68    31.046 55325.62524429 47.40  73.948488  61.182978 11.983 -100.00 -100.00 -100.00
  68    31.206 55325.62524488 50.42  73.952994  61.184453 12.059 -100.00 -100.00 -100.00
  68    31.130 55325.62524547 51.39  73.957500  61.185928 10.150 -100.00 -100.00 -100.00
  69    32.934 55335.54088710 28.59  73.933868  61.180988 17.637 -100.00 -100.00 -100.00
  69    32.843 55335.54088769 31.13  73.938373  61.182464 29.022 -100.00 -100.00 -100.00
  69    33.866 55335.54088828 29.73  73.942879  61.183940 23.030 -100.00 -100.00 -100.00
  69    34.029 55335.54088887 32.01  73.947384  61.185415 22.182 -100.00 -100.00 -100.00
  70    33.279 55345.45653037 27.94  73.926392  61.180571 19.136  233.35  238.21  237.70
  70    33.143 55345.45653096 28.38  73.930897  61.182047 18.377  233.35  238.21  237.70
  70    33.044 55345.45653155 31.64  73.935402  61.183523 31.793 -100.00 -100.00 -100.00
  70    33.352 55345.45653214 32.06  73.939907  61.184999 27.902 -100.00 -100.00 -100.00
  70    34.196 55345.45653274 34.99  73.944413  61.186475   -100 -100.00 -100.00 -100.00
  71    33.337 55355.37217375 30.10  73.929168  61.181625 21.890 -100.00 -100.00 -100.00
  71    33.316 55355.37217434 30.06  73.933673  61.183101 19.288 -100.00 -100.00 -100.00
  71    33.657 55355.37217493 33.10  73.938178  61.184577 26.807 -100.00 -100.00 -100.00
  71    33.630 55355.37217552 36.06  73.942684  61.186053   -100 -100.00 -100.00 -100.00
  72    33.927 55365.28781481 50.81  73.930819  61.181478   -100  237.51  247.31  239.08
  72    33.652 55365.28781541 50.37  73.935324  61.182954 24.233  237.51  247.31  239.08
  72    33.713 55365.28781600 43.64  73.939829  61.184430   -100  237.51  247.31  239.08
  72    33.704 55365.28781659 49.83  73.944335  61.185906   -100  237.51  247.31  239.08
  73    33.753 55375.20345441 31.11  73.933283  61.181718 20.830 -100.00 -100.00 -100.00
  73    33.661 55375.20345500 33.16  73.937788  61.183194 25.554 -100.00 -100.00 -100.00
  73    33.959 55375.20345559 34.28  73.942294  61.184670 30.025 -100.00 -100.00 -100.00
  73    33.965 55375.20345618 38.06  73.946800  61.186146   -100 -100.00 -100.00 -100.00
  74    33.915 55385.11909205 30.73  73.928608  61.180507 17.989  225.20  231.43  225.38
  74    33.795 55385.11909264 31.61  73.933113  61.181983 20.730  225.20  231.43  225.38
  74    33.761 55385.11909323 33.39  73.937618  61.183459 27.783  225.20  231.43  225.38
  74    33.992 55385.11909382 33.99  73.942123  61.184935 27.785  225.20  231.43  225.38
  74    34.131 55385.11909441 39.07  73.946629  61.186410   -100  225.20  231.43  225.38
  75    33.851 55395.03472916 32.89  73.926791  61.180361 28.444 -100.00 -100.00 -100.00
  75    33.770 55395.03472976 29.24  73.931296  61.181838 16.585 -100.00 -100.00 -100.00
  75    33.709 55395.03473035 30.29  73.935800  61.183314 18.039 -100.00 -100.00 -100.00
  75    33.948 55395.03473094 32.24  73.940306  61.184790 23.152 -100.00 -100.00 -100.00
  75    33.905 55395.03473153 37.11  73.944811  61.186266   -100 -100.00 -100.00 -100.00
  76    33.841 55404.95036853 30.03  73.928220  61.180444 20.695 -100.00 -100.00 -100.00
  76    33.624 55404.95036912 30.67  73.932725  61.181921 25.023 -100.00 -100.00 -100.00
  76    33.704 55404.95036971 30.45  73.937229  61.183397 20.571 -100.00 -100.00 -100.00
  76    33.582 55404.95037030 37.29  73.941734  61.184873   -100 -100.00 -100.00 -100.00
  76    34.042 55404.95037089 37.22  73.946240  61.186349 31.002 -100.00 -100.00 -100.00
  77    32.574 55414.86602035 35.91  73.932144  61.180930   -100 -100.00 -100.00 -100.00
  77    32.722 55414.86602094 33.14  73.936648  61.182406   -100 -100.00 -100.00 -100.00
  77    33.121 55414.86602153 29.36  73.941153  61.183882 23.087 -100.00 -100.00 -100.00
  77    34.176 55414.86602212 32.90  73.945658  61.185357 23.569 -100.00 -100.00 -100.00
  78    32.467 55424.78166964 25.76  73.941410  61.181972 18.963 -100.00 -100.00 -100.00
  78    32.807 55424.78167023 24.95  73.945915  61.183448 13.373 -100.00 -100.00 -100.00
  78    33.756 55424.78167082 25.19  73.950420  61.184923 12.715 -100.00 -100.00 -100.00
  78    33.234 55424.78167141 30.68  73.954926  61.186398 27.201 -100.00 -100.00 -100.00
  79    30.434 55434.69731553 46.50  73.943859  61.181341 11.166  249.53  250.47  247.72
  79    30.396 55434.69731612 48.61  73.948364  61.182816   -100  249.53  250.47  247.72
  79    30.434 55434.69731671 47.84  73.952869  61.184291 30.580  249.53  250.47  247.72
  79    30.578 55434.69731730 43.05  73.957375  61.185766   -100  249.53  250.47  247.72
  80    32.600 55444.61295950 28.09  73.939928  61.181018 18.568  254.01  254.88  252.10
  80    29.730 55444.61296009 30.82  73.944433  61.182494 26.451  254.01  254.88  252.10
  80    31.998 55444.61296068 26.98  73.948939  61.183969 15.631  254.01  254.88  252.10
  80    33.790 55444.61296127 22.86  73.953445  61.185444  6.427  254.01  254.88  252.10
  81    29.336 55454.52860258 32.30  73.935740  61.181897   -100 -100.00 -100.00 -100.00
  81    29.256 55454.52860317 30.33  73.940245  61.183373   -100 -100.00 -100.00 -100.00
  81    34.256 55454.52860376 28.64  73.944751  61.184848 20.073 -100.00 -100.00 -100.00
  81    33.965 55454.52860435 25.31  73.949257  61.186324 11.688 -100.00 -100.00 -100.00
  82    30.111 55464.44424435 36.34  73.927948  61.180907   -100  254.00  256.28  254.77
  82    29.553 55464.44424494 34.10  73.932453  61.182383   -100 -100.00 -100.00 -100.00
  82    29.451 55464.44424553 33.50  73.936958  61.183859   -100 -100.00 -100.00 -100.00
  82    33.902 55464.44424612 28.24  73.941463  61.185334 19.654 -100.00 -100.00 -100.00
  82    33.860 55464.44424671 33.77  73.945970  61.186810   -100 -100.00 -100.00 -100.00
  83    29.352 55474.35988497 35.68  73.933940  61.181612   -100 -100.00 -100.00 -100.00
  83    29.260 55474.35988556 35.30  73.938446  61.183088   -100 -100.00 -100.00 -100.00
  83    33.888 55474.35988615 30.33  73.942951  61.184564 28.156 -100.00 -100.00 -100.00
  83    34.034 55474.35988674 31.58  73.947458  61.186039 30.720 -100.00 -100.00 -100.00
  84    32.651 55484.27552240 26.86  73.939927  61.180561 21.748 -100.00 -100.00 -100.00
  84    33.657 55484.27552299 25.95  73.944433  61.182037 19.085 -100.00 -100.00 -100.00
  84    33.921 55484.27552358 24.39  73.948939  61.183513 15.086 -100.00 -100.00 -100.00
  84    33.637 55484.27552417 21.28  73.953445  61.184988  7.642 -100.00 -100.00 -100.00
  84    33.071 55484.27552476 22.88  73.957952  61.186464  9.737 -100.00 -100.00 -100.00
  85    32.257 55494.19115790 26.04  73.947030  61.180467 13.486 -100.00 -100.00 -100.00
  85    33.506 55494.19115850 23.12  73.951536  61.181943  9.778 -100.00 -100.00 -100.00
  85    32.383 55494.19115909 24.02  73.956042  61.183418 11.938 -100.00 -100.00 -100.00
  85    32.664 55494.19115968 26.46  73.960549  61.184894 16.367 -100.00 -100.00 -100.00
  85    32.842 55494.19116027 28.20  73.965057  61.186369 20.253 -100.00 -100.00 -100.00
  86    32.157 55504.10679188 29.37  73.949101  61.181333 17.284 -100.00 -100.00 -100.00
  86    33.386 55504.10679247 24.57  73.953607  61.182809  6.370 -100.00 -100.00 -100.00
  86    32.467 55504.10679306 25.16  73.958114  61.184284  7.000 -100.00 -100.00 -100.00
  86    32.693 55504.10679365 24.98  73.962620  61.185759  7.277 -100.00 -100.00 -100.00
  87    31.968 55514.02243990 32.07  73.940617  61.181875 18.634  249.50  251.19  251.49
  87    33.554 55514.02244049 31.32  73.945122  61.183351 17.813  249.50  251.19  251.49
  87    28.444 55514.02244108 34.45  73.949628  61.184826 29.616  249.50  251.19  251.49
  87    30.692 55514.02244167 31.58  73.954135  61.186302 18.653  249.50  251.19  251.49
  88    28.315 55523.93808804 35.48  73.927545  61.180430   -100 -100.00 -100.00 -100.00
  88    28.623 55523.93808863 31.28  73.932050  61.181906 19.978 -100.00 -100.00 -100.00
  88    28.685 55523.93808922 35.77  73.936555  61.183382   -100 -100.00 -100.00 -100.00
  88    28.450 55523.93808981 33.37  73.941060  61.184858 28.825 -100.00 -100.00 -100.00
  88    28.579 55523.93809040 30.14  73.945567  61.186334 18.983 -100.00 -100.00 -100.00
  89    32.338 55533.85373542 25.29  73.923702  61.180248 13.034 -100.00 -100.00 -100.00
  89    32.176 55533.85373602 23.78  73.928207  61.181724 10.031 -100.00 -100.00 -100.00
  89    31.969 55533.85373661 23.71  73.932712  61.183200  9.418 -100.00 -100.00 -100.00
  89    28.994 55533.85373720 23.50  73.937217  61.184676  9.637 -100.00 -100.00 -100.00
  89    29.759 55533.85373779 21.97  73.941723  61.186152  7.128 -100.00 -100.00 -100.00
  90    32.223 55543.76938175 19.74  73.926834  61.180927  5.146 -100.00 -100.00 -100.00
  90    31.967 55543.76938234 19.36  73.931339  61.182403  4.124 -100.00 -100.00 -100.00
  90    31.681 55543.76938293 19.63  73.935844  61.183879  4.702 -100.00 -100.00 -100.00
  90    31.371 55543.76938352 19.08  73.940350  61.185355  4.215 -100.00 -100.00 -100.00
  90    31.137 55543.76938411 18.95  73.944856  61.186831  3.872 -100.00 -100.00 -100.00
  91    32.140 55553.68502596 19.58  73.928052  61.181198  4.752  250.66  247.92  243.55
  91    31.634 55553.68502655 19.45  73.932557  61.182674  4.368 -100.00 -100.00 -100.00
  91    29.795 55553.68502714 20.02  73.937063  61.184150  6.141 -100.00 -100.00 -100.00
  91    31.043 55553.68502773 19.43  73.941569  61.185626  4.772 -100.00 -100.00 -100.00
  92    32.165 55563.60066872 18.35  73.925229  61.181097  3.877  247.94  244.65  235.55
  92    31.277 55563.60066931 18.55  73.929734  61.182573  4.251  247.94  244.65  235.55
  92    31.156 55563.60066990 18.09  73.934239  61.184049  3.677  247.94  244.65  235.55
  92    31.247 55563.60067049 17.87  73.938745  61.185525  3.639  247.94  244.65  235.55
  92    31.085 55563.60067108 17.65  73.943251  61.187001  3.557  247.94  244.65  235.55
  93    31.946 55573.51631073 17.93  73.921427  61.180326  4.417  251.41  248.09  235.82
  93    31.437 55573.51631132 17.92  73.925931  61.181803  4.034  251.41  248.09  235.82
  93    30.927 55573.51631191 18.09  73.930436  61.183279  3.978  251.41  248.09  235.82
  93    30.822 55573.51631250 17.58  73.934942  61.184755  3.801  251.41  248.09  235.82
  93    30.569 55573.51631309 17.68  73.939448  61.186231  4.060  251.41  248.09  235.82
  94    31.361 55583.43195233 18.09  73.926117  61.180919  4.986  248.68  243.09  225.20
  94    30.943 55583.43195292 18.58  73.930622  61.182395  4.791  248.68  243.09  225.20
  94    30.857 55583.43195351 17.82  73.935127  61.183871  4.081  248.68  243.09  225.20
  94    30.571 55583.43195410 17.59  73.939633  61.185347  4.224  248.68  243.09  225.20
  94    30.552 55583.43195469 17.44  73.944139  61.186823  4.048  248.68  243.09  225.20
  95    31.083 55593.34759085 17.91  73.934866  61.181313  4.053  248.62  242.24  222.74
  95    30.462 55593.34759144 17.33  73.939371  61.182789  3.533  248.62  242.24  222.74
  95    30.927 55593.34759203 17.49  73.943878  61.184265  3.682  248.62  242.24  222.74
  95    30.482 55593.34759262 17.35  73.948384  61.185741  3.515  248.62  242.24  222.74
  96    30.870 55603.26322586 17.36  73.942894  61.181046  4.038  251.87  245.40  224.18
  96    30.734 55603.26322645 17.02  73.947400  61.182522  3.420  251.87  245.40  224.18
  96    30.621 55603.26322704 17.15  73.951906  61.183998  3.769  251.87  245.40  224.18
  96    30.601 55603.26322763 17.05  73.956413  61.185473  3.957  251.87  245.40  224.18
  97    30.791 55613.17885842 16.29  73.947743  61.180869  3.661  247.03  237.34  213.16
  97    30.112 55613.17885901 16.27  73.952249  61.182345  3.693  247.03  237.34  213.16
  97    30.410 55613.17885960 15.95  73.956756  61.183821  3.630  247.03  237.34  213.16
  97    32.950 55613.17886019 16.03  73.961263  61.185296  4.091  247.03  237.34  213.16
  98    30.200 55623.09449469 16.23  73.948122  61.181186  3.889  247.23  237.17  209.85
  98    33.309 55623.09449528 15.98  73.952628  61.182662  3.538  247.23  237.17  209.85
  98    33.066 55623.09449587 15.97  73.957134  61.184137  3.303  247.23  237.17  209.85
  98    30.454 55623.09449646 16.18  73.961641  61.185613  4.179  247.23  237.17  209.85
  99    30.847 55633.01014680 14.49  73.941311  61.181557  3.969 -100.00 -100.00 -100.00
  99    31.121 55633.01014739 14.36  73.945816  61.183033  3.549 -100.00 -100.00 -100.00
  99    30.858 55633.01014798 14.13  73.950322  61.184509  3.487 -100.00 -100.00 -100.00
  99    30.512 55633.01014857 14.16  73.954829  61.185984  3.788 -100.00 -100.00 -100.00
 100    30.397 55642.92579682 14.87  73.937197  61.181452  4.007  251.61  240.70  214.04
 100    30.389 55642.92579741 14.52  73.941702  61.182928  4.011  251.61  240.70  214.04
 100    30.381 55642.92579800 14.41  73.946208  61.184403  3.730  251.61  240.70  214.04
 100    30.539 55642.92579859 13.99  73.950714  61.185879  3.848  251.61  240.70  214.04
 101    32.712 55652.84144430 11.36  73.936924  61.181054  3.757  242.23  231.54  205.40
 101    33.331 55652.84144489 11.14  73.941429  61.182530  3.022  242.23  231.54  205.40
 101    33.361 55652.84144548 11.10  73.945935  61.184005  3.459 -100.00 -100.00 -100.00
 101    33.132 55652.84144607 11.20  73.950441  61.185481  3.448 -100.00 -100.00 -100.00
 102    28.051 55662.75708830 43.43  73.943376  61.181697   -100  257.25  257.26  255.12
 102    27.984 55662.75708889 44.53  73.947881  61.183173 10.437  257.25  257.26  255.12
 102    28.126 55662.75708948 44.50  73.952387  61.184648   -100  257.25  257.26  255.12
 102    27.930 55662.75709007 48.74  73.956894  61.186123 26.050  257.25  257.26  255.12
 103    29.220 55672.67272870 44.62  73.943989  61.181444 20.950  244.95  246.42  248.55
 103    29.372 55672.67272929 44.46  73.948495  61.182919  6.589  244.95  246.42  248.55
 103    29.235 55672.67272988 39.07  73.953000  61.184394   -100  244.95  246.42  248.55
 103    33.386 55672.67273047 38.61  73.957507  61.185869   -100  244.95  246.42  248.55
 104    32.998 55682.58836768 28.54  73.943375  61.182039 16.138  233.66  234.42  236.43
 104    33.863 55682.58836827 30.48  73.947881  61.183514 20.211  233.66  234.42  236.43
 104    33.469 55682.58836886 32.49  73.952387  61.184990 21.244  233.66  234.42  236.43
 104    33.537 55682.58836945 36.57  73.956893  61.186465 27.285  233.66  234.42  236.43
 105    33.110 55692.50400435 32.31  73.935672  61.180853   -100  233.84  234.72  234.93
 105    33.033 55692.50400494 30.46  73.940178  61.182329 26.711  233.84  234.72  234.93
 105    32.974 55692.50400553 29.86  73.944683  61.183805 24.973  233.84  234.72  234.93
 105    33.357 55692.50400612 32.18  73.949189  61.185280 27.618  233.84  234.72  234.93
 106    33.195 55702.41964025 29.57  73.934798  61.181238 20.545  237.49  239.45  237.99
 106    33.071 55702.41964084 30.25  73.939303  61.182714 23.569  237.49  239.45  237.99
 106    33.371 55702.41964143 31.16  73.943808  61.184190 24.309 -100.00 -100.00 -100.00
 106    33.338 55702.41964202 35.51  73.948314  61.185666   -100 -100.00 -100.00 -100.00
 107    33.344 55712.33528333 46.69  73.934165  61.181432   -100 -100.00 -100.00 -100.00
 107    33.505 55712.33528392 42.28  73.938670  61.182908   -100 -100.00 -100.00 -100.00
 107    33.627 55712.33528451 37.91  73.943175  61.184384 17.133 -100.00 -100.00 -100.00
 107    33.703 55712.33528510 41.42  73.947681  61.185860 24.540 -100.00 -100.00 -100.00
 108    33.166 55722.25093237 48.83  73.929711  61.180694 23.156 -100.00 -100.00 -100.00
 108    33.133 55722.25093296 50.34  73.934216  61.182171   -100 -100.00 -100.00 -100.00
 108    33.133 55722.25093356 51.90  73.938722  61.183647   -100 -100.00 -100.00 -100.00
 108    33.133 55722.25093415 49.92  73.943227  61.185123 31.387 -100.00 -100.00 -100.00
 108    33.131 55722.25093474 52.12  73.947733  61.186598   -100 -100.00 -100.00 -100.00
 109    32.565 55732.16657985 38.04  73.928973  61.181234 25.992 -100.00 -100.00 -100.00
 109    32.481 55732.16658044 41.40  73.933478  61.182710   -100 -100.00 -100.00 -100.00
 109    32.476 55732.16658103 41.35  73.937983  61.184186   -100 -100.00 -100.00 -100.00
 109    32.369 55732.16658162 41.53  73.942489  61.185662   -100 -100.00 -100.00 -100.00
 110    32.981 55742.08222591 27.28  73.927768  61.181387 21.797  257.22  260.68  256.27
 110    32.428 55742.08222650 28.09  73.932272  61.182864 26.330  257.22  260.68  256.27
 110    32.908 55742.08222709 23.43  73.936778  61.184340 11.814 -100.00 -100.00 -100.00
 110    34.163 55742.08222768 24.45  73.941284  61.185815 12.270 -100.00 -100.00 -100.00
 111    30.691 55751.99787034 38.67  73.924672  61.180364   -100  252.32  252.61  250.62
 111    30.691 55751.99787093 33.16  73.929176  61.181840   -100  252.32  252.61  250.62
 111    30.469 55751.99787152 30.80  73.933681  61.183316 30.983  252.32  252.61  250.62
 111    30.443 55751.99787211 35.34  73.938186  61.184792   -100 -100.00 -100.00 -100.00
 111    30.601 55751.99787271 38.49  73.942692  61.186268   -100 -100.00 -100.00 -100.00
 112    30.317 55761.91351347 35.54  73.930599  61.180998   -100 -100.00 -100.00 -100.00
 112    29.945 55761.91351406 27.59  73.935104  61.182474 26.746 -100.00 -100.00 -100.00
 112    30.037 55761.91351465 28.80  73.939609  61.183950 27.163 -100.00 -100.00 -100.00
 112    30.219 55761.91351524 36.78  73.944115  61.185426   -100 -100.00 -100.00 -100.00
 113    29.659 55771.82915414 37.21  73.939808  61.182134 30.843  255.75  256.39  254.60
 113    29.632 55771.82915473 37.57  73.944313  61.183610 31.446  255.75  256.39  254.60
 113    29.724 55771.82915532 37.01  73.948818  61.185085 29.255  255.75  256.39  254.60
 114    29.460 55781.74479028 42.66  73.941088  61.180578 15.354 -100.00 -100.00 -100.00
 114    29.381 55781.74479087 39.25  73.945593  61.182053   -100 -100.00 -100.00 -100.00
 114    29.468 55781.74479146 31.33  73.950098  61.183529 22.077 -100.00 -100.00 -100.00
 114    30.183 55781.74479205 27.01  73.954604  61.185004 10.987 -100.00 -100.00 -100.00
 114    32.461 55781.74479264 30.34  73.959110  61.186479 19.622 -100.00 -100.00 -100.00
 115    29.282 55791.66042443 28.64  73.945405  61.181073 22.713 -100.00 -100.00 -100.00
 115    29.062 55791.66042502 28.41  73.949910  61.182549 23.080 -100.00 -100.00 -100.00
 115    33.394 55791.66042561 21.72  73.954416  61.184024  7.924 -100.00 -100.00 -100.00
 115    32.152 55791.66042620 26.20  73.958922  61.185499 16.532 -100.00 -100.00 -100.00
 116    29.188 55801.57605706 35.95  73.944187  61.180415   -100 -100.00 -100.00 -100.00
 116    31.224 55801.57605765 25.59  73.948692  61.181891 14.245 -100.00 -100.00 -100.00
 116    33.549 55801.57605824 19.97  73.953198  61.183366  5.948 -100.00 -100.00 -100.00
 116    32.619 55801.57605883 22.32  73.957703  61.184842  8.262 -100.00 -100.00 -100.00
 116    32.685 55801.57605942 24.86  73.962210  61.186317  8.681 -100.00 -100.00 -100.00
 117    29.345 55811.49170694 28.47  73.939330  61.180581 16.995  265.40  267.27  264.69
 117    29.137 55811.49170753 30.84  73.943835  61.182057 24.050  265.40  267.27  264.69
 117    33.884 55811.49170812 24.66  73.948340  61.183533  8.911  265.40  267.27  264.69
 117    30.111 55811.49170871 25.04  73.952846  61.185008 11.215  265.40  267.27  264.69
 117    33.050 55811.49170930 25.26  73.957353  61.186484 10.967  265.40  267.27  264.69
 118    29.659 55821.40735604 26.01  73.941351  61.181852 18.286  262.65  263.80  262.81
 118    32.389 55821.40735663 26.86  73.945857  61.183328 20.413  262.65  263.80  262.81
 118    33.790 55821.40735722 23.44  73.950363  61.184803 11.250  262.65  263.80  262.81
 118    32.771 55821.40735781 27.04  73.954869  61.186279 21.598  262.65  263.80  262.81
 119    32.200 55831.32300000 23.34  73.941896  61.181237 13.701  261.81  263.34  263.09
 119    33.803 55831.32300059 26.85  73.946402  61.182713 22.372  261.81  263.34  263.09
 119    33.731 55831.32300118 20.31  73.950908  61.184189  9.412  261.81  263.34  263.09
 119    33.416 55831.32300177 22.12  73.955414  61.185664 11.943  261.81  263.34  263.09
 120    29.039 55841.23863976 32.53  73.945859  61.181211   -100  252.26  254.01  253.64
 120    33.499 55841.23864035 24.30  73.950364  61.182687 13.474  252.26  254.01  253.64
 120    30.148 55841.23864094 22.63  73.954871  61.184162 11.672  252.26  254.01  253.64
 120    32.422 55841.23864153 22.96  73.959377  61.185638 12.656  252.26  254.01  253.64
 121    28.862 55851.15427597 31.25  73.945886  61.180845   -100  247.86  247.78  247.96
 121    32.103 55851.15427656 21.84  73.950392  61.182320 10.150  247.86  247.78  247.96
 121    28.725 55851.15427715 23.52  73.954898  61.183796 14.177  247.86  247.78  247.96
 121    30.297 55851.15427774 22.48  73.959405  61.185271 12.152  247.86  247.78  247.96
 122    28.833 55861.06990995 40.26  73.943911  61.181127 22.685 -100.00 -100.00 -100.00
 122    27.953 55861.06991054 45.89  73.948417  61.182603 17.667 -100.00 -100.00 -100.00
 122    28.163 55861.06991113 41.11  73.952923  61.184079   -100 -100.00 -100.00 -100.00
 122    28.129 55861.06991172 38.90  73.957429  61.185555   -100 -100.00 -100.00 -100.00
 123    27.941 55870.98556214 41.29  73.937663  61.181937   -100 -100.00 -100.00 -100.00
 123    27.947 55870.98556273 43.34  73.942168  61.183413   -100 -100.00 -100.00 -100.00
 123    27.813 55870.98556332 44.56  73.946674  61.184889   -100 -100.00 -100.00 -100.00
 123    27.769 55870.98556391 46.94  73.951180  61.186365 18.365 -100.00 -100.00 -100.00
 133    27.547 55970.14200242 24.23  73.938197  61.180958 16.869 -100.00 -100.00 -100.00
 133    28.705 55970.14200301 19.23  73.942703  61.182434  8.674 -100.00 -100.00 -100.00
 133    27.454 55970.14200360 21.36  73.947210  61.183909 11.945 -100.00 -100.00 -100.00
 133    28.886 55970.14200419 18.20  73.951717  61.185385  6.679 -100.00 -100.00 -100.00
 134    27.145 55980.05763835 25.25  73.935744  61.180914 20.790  249.14  236.99  202.27
 134    29.615 55980.05763894 16.88  73.940250  61.182390  4.581  249.14  236.99  202.27
 134    29.245 55980.05763953 16.74  73.944756  61.183866  5.007  249.14  236.99  202.27
 134    29.983 55980.05764012 16.37  73.949262  61.185342  4.509  249.14  236.99  202.27
 135    31.191 55989.97327375 16.61  73.937871  61.180678  5.417  247.66  234.31  198.29
 135    29.476 55989.97327434 16.30  73.942376  61.182154  4.714  247.66  234.31  198.29
 135    29.477 55989.97327493 17.14  73.946882  61.183630  6.439  247.66  234.31  198.29
 135    29.658 55989.97327552 17.04  73.951388  61.185106  6.388  247.66  234.31  198.29
 136    32.205 55999.88891806 16.80  73.944924  61.181891  4.272  247.89  233.54  195.31
 136    29.250 55999.88891865 18.25  73.949429  61.183367  6.880  247.89  233.54  195.31
 136    29.246 55999.88891924 17.64  73.953935  61.184842  6.143  247.89  233.54  195.31
 136    28.829 55999.88891983 18.84  73.958442  61.186318  7.262  247.89  233.54  195.31
 137    32.909 56009.80456866 13.82  73.945530  61.181659  3.736  248.73  234.44  201.88
 137    32.940 56009.80456925 13.85  73.950036  61.183134  3.776  248.73  234.44  201.88
 137    32.786 56009.80456984 13.60  73.954542  61.184610  3.596  248.73  234.44  201.88
 137    32.408 56009.80457043 13.86  73.959048  61.186085  3.706  248.73  234.44  201.88
 138    27.338 56019.72021498 22.83  73.943450  61.181451   -100  264.16  263.13  263.64
 138    27.458 56019.72021557 21.11  73.947955  61.182926   -100  264.16  263.13  263.64
 138    27.202 56019.72021616 17.83  73.952461  61.184402 27.279  264.16  263.13  263.64
 138    27.061 56019.72021675 17.30  73.956967  61.185877 26.265  264.16  263.13  263.64
 139    32.386 56029.63585809 27.56  73.937616  61.181252 13.116  253.97  252.15  247.75
 139    33.330 56029.63585868 28.05  73.942121  61.182728 14.591  253.97  252.15  247.75
 139    33.265 56029.63585927 29.77  73.946626  61.184203 16.298  253.97  252.15  247.75
 139    33.228 56029.63585986 29.91  73.951132  61.185679 17.508  253.97  252.15  247.75
 141    30.774 56049.46713916 39.58  73.930216  61.181550  6.090 -100.00 -100.00 -100.00
 141    30.527 56049.46713975 35.71  73.934721  61.183026   -100 -100.00 -100.00 -100.00
 141    30.770 56049.46714034 32.12  73.939226  61.184502 29.464 -100.00 -100.00 -100.00
 141    30.939 56049.46714093 39.60  73.943732  61.185977   -100 -100.00 -100.00 -100.00
 142    30.743 56059.38277633 38.37  73.930587  61.181166 17.192 -100.00 -100.00 -100.00
 142    32.384 56059.38277692 27.49  73.935092  61.182642 20.174 -100.00 -100.00 -100.00
 142    33.509 56059.38277751 24.49  73.939598  61.184118 12.727 -100.00 -100.00 -100.00
 142    33.874 56059.38277810 29.43  73.944103  61.185594 22.747 -100.00 -100.00 -100.00
 143    31.314 56069.29841151 40.79  73.934801  61.180762 20.624  257.89  260.98  259.21
 143    31.367 56069.29841210 26.79  73.939306  61.182238 22.448  257.89  260.98  259.21
 143    33.643 56069.29841269 23.38  73.943811  61.183714 11.679  257.89  260.98  259.21
 143    33.876 56069.29841328 23.43  73.948317  61.185190  9.307  257.89  260.98  259.21
 144    31.239 56079.21406239 36.90  73.932013  61.180828 26.743 -100.00 -100.00 -100.00
 144    31.042 56079.21406298 29.26  73.936518  61.182304  9.387 -100.00 -100.00 -100.00
 144    30.878 56079.21406357 29.14  73.941024  61.183780  9.471 -100.00 -100.00 -100.00
 144    34.031 56079.21406416 29.23  73.945530  61.185256  7.300 -100.00 -100.00 -100.00
 145    30.409 56089.12971063 37.20  73.929878  61.181668 27.719 -100.00 -100.00 -100.00
 145    30.461 56089.12971122 43.89  73.934383  61.183144   -100 -100.00 -100.00 -100.00
 145    30.694 56089.12971181 42.53  73.938889  61.184620   -100 -100.00 -100.00 -100.00
 145    30.623 56089.12971240 35.77  73.943395  61.186095 20.723 -100.00 -100.00 -100.00
 146    29.665 56099.04535596 40.83  73.925172  61.181306 13.359 -100.00 -100.00 -100.00
 146    29.663 56099.04535655 35.56  73.929677  61.182782   -100 -100.00 -100.00 -100.00
 146    29.729 56099.04535714 28.95  73.934182  61.184258 20.508 -100.00 -100.00 -100.00
 146    29.418 56099.04535773 29.29  73.938688  61.185734 19.153 -100.00 -100.00 -100.00
 147    28.874 56108.96099968 44.73  73.928322  61.181564  1.020 -100.00 -100.00 -100.00
 147    28.697 56108.96100027 42.83  73.932827  61.183040  2.203 -100.00 -100.00 -100.00
 147    28.711 56108.96100086 41.50  73.937332  61.184516   -100 -100.00 -100.00 -100.00
 147    28.800 56108.96100145 35.73  73.941838  61.185992 28.657 -100.00 -100.00 -100.00
 148    31.308 56118.87662906 26.16  73.934375  61.180793 25.049  266.99  270.43  267.98
 148    32.118 56118.87662965 22.55  73.938879  61.182269 14.136  266.99  270.43  267.98
 148    33.395 56118.87663024 22.91  73.943384  61.183744 14.756  266.99  270.43  267.98
 148    33.731 56118.87663083 26.24  73.947890  61.185220 18.079  266.99  270.43  267.98
 149    28.310 56128.79226667 40.25  73.943085  61.180451   -100 -100.00 -100.00 -100.00
 149    27.835 56128.79226726 43.68  73.947589  61.181926   -100 -100.00 -100.00 -100.00
 149    27.635 56128.79226785 44.66  73.952095  61.183402 13.487 -100.00 -100.00 -100.00
 149    27.633 56128.79226844 47.13  73.956600  61.184877 28.971 -100.00 -100.00 -100.00
 149    27.689 56128.79226903 37.66  73.961107  61.186352 30.118 -100.00 -100.00 -100.00
 150    30.186 56138.70790112 22.80  73.951719  61.181723 13.474  265.41  268.55  265.87
 150    30.233 56138.70790171 24.47  73.956225  61.183198 17.860  265.41  268.55  265.87
 150    27.328 56138.70790230 26.11  73.960730  61.184673 21.989 -100.00 -100.00 -100.00
 150    32.028 56138.70790289 21.79  73.965237  61.186148 11.459 -100.00 -100.00 -100.00
 151    28.229 56148.62354813 36.90  73.941260  61.180749 21.882  267.40  269.54  266.45
 151    27.872 56148.62354872 39.73  73.945765  61.182225   -100  267.40  269.54  266.45
 151    27.646 56148.62354931 46.04  73.950270  61.183700 20.810  267.40  269.54  266.45
 151    27.585 56148.62354990 43.71  73.954776  61.185176 25.282  267.40  269.54  266.45
 152    31.850 56158.53919704 22.48  73.936518  61.181902 12.331 -100.00 -100.00 -100.00
 152    28.510 56158.53919763 24.88  73.941023  61.183378 17.281 -100.00 -100.00 -100.00
 152    33.500 56158.53919822 25.22  73.945528  61.184854 17.071 -100.00 -100.00 -100.00
 152    33.223 56158.53919881 26.19  73.950034  61.186329 21.622 -100.00 -100.00 -100.00
 153    26.994 56168.45484443 29.00  73.930454  61.180702 28.260 -100.00 -100.00 -100.00
 153    27.204 56168.45484502 26.56  73.934959  61.182178 17.425 -100.00 -100.00 -100.00
 153    27.177 56168.45484561 28.51  73.939464  61.183654 22.934 -100.00 -100.00 -100.00
 153    26.977 56168.45484621 32.73  73.943970  61.185130   -100 -100.00 -100.00 -100.00
 153    27.678 56168.45484680 28.85  73.948476  61.186606 24.353 -100.00 -100.00 -100.00
 154    27.116 56178.37049050 29.46  73.939148  61.182011   -100 -100.00 -100.00 -100.00
 154    27.236 56178.37049109 27.48  73.943653  61.183486 22.110 -100.00 -100.00 -100.00
 154    33.384 56178.37049168 25.74  73.948159  61.184962 19.346 -100.00 -100.00 -100.00
 154    33.219 56178.37049227 21.48  73.952666  61.186437 10.362 -100.00 -100.00 -100.00
 155    28.639 56188.28613143 30.28  73.943142  61.181314 31.320  259.97  260.50  260.73
 155    33.239 56188.28613202 25.62  73.947647  61.182790 16.858  259.97  260.50  260.73
 155    29.605 56188.28613261 25.50  73.952153  61.184265 20.250  259.97  260.50  260.73
 155    27.355 56188.28613320 23.76  73.956660  61.185741 14.629 -100.00 -100.00 -100.00
 156    28.617 56198.20176878 31.92  73.944985  61.181305   -100  254.79  255.85  256.99
 156    33.435 56198.20176937 24.08  73.949491  61.182781 15.135  254.79  255.85  256.99
 156    29.783 56198.20176996 23.72  73.953998  61.184257 13.343  254.79  255.85  256.99
 156    28.595 56198.20177055 23.11  73.958504  61.185732 14.919 -100.00 -100.00 -100.00
 157    28.521 56208.11740284 37.74  73.942412  61.181762 19.479 -100.00 -100.00 -100.00
 157    27.744 56208.11740343 44.83  73.946918  61.183238   -100 -100.00 -100.00 -100.00
 157    27.534 56208.11740402 42.74  73.951424  61.184714  2.158 -100.00 -100.00 -100.00
 157    27.504 56208.11740461 38.99  73.955931  61.186189   -100 -100.00 -100.00 -100.00
 158    32.055 56218.03303475 23.43  73.936080  61.181371 12.731 -100.00 -100.00 -100.00
 158    32.368 56218.03303534 21.48  73.940585  61.182847  8.504 -100.00 -100.00 -100.00
 158    33.771 56218.03303593 27.33  73.945090  61.184323 20.935 -100.00 -100.00 -100.00
 158    27.626 56218.03303652 28.92  73.949596  61.185799 30.337 -100.00 -100.00 -100.00
 159    31.732 56227.94867863 23.19  73.928833  61.180477  7.473 -100.00 -100.00 -100.00
 159    31.641 56227.94867922 24.02  73.933337  61.181954  8.698 -100.00 -100.00 -100.00
 159    31.249 56227.94867981 22.86  73.937842  61.183430  6.185 -100.00 -100.00 -100.00
 159    29.458 56227.94868040 26.34  73.942347  61.184906 13.499 -100.00 -100.00 -100.00
 159    30.525 56227.94868099 24.18  73.946853  61.186382  9.278 -100.00 -100.00 -100.00
 160    27.598 56237.86433326 37.60  73.931977  61.181707   -100  242.67  239.59  234.65
 160    27.668 56237.86433385 38.53  73.936482  61.183183   -100  242.67  239.59  234.65
 160    28.264 56237.86433444 40.49  73.940987  61.184659 26.574  242.67  239.59  234.65
 160    27.948 56237.86433503 42.80  73.945493  61.186135   -100  242.67  239.59  234.65
 161    27.760 56247.77998332 27.81  73.930053  61.180622 15.497 -100.00 -100.00 -100.00
 161    27.828 56247.77998391 27.08  73.934557  61.182098 13.159 -100.00 -100.00 -100.00
 161    27.864 56247.77998450 27.24  73.939062  61.183574 14.338 -100.00 -100.00 -100.00
 161    27.892 56247.77998509 25.47  73.943568  61.185050 10.753 -100.00 -100.00 -100.00
 161    27.890 56247.77998568 25.97  73.948074  61.186525 11.448 -100.00 -100.00 -100.00
 162    27.971 56257.69562923 24.18  73.933865  61.181745  8.225  247.35  243.97  237.92
 162    28.816 56257.69562982 23.54  73.938370  61.183221  7.523  247.35  243.97  237.92
 162    29.130 56257.69563041 23.69  73.942876  61.184696  7.817  247.35  243.97  237.92
 162    29.847 56257.69563100 22.69  73.947382  61.186172  6.463  247.35  243.97  237.92
 163    30.826 56267.61127111 20.80  73.930504  61.181732  5.756  253.92  251.76  245.50
 163    29.916 56267.61127170 21.06  73.935009  61.183208  6.668  253.92  251.76  245.50
 163    29.507 56267.61127230 20.07  73.939515  61.184684  5.333  253.92  251.76  245.50
 163    29.634 56267.61127289 20.44  73.944021  61.186160  5.697  253.92  251.76  245.50
 164    29.160 56277.52691129 20.91  73.926924  61.181317  7.637  251.28  247.04  234.66
 164    30.462 56277.52691188 20.30  73.931429  61.182793  6.291  251.28  247.04  234.66
 164    29.912 56277.52691247 19.15  73.935934  61.184269  4.844  251.28  247.04  234.66
 164    29.581 56277.52691306 19.42  73.940440  61.185745  5.390  251.28  247.04  234.66
 165    30.732 56287.44255963 19.77  73.926764  61.181267  5.728 -100.00 -100.00 -100.00
 165    30.603 56287.44256022 19.80  73.931269  61.182743  5.969 -100.00 -100.00 -100.00
 165    29.876 56287.44256081 19.35  73.935775  61.184219  6.111 -100.00 -100.00 -100.00
 165    29.490 56287.44256140 18.94  73.940281  61.185695  5.242 -100.00 -100.00 -100.00
 166    30.618 56297.35820956 18.93  73.932455  61.181006  6.205  250.94  245.13  223.71
 166    30.282 56297.35821016 18.52  73.936961  61.182482  5.523  250.94  245.13  223.71
 166    30.733 56297.35821075 17.73  73.941467  61.183958  4.481  250.94  245.13  223.71
 166    31.106 56297.35821134 17.30  73.945973  61.185434  3.599  250.94  245.13  223.71
 167    30.369 56307.27385600 17.74  73.941996  61.181761  4.910  249.18  240.21  213.83
 167    29.546 56307.27385659 17.54  73.946502  61.183237  4.247  249.18  240.21  213.83
 167    29.594 56307.27385718 18.42  73.951009  61.184712  5.669  249.18  240.21  213.83
 167    30.513 56307.27385777 18.05  73.955516  61.186188  5.516 -100.00 -100.00 -100.00
 168    29.715 56317.18949848 16.80  73.941904  61.181160  5.666 -100.00 -100.00 -100.00
 168    29.908 56317.18949907 15.86  73.946410  61.182636  4.204 -100.00 -100.00 -100.00
 168    29.819 56317.18949966 16.17  73.950917  61.184111  4.922 -100.00 -100.00 -100.00
 168    29.058 56317.18950025 18.94  73.955424  61.185587  9.116 -100.00 -100.00 -100.00
 169    30.095 56327.10513922 17.28  73.938315  61.181966  5.737  248.15  237.39  206.21
 169    30.144 56327.10513981 16.87  73.942821  61.183442  4.186  248.15  237.39  206.21
 169    30.690 56327.10514040 16.34  73.947327  61.184918  4.230  248.15  237.39  206.21
 169    29.648 56327.10514099 16.32  73.951835  61.186393  4.362  248.15  237.39  206.21
 170    30.538 56337.02077842 16.51  73.931237  61.181435  5.701 -100.00 -100.00 -100.00
 170    29.931 56337.02077901 16.79  73.935742  61.182911  6.631 -100.00 -100.00 -100.00
 170    29.679 56337.02077960 15.81  73.940248  61.184387  5.280 -100.00 -100.00 -100.00
 170    29.684 56337.02078019 15.30  73.944754  61.185863  4.035 -100.00 -100.00 -100.00
 171    30.802 56346.93641651 16.26  73.930096  61.180684  4.591 -100.00 -100.00 -100.00
 171    30.690 56346.93641710 16.24  73.934601  61.182160  4.362 -100.00 -100.00 -100.00
 171    30.233 56346.93641769 16.89  73.939106  61.183636  6.441 -100.00 -100.00 -100.00
 171    30.739 56346.93641829 15.73  73.943612  61.185112  3.605 -100.00 -100.00 -100.00
 171    30.583 56346.93641888 15.48  73.948118  61.186588  4.183 -100.00 -100.00 -100.00
 172    30.030 56356.85205340 15.87  73.941311  61.181649  5.475 -100.00 -100.00 -100.00
 172    30.339 56356.85205399 15.69  73.945817  61.183124  5.433 -100.00 -100.00 -100.00
 172    30.800 56356.85205458 15.24  73.950322  61.184600  4.663 -100.00 -100.00 -100.00
 172    30.904 56356.85205517 15.09  73.954829  61.186076  4.081 -100.00 -100.00 -100.00
 173    31.215 56366.76770161 13.56  73.944448  61.181433  4.477 -100.00 -100.00 -100.00
 173    30.842 56366.76770220 13.79  73.948953  61.182908  4.055 -100.00 -100.00 -100.00
 173    31.180 56366.76770279 13.38  73.953459  61.184384  3.849 -100.00 -100.00 -100.00
 173    31.304 56366.76770338 13.11  73.957965  61.185859  3.222 -100.00 -100.00 -100.00
 176    33.492 56396.51463762 10.21  73.924813  61.181594  4.107  249.17  237.77  220.56
 176    33.750 56396.51463821  9.49  73.929317  61.183070  2.644  249.17  237.77  220.56
 176    33.897 56396.51463880 10.20  73.933823  61.184546  3.991  249.17  237.77  220.56
 176    34.223 56396.51463940  9.81  73.938328  61.186022  2.968  249.17  237.77  220.56
 177    28.104 56406.43027837 33.75  73.918792  61.180469   -100 -100.00 -100.00 -100.00
 177    28.021 56406.43027896 32.88  73.923296  61.181946   -100 -100.00 -100.00 -100.00
 177    27.994 56406.43027955 35.37  73.927801  61.183422   -100 -100.00 -100.00 -100.00
 177    27.909 56406.43028014 33.22  73.932306  61.184898   -100 -100.00 -100.00 -100.00
 177    27.926 56406.43028073 33.43  73.936812  61.186374   -100 -100.00 -100.00 -100.00
 178    30.619 56416.34591668 43.07  73.923346  61.180514  8.401 -100.00 -100.00 -100.00
 178    30.507 56416.34591728 42.39  73.927851  61.181990 10.182 -100.00 -100.00 -100.00
 178    30.513 56416.34591787 42.52  73.932356  61.183466  6.812 -100.00 -100.00 -100.00
 178    30.541 56416.34591846 46.35  73.936861  61.184943 25.945 -100.00 -100.00 -100.00
 178    30.679 56416.34591905 42.49  73.941367  61.186419  1.863 -100.00 -100.00 -100.00
 179    33.029 56426.26155092 31.44  73.934827  61.181244 24.929  232.94  236.07  237.55
 179    32.996 56426.26155151 29.91  73.939333  61.182720 20.412 -100.00 -100.00 -100.00
 179    33.631 56426.26155210 29.67  73.943838  61.184196 20.740 -100.00 -100.00 -100.00
 179    33.948 56426.26155269 32.01  73.948344  61.185672 24.935 -100.00 -100.00 -100.00
 180    33.289 56436.17720139 31.73  73.937240  61.182096 28.200 -100.00 -100.00 -100.00
 180    33.393 56436.17720198 31.02  73.941745  61.183572 22.017 -100.00 -100.00 -100.00
 180    33.458 56436.17720257 34.22  73.946251  61.185048   -100 -100.00 -100.00 -100.00
 180    33.555 56436.17720316 36.74  73.950757  61.186524   -100 -100.00 -100.00 -100.00
 181    33.643 56446.09285232 30.94  73.929796  61.181429 23.040  221.62  224.71  223.34
 181    33.638 56446.09285291 30.91  73.934301  61.182905 24.111 -100.00 -100.00 -100.00
 181    33.624 56446.09285350 34.54  73.938807  61.184381   -100 -100.00 -100.00 -100.00
 181    33.677 56446.09285409 37.89  73.943312  61.185857   -100 -100.00 -100.00 -100.00
 182    33.909 56456.00850072 39.36  73.921137  61.180445   -100 -100.00 -100.00 -100.00
 182    33.907 56456.00850131 30.72  73.925642  61.181922 17.148 -100.00 -100.00 -100.00
 182    33.883 56456.00850190 31.20  73.930147  61.183398 17.446 -100.00 -100.00 -100.00
 182    33.757 56456.00850249 36.24  73.934652  61.184874   -100 -100.00 -100.00 -100.00
 182    34.154 56456.00850308 38.91  73.939158  61.186349 32.245 -100.00 -100.00 -100.00
 183    33.970 56465.92414713 33.64  73.922874  61.180947 26.731  211.53  211.84  208.72
 183    33.959 56465.92414772 31.61  73.927379  61.182423 16.808  211.53  211.84  208.72
 183    33.860 56465.92414831 32.90  73.931884  61.183899 21.974 -100.00 -100.00 -100.00
 183    34.167 56465.92414890 39.78  73.936389  61.185375   -100 -100.00 -100.00 -100.00
 183    34.091 56465.92414949 39.88  73.940895  61.186851   -100 -100.00 -100.00 -100.00
 184    34.207 56475.83979028 32.50  73.931140  61.181312 26.016 -100.00 -100.00 -100.00
 184    34.168 56475.83979087 34.86  73.935644  61.182788   -100 -100.00 -100.00 -100.00
 184    34.133 56475.83979146 34.28  73.940150  61.184264 28.301 -100.00 -100.00 -100.00
 184    34.312 56475.83979206 38.39  73.944655  61.185739   -100 -100.00 -100.00 -100.00
 185    34.206 56485.75543031 55.33  73.943076  61.181993   -100  222.45  226.49  217.45
 185    34.196 56485.75543090 55.19  73.947581  61.183468   -100  222.45  226.49  217.45
 185    34.212 56485.75543149 57.40  73.952087  61.184943   -100  222.45  226.49  217.45
 185    34.230 56485.75543208 55.39  73.956593  61.186418   -100  222.45  226.49  217.45
 187    32.346 56505.58670060 44.00  73.941436  61.180746   -100 -100.00 -100.00 -100.00
 187    32.637 56505.58670119 43.56  73.945941  61.182222   -100 -100.00 -100.00 -100.00
 187    32.394 56505.58670178 48.32  73.950447  61.183697 13.282 -100.00 -100.00 -100.00
 187    32.739 56505.58670237 47.90  73.954952  61.185172   -100 -100.00 -100.00 -100.00
 188    32.984 56515.50233344 30.79  73.938619  61.180886 14.273  263.60  264.51  260.84
 188    32.510 56515.50233403 29.39  73.943123  61.182362 11.100  263.60  264.51  260.84
 188    32.824 56515.50233462 28.37  73.947628  61.183837  7.814  263.60  264.51  260.84
 188    33.241 56515.50233521 31.22  73.952134  61.185313 14.675  263.60  264.51  260.84
 189    33.120 56525.41798742 22.73  73.934611  61.181218 11.549 -100.00 -100.00 -100.00
 189    32.954 56525.41798801 23.06  73.939116  61.182694 12.456 -100.00 -100.00 -100.00
 189    33.547 56525.41798860 25.89  73.943621  61.184170 18.441 -100.00 -100.00 -100.00
 189    33.782 56525.41798919 24.88  73.948127  61.185646 14.064 -100.00 -100.00 -100.00
 190    33.081 56535.33363839 25.27  73.935367  61.180868 15.901 -100.00 -100.00 -100.00
 190    32.886 56535.33363898 22.21  73.939872  61.182344 10.521 -100.00 -100.00 -100.00
 190    33.588 56535.33363957 26.25  73.944378  61.183819 19.739 -100.00 -100.00 -100.00
 190    33.603 56535.33364016 22.52  73.948884  61.185295  9.810 -100.00 -100.00 -100.00
 192    32.825 56555.16493004 23.37  73.937729  61.181006 15.258 -100.00 -100.00 -100.00
 192    32.689 56555.16493063 23.61  73.942235  61.182482 14.499 -100.00 -100.00 -100.00
 192    32.801 56555.16493122 24.30  73.946741  61.183958 16.977 -100.00 -100.00 -100.00
 192    33.677 56555.16493181 20.94  73.951247  61.185433  8.762 -100.00 -100.00 -100.00
 193    28.643 56565.08057224 36.95  73.931623  61.181137   -100  252.53  254.39  253.38
 193    28.601 56565.08057283 37.22  73.936128  61.182613  5.239  252.53  254.39  253.38
 193    28.576 56565.08057342 36.70  73.940634  61.184089  6.602  252.53  254.39  253.38
 193    28.724 56565.08057401 38.48  73.945140  61.185565 12.271  252.53  254.39  253.38
 194    33.173 56574.99621266 23.62  73.922278  61.180395 13.964 -100.00 -100.00 -100.00
 194    30.423 56574.99621325 30.87  73.926782  61.181872   -100 -100.00 -100.00 -100.00
 194    32.715 56574.99621384 23.04  73.931287  61.183348 10.948 -100.00 -100.00 -100.00
 194    32.904 56574.99621443 21.83  73.935793  61.184824 10.012 -100.00 -100.00 -100.00
 194    33.614 56574.99621502 25.27  73.940299  61.186300 14.252 -100.00 -100.00 -100.00
 195    32.948 56584.91185108 28.12  73.921967  61.180713 11.866 -100.00 -100.00 -100.00
 195    32.856 56584.91185167 25.70  73.926471  61.182189  8.361 -100.00 -100.00 -100.00
 195    32.476 56584.91185226 26.12  73.930976  61.183666  8.738 -100.00 -100.00 -100.00
 195    32.315 56584.91185285 24.91  73.935481  61.185142  7.355 -100.00 -100.00 -100.00
 195    31.968 56584.91185344 25.91  73.939987  61.186618  8.364 -100.00 -100.00 -100.00
 196    28.424 56594.82748790 23.96  73.930546  61.181568 12.347 -100.00 -100.00 -100.00
 196    31.846 56594.82748849 22.57  73.935051  61.183044  9.701 -100.00 -100.00 -100.00
 196    28.507 56594.82748908 24.12  73.939556  61.184520 12.778 -100.00 -100.00 -100.00
 196    28.826 56594.82748967 29.32  73.944061  61.185996 22.397 -100.00 -100.00 -100.00
 197    29.032 56604.74314051 40.42  73.928935  61.180558 32.717 -100.00 -100.00 -100.00
 197    28.989 56604.74314110 41.70  73.933440  61.182034   -100 -100.00 -100.00 -100.00
 197    29.067 56604.74314169 41.21  73.937945  61.183510   -100 -100.00 -100.00 -100.00
 197    28.810 56604.74314228 43.32  73.942450  61.184986   -100 -100.00 -100.00 -100.00
 197    28.796 56604.74314287 40.95  73.946956  61.186462   -100 -100.00 -100.00 -100.00
 198    30.401 56614.65878908 39.87  73.932527  61.181476 20.294 -100.00 -100.00 -100.00
 198    31.068 56614.65878967 40.81  73.937032  61.182952 14.451 -100.00 -100.00 -100.00
 198    29.905 56614.65879026 48.20  73.941537  61.184427   -100 -100.00 -100.00 -100.00
 198    29.662 56614.65879085 49.91  73.946043  61.185903  0.873 -100.00 -100.00 -100.00
 199    29.402 56624.57443308 38.67  73.929182  61.180848   -100  253.58  252.97  251.78
 199    29.751 56624.57443367 39.51  73.933687  61.182324   -100  253.58  252.97  251.78
 199    29.511 56624.57443426 41.83  73.938192  61.183800   -100  253.58  252.97  251.78
 199    29.443 56624.57443485 46.43  73.942698  61.185275 18.586  253.58  252.97  251.78
 199    29.514 56624.57443544 43.76  73.947204  61.186751   -100 -100.00 -100.00 -100.00
 200    30.049 56634.49007448 25.87  73.927165  61.180518  9.996  251.02  248.84  244.65
 200    30.156 56634.49007507 27.15  73.931670  61.181995 11.922 -100.00 -100.00 -100.00
 200    30.148 56634.49007566 28.07  73.936175  61.183471 14.837 -100.00 -100.00 -100.00
 200    30.184 56634.49007625 28.20  73.940681  61.184947 15.315 -100.00 -100.00 -100.00
 200    29.941 56634.49007684 30.28  73.945187  61.186422 20.944 -100.00 -100.00 -100.00
 201    31.615 56644.40571199 25.97  73.931216  61.180815 11.000 -100.00 -100.00 -100.00
 201    29.866 56644.40571258 25.32  73.935721  61.182291  8.965 -100.00 -100.00 -100.00
 201    29.803 56644.40571317 27.20  73.940227  61.183767 13.038 -100.00 -100.00 -100.00
 201    29.926 56644.40571376 26.44  73.944733  61.185243 11.786 -100.00 -100.00 -100.00
 202    31.897 56654.32136553 21.19  73.935495  61.181607  6.667  255.90  253.60  246.13
 202    29.650 56654.32136612 21.20  73.940001  61.183083  7.146  255.90  253.60  246.13
 202    29.544 56654.32136671 22.44  73.944507  61.184559  9.195  255.90  253.60  246.13
 202    30.266 56654.32136730 21.39  73.949014  61.186035  8.069  255.90  253.60  246.13
 203    31.993 56664.23701442 21.18  73.937683  61.181055  6.220  251.70  248.34  240.48
 203    31.647 56664.23701501 22.09  73.942189  61.182531  7.086  251.70  248.34  240.48
 203    29.065 56664.23701560 23.81  73.946696  61.184007  9.744  251.70  248.34  240.48
 203    29.692 56664.23701619 24.69  73.951203  61.185483 11.791 -100.00 -100.00 -100.00
 205    31.560 56684.06830483 19.59  73.934626  61.181089  5.332  249.15  244.03  230.04
 205    31.317 56684.06830542 19.76  73.939132  61.182565  7.196  249.15  244.03  230.04
 205    31.754 56684.06830601 19.22  73.943638  61.184040  5.551  249.15  244.03  230.04
 205    31.393 56684.06830660 19.93  73.948145  61.185516  7.103 -100.00 -100.00 -100.00
 206    31.692 56693.98394723 17.96  73.931942  61.181578  4.679 -100.00 -100.00 -100.00
 206    31.755 56693.98394782 17.75  73.936448  61.183054  4.789 -100.00 -100.00 -100.00
 206    31.411 56693.98394841 17.77  73.940954  61.184530  4.950 -100.00 -100.00 -100.00
 206    30.634 56693.98394900 18.93  73.945460  61.186005  6.943 -100.00 -100.00 -100.00
 207    31.625 56703.89958554 18.33  73.932784  61.181689  4.296  247.43  240.89  219.43
 207    31.240 56703.89958613 18.33  73.937289  61.183165  4.294 -100.00 -100.00 -100.00
 207    31.665 56703.89958672 18.62  73.941795  61.184641  5.376 -100.00 -100.00 -100.00
 207    31.432 56703.89958731 17.90  73.946301  61.186117  3.677 -100.00 -100.00 -100.00
 208    30.756 56713.81521875 18.17  73.937024  61.180957  4.561  250.14  241.41  218.37
 208    31.233 56713.81521934 17.71  73.941529  61.182433  4.925  250.14  241.41  218.37
 208    30.783 56713.81521993 18.67  73.946034  61.183909  6.305  250.14  241.41  218.37
 208    31.411 56713.81522052 18.09  73.950540  61.185385  5.419  250.14  241.41  218.37
 209    21.840 56723.73086862 16.21  73.940356  61.182061  3.494  252.39  243.29  217.99
 209    21.772 56723.73086921 16.63  73.944862  61.183536  4.594  252.39  243.29  217.99
 209    21.790 56723.73086980 16.37  73.949367  61.185012  4.150  252.39  243.29  217.99
 209    21.776 56723.73087039 15.81  73.953874  61.186487  3.539 -100.00 -100.00 -100.00
 210    33.388 56733.64651867 11.61  73.935656  61.181903  2.679  251.52  245.11  231.16
 210    33.574 56733.64651926 11.61  73.940161  61.183379  2.563  251.52  245.11  231.16
 210    33.685 56733.64651985 11.74  73.944667  61.184854  2.517  251.52  245.11  231.16
 210    33.411 56733.64652044 11.89  73.949173  61.186330  2.870  251.52  245.11  231.16
 211    33.461 56743.56216457 14.48  73.923804  61.180502  4.332  235.85  221.79  197.69
 211    32.923 56743.56216516 16.06  73.928308  61.181978  6.137  235.85  221.79  197.69
 211    33.151 56743.56216575 15.47  73.932814  61.183454  5.571  235.85  221.79  197.69
 211    32.010 56743.56216635 17.58  73.937319  61.184930  8.452 -100.00 -100.00 -100.00
 211    32.896 56743.56216694 16.11  73.941826  61.186405  6.519 -100.00 -100.00 -100.00
 212    33.532 56753.47780747  7.39  73.922568  61.181738  4.404 -100.00 -100.00 -100.00
 212    33.370 56753.47780806  8.21  73.927073  61.183215  4.681 -100.00 -100.00 -100.00
 212    33.412 56753.47780865  7.65  73.931579  61.184691  3.932 -100.00 -100.00 -100.00
 212    33.437 56753.47780924  8.19  73.936084  61.186167  4.508 -100.00 -100.00 -100.00
 213    28.633 56763.39344455 31.50  73.919946  61.180401   -100 -100.00 -100.00 -100.00
 213    28.838 56763.39344514 26.10  73.924450  61.181878 30.449 -100.00 -100.00 -100.00
 213    28.809 56763.39344573 28.90  73.928955  61.183354   -100 -100.00 -100.00 -100.00
 213    28.686 56763.39344632 26.83  73.933460  61.184830   -100 -100.00 -100.00 -100.00
 213    28.632 56763.39344691 26.68  73.937966  61.186306   -100 -100.00 -100.00 -100.00
 214    30.781 56773.30907914 40.71  73.930380  61.181638   -100 -100.00 -100.00 -100.00
 214    30.863 56773.30907973 30.60  73.934885  61.183114   -100 -100.00 -100.00 -100.00
 214    30.909 56773.30908032 29.41  73.939390  61.184590 27.152 -100.00 -100.00 -100.00
 214    30.938 56773.30908091 27.74  73.943896  61.186066 19.954 -100.00 -100.00 -100.00
 215    33.648 56783.22473636 33.53  73.927708  61.181253 26.839  224.98  226.37  227.46
 215    33.513 56783.22473695 36.02  73.932213  61.182730   -100  224.98  226.37  227.46
 215    33.512 56783.22473754 35.46  73.936719  61.184206   -100  224.98  226.37  227.46
 215    33.960 56783.22473813 39.12  73.941225  61.185682   -100 -100.00 -100.00 -100.00
 216    33.796 56793.14038960 30.12  73.922777  61.180398 16.531  211.42  215.99  214.89
 216    33.599 56793.14039019 30.60  73.927282  61.181874 18.567  211.42  215.99  214.89
 216    33.537 56793.14039078 31.30  73.931787  61.183350 20.476 -100.00 -100.00 -100.00
 216    33.824 56793.14039137 32.92  73.936293  61.184826 23.535 -100.00 -100.00 -100.00
 216    34.056 56793.14039196 37.73  73.940799  61.186302   -100 -100.00 -100.00 -100.00
 217    33.848 56803.05604072 33.02  73.923367  61.181634 29.277 -100.00 -100.00 -100.00
 217    33.909 56803.05604131 31.09  73.927873  61.183110 19.443 -100.00 -100.00 -100.00
 217    33.840 56803.05604190 33.20  73.932378  61.184585 28.037 -100.00 -100.00 -100.00
 217    34.161 56803.05604249 38.84  73.936884  61.186061   -100 -100.00 -100.00 -100.00
 218    33.997 56812.97168357 31.84  73.922918  61.181183 23.040  202.23  208.04  205.26
 218    34.028 56812.97168416 31.24  73.927423  61.182659 17.146  202.23  208.04  205.26
 218    33.797 56812.97168476 33.70  73.931929  61.184135 27.044  202.23  208.04  205.26
 218    34.196 56812.97168535 35.87  73.936434  61.185611 28.721  202.23  208.04  205.26
 218    34.146 56812.97168594 38.77  73.940941  61.187087   -100  202.23  208.04  205.26
 219    34.137 56822.88732320 35.62  73.925730  61.180697 31.333  209.71  217.48  204.23
 219    34.131 56822.88732379 33.58  73.930235  61.182173 22.201  209.71  217.48  204.23
 219    34.053 56822.88732438 32.69  73.934740  61.183649 17.397 -100.00 -100.00 -100.00
 219    34.390 56822.88732497 36.84  73.939245  61.185125 27.461 -100.00 -100.00 -100.00
 219    34.292 56822.88732556 39.78  73.943751  61.186600   -100 -100.00 -100.00 -100.00
 220    22.094 56832.80295926 21.90  73.933875  61.181084  3.981 -100.00 -100.00 -100.00
 220    22.074 56832.80295985 21.83  73.938380  61.182560  3.565 -100.00 -100.00 -100.00
 220    22.066 56832.80296044 22.58  73.942886  61.184035  3.527 -100.00 -100.00 -100.00
 220    22.061 56832.80296103 23.25  73.947391  61.185511  4.175 -100.00 -100.00 -100.00
 221    33.843 56842.71859201 37.83  73.942527  61.181607 23.691 -100.00 -100.00 -100.00
 221    33.833 56842.71859260 36.69  73.947032  61.183083 18.557 -100.00 -100.00 -100.00
 221    33.795 56842.71859319 39.80  73.951537  61.184558 28.486 -100.00 -100.00 -100.00
 221    34.063 56842.71859379 43.99  73.956043  61.186033   -100 -100.00 -100.00 -100.00
 222    33.278 56852.63423250 32.66  73.944304  61.181974   -100  240.54  243.60  237.99
 222    33.622 56852.63423309 30.45  73.948810  61.183450 22.060  240.54  243.60  237.99
 222    33.442 56852.63423368 33.76  73.953315  61.184925   -100  240.54  243.60  237.99
 222    33.782 56852.63423427 37.01  73.957821  61.186400   -100  240.54  243.60  237.99
 223    32.930 56862.54988611 27.94  73.937764  61.181818 13.723 -100.00 -100.00 -100.00
 223    33.097 56862.54988670 26.81  73.942269  61.183294 12.390 -100.00 -100.00 -100.00
 223    34.150 56862.54988729 27.76  73.946775  61.184770 11.636 -100.00 -100.00 -100.00
 223    33.614 56862.54988788 31.29  73.951281  61.186245 18.414 -100.00 -100.00 -100.00
 224    31.127 56872.46553891 43.45  73.929305  61.180814   -100 -100.00 -100.00 -100.00
 224    32.634 56872.46553951 31.23  73.933810  61.182290  9.438 -100.00 -100.00 -100.00
 224    30.644 56872.46554010 32.34  73.938315  61.183765 13.341 -100.00 -100.00 -100.00
 224    33.465 56872.46554069 31.42  73.942821  61.185241 10.988 -100.00 -100.00 -100.00
 224    33.892 56872.46554128 33.51  73.947327  61.186717 14.489 -100.00 -100.00 -100.00
 225    33.297 56882.38118929 30.32  73.926900  61.180676 24.304 -100.00 -100.00 -100.00
 225    32.978 56882.38118988 27.00  73.931405  61.182152 19.168 -100.00 -100.00 -100.00
 225    32.960 56882.38119047 24.21  73.935910  61.183628 11.062 -100.00 -100.00 -100.00
 225    33.869 56882.38119106 24.79  73.940416  61.185104 11.986 -100.00 -100.00 -100.00
 225    34.056 56882.38119165 33.11  73.944922  61.186580   -100 -100.00 -100.00 -100.00
 226    33.032 56892.29683619 32.57  73.926120  61.180422 19.799  264.12  264.96  261.41
 226    32.886 56892.29683678 27.86  73.930624  61.181898  8.127  264.12  264.96  261.41
 226    32.618 56892.29683737 27.64  73.935130  61.183374  7.931  264.12  264.96  261.41
 226    32.868 56892.29683796 28.16  73.939636  61.184850  8.932  264.12  264.96  261.41
 226    33.944 56892.29683855 32.90  73.944142  61.186326 18.359  264.12  264.96  261.41
 227    33.259 56902.21248021 28.45  73.927077  61.180887 20.628  254.96  254.93  254.14
 227    33.168 56902.21248080 24.22  73.931582  61.182363 11.395 -100.00 -100.00 -100.00
 227    32.852 56902.21248139 25.19  73.936087  61.183839 16.163 -100.00 -100.00 -100.00
 227    33.821 56902.21248198 23.79  73.940593  61.185314 10.867 -100.00 -100.00 -100.00
 227    33.997 56902.21248257 31.94  73.945100  61.186790 31.546 -100.00 -100.00 -100.00
 228    28.946 56912.12812159 38.24  73.922026  61.180607   -100  251.81  252.75  251.02
 228    30.023 56912.12812218 32.25  73.926531  61.182083 13.603  251.81  252.75  251.02
 228    29.081 56912.12812277 33.05  73.931036  61.183559 18.084 -100.00 -100.00 -100.00
 228    28.947 56912.12812336 33.66  73.935542  61.185035 19.572 -100.00 -100.00 -100.00
 228    30.868 56912.12812395 33.38  73.940049  61.186510 17.773 -100.00 -100.00 -100.00
 229    28.998 56922.04376195 41.26  73.922237  61.181660 14.624  248.75  250.27  249.53
 229    28.906 56922.04376254 43.02  73.926742  61.183136   -100  248.75  250.27  249.53
 229    28.990 56922.04376313 30.94  73.931247  61.184612 32.248  248.75  250.27  249.53
 229    30.705 56922.04376372 28.88  73.935753  61.186088 20.746  248.75  250.27  249.53
 230    29.126 56931.95939959 37.49  73.920037  61.180938   -100  251.74  253.50  252.88
 230    33.039 56931.95940018 24.93  73.924541  61.182414 13.801  251.74  253.50  252.88
 230    32.649 56931.95940077 23.94  73.929046  61.183891 11.786  251.74  253.50  252.88
 230    33.133 56931.95940136 23.18  73.933551  61.185367  9.846  251.74  253.50  252.88
 230    33.798 56931.95940195 25.98  73.938057  61.186843 13.530  251.74  253.50  252.88
 231    33.078 56941.87503296 29.88  73.926630  61.181312 31.411  246.80  245.82  244.57
 231    32.731 56941.87503355 28.98  73.931134  61.182788 28.279  246.80  245.82  244.57
 231    32.638 56941.87503414 23.94  73.935639  61.184264 12.280  246.80  245.82  244.57
 231    33.672 56941.87503473 23.87  73.940144  61.185740 12.236  246.80  245.82  244.57
 232    28.719 56951.79067567 41.15  73.931012  61.181414   -100 -100.00 -100.00 -100.00
 232    29.042 56951.79067626 43.04  73.935516  61.182891 29.197 -100.00 -100.00 -100.00
 232    28.598 56951.79067685 48.29  73.940021  61.184367  0.634 -100.00 -100.00 -100.00
 232    28.405 56951.79067744 45.55  73.944527  61.185842 17.813 -100.00 -100.00 -100.00
 233    28.442 56961.70632631 37.53  73.927351  61.180428   -100  256.83  257.90  259.92
 233    28.616 56961.70632690 38.12  73.931856  61.181904   -100  256.83  257.90  259.92
 233    28.611 56961.70632749 39.88  73.936360  61.183380  9.303  256.83  257.90  259.92
 233    28.409 56961.70632808 37.09  73.940866  61.184856   -100  256.83  257.90  259.92
 233    28.656 56961.70632867 33.79  73.945371  61.186332   -100  256.83  257.90  259.92
 234    30.025 56971.62197264 30.65  73.927498  61.181067 20.226 -100.00 -100.00 -100.00
 234    29.920 56971.62197323 32.17  73.932003  61.182543 26.462 -100.00 -100.00 -100.00
 234    30.112 56971.62197382 29.89  73.936508  61.184018 18.144 -100.00 -100.00 -100.00
 234    30.164 56971.62197441 29.10  73.941013  61.185494 16.511 -100.00 -100.00 -100.00
 235    30.229 56981.53761457 23.56  73.925508  61.180395  6.738 -100.00 -100.00 -100.00
 235    30.112 56981.53761516 24.89  73.930013  61.181871  8.777 -100.00 -100.00 -100.00
 235    30.162 56981.53761575 24.75  73.934518  61.183347  9.399 -100.00 -100.00 -100.00
 235    30.335 56981.53761634 23.38  73.939023  61.184823  6.497 -100.00 -100.00 -100.00
 235    30.358 56981.53761693 23.90  73.943529  61.186298  8.044 -100.00 -100.00 -100.00
 236    31.286 56991.45325318 17.94  73.933073  61.181556  3.973 -100.00 -100.00 -100.00
 236    31.220 56991.45325377 17.84  73.937578  61.183032  4.148 -100.00 -100.00 -100.00
 236    30.086 56991.45325436 18.19  73.942084  61.184508  4.780 -100.00 -100.00 -100.00
 236    30.644 56991.45325495 17.96  73.946590  61.185983  4.400 -100.00 -100.00 -100.00
 237    29.793 57001.36888565 18.22  73.939973  61.180898  5.062  246.06  241.70  229.52
 237    30.486 57001.36888624 17.65  73.944478  61.182374  3.719  246.06  241.70  229.52
 237    31.077 57001.36888683 17.89  73.948984  61.183850  4.747  246.06  241.70  229.52
 237    30.964 57001.36888742 17.31  73.953490  61.185326  4.087  246.06  241.70  229.52
 238    30.978 57011.28454352 16.65  73.941039  61.181571  3.888  249.27  245.73  231.69
 238    30.798 57011.28454411 16.83  73.945545  61.183047  4.166  249.27  245.73  231.69
 238    30.482 57011.28454470 17.02  73.950052  61.184523  5.057 -100.00 -100.00 -100.00
 238    30.567 57011.28454529 15.95  73.954558  61.185998  3.466 -100.00 -100.00 -100.00
 239    31.864 57021.20019482 16.86  73.936960  61.180735  3.822  244.53  238.95  225.62
 239    31.648 57021.20019541 17.18  73.941466  61.182211  4.012  244.53  238.95  225.62
 239    31.222 57021.20019600 16.84  73.945972  61.183686  3.768  244.53  238.95  225.62
 239    31.235 57021.20019659 16.79  73.950479  61.185162  4.337  244.53  238.95  225.62
 240    32.308 57031.11584322 16.40  73.932425  61.180736  4.462  246.15  240.64  224.71
 240    32.103 57031.11584381 16.26  73.936931  61.182212  3.988  246.15  240.64  224.71
 240    32.013 57031.11584440 15.79  73.941437  61.183688  3.465  246.15  240.64  224.71
 240    31.438 57031.11584499 16.22  73.945943  61.185164  4.310  246.15  240.64  224.71
 241    32.386 57041.03148973 15.94  73.928748  61.180731  4.791 -100.00 -100.00 -100.00
 241    32.007 57041.03149032 15.70  73.933253  61.182208  4.589 -100.00 -100.00 -100.00
 241    31.846 57041.03149091 15.19  73.937759  61.183683  3.926 -100.00 -100.00 -100.00
 241    31.157 57041.03149150 15.27  73.942265  61.185159  3.788 -100.00 -100.00 -100.00
 241    31.325 57041.03149209 15.05  73.946772  61.186635  3.616 -100.00 -100.00 -100.00
 242    32.392 57050.94713460 15.18  73.929508  61.181337  4.291 -100.00 -100.00 -100.00
 242    32.089 57050.94713519 14.69  73.934013  61.182813  4.337 -100.00 -100.00 -100.00
 242    32.331 57050.94713578 14.44  73.938519  61.184289  4.179 -100.00 -100.00 -100.00
 242    31.557 57050.94713637 14.48  73.943025  61.185765  3.712 -100.00 -100.00 -100.00
 243    31.758 57060.86277568 13.72  73.934504  61.181796  4.360 -100.00 -100.00 -100.00
 243    31.663 57060.86277627 14.09  73.939010  61.183272  4.464 -100.00 -100.00 -100.00
 243    31.400 57060.86277686 13.66  73.943515  61.184748  4.158 -100.00 -100.00 -100.00
 243    31.054 57060.86277745 13.52  73.948021  61.186224  3.871 -100.00 -100.00 -100.00
 244    32.998 57070.77841112 15.33  73.938824  61.181856  3.591 -100.00 -100.00 -100.00
 244    32.715 57070.77841171 15.51  73.943329  61.183332  4.145 -100.00 -100.00 -100.00
 244    33.243 57070.77841230 15.18  73.947834  61.184807  3.770 -100.00 -100.00 -100.00
 244    33.145 57070.77841289 15.31  73.952341  61.186283  3.708 -100.00 -100.00 -100.00
 245    32.571 57080.69404174 14.47  73.937995  61.181107  4.029  253.19  244.50  222.48
 245    32.460 57080.69404233 14.80  73.942500  61.182583  4.197  253.19  244.50  222.48
 245    32.886 57080.69404292 14.39  73.947005  61.184059  4.214  253.19  244.50  222.48
 245    31.990 57080.69404351 14.63  73.951511  61.185535  3.970  253.19  244.50  222.48
 246    32.338 57090.60968240 15.13  73.931990  61.180910  4.284 -100.00 -100.00 -100.00
 246    32.554 57090.60968299 14.92  73.936495  61.182386  3.776 -100.00 -100.00 -100.00
 246    32.538 57090.60968358 15.07  73.941000  61.183862  3.677 -100.00 -100.00 -100.00
 246    31.941 57090.60968417 14.71  73.945506  61.185338  3.520 -100.00 -100.00 -100.00
 247    33.719 57100.52533925 15.62  73.921714  61.180837  3.248 -100.00 -100.00 -100.00
 247    33.416 57100.52533984 15.42  73.926218  61.182313  3.731 -100.00 -100.00 -100.00
 247    33.226 57100.52534043 15.94  73.930723  61.183789  4.493 -100.00 -100.00 -100.00
 247    33.587 57100.52534102 15.42  73.935229  61.185265  3.855 -100.00 -100.00 -100.00
 247    33.529 57100.52534161 15.35  73.939735  61.186741  3.263 -100.00 -100.00 -100.00
 248    33.714 57110.44099410 13.16  73.921933  61.182064  3.025 -100.00 -100.00 -100.00
 248    33.655 57110.44099469 13.57  73.926438  61.183540  3.369 -100.00 -100.00 -100.00
 248    33.730 57110.44099528 13.11  73.930943  61.185016  2.925 -100.00 -100.00 -100.00
 248    33.776 57110.44099587 13.27  73.935449  61.186492  2.933 -100.00 -100.00 -100.00
 249    33.359 57120.35664285  9.25  73.920764  61.180372  4.404  264.01  261.28  256.98
 249    33.297 57120.35664344  8.70  73.925268  61.181848  3.594  264.01  261.28  256.98
 249    33.644 57120.35664403  8.85  73.929773  61.183324  3.766  264.01  261.28  256.98
 249    33.101 57120.35664462  9.84  73.934279  61.184801  4.849  264.01  261.28  256.98
 249    33.390 57120.35664521  8.97  73.938785  61.186277  3.863  264.01  261.28  256.98
 250    32.133 57130.27228665 20.88  73.926809  61.180622  8.745 -100.00 -100.00 -100.00
 250    31.719 57130.27228724 21.18  73.931314  61.182098  9.979 -100.00 -100.00 -100.00
 250    31.828 57130.27228783 21.19  73.935820  61.183574  8.646 -100.00 -100.00 -100.00
 250    28.993 57130.27228842 24.69  73.940326  61.185050 17.801 -100.00 -100.00 -100.00
 250    30.954 57130.27228901 27.55  73.944832  61.186526 21.769 -100.00 -100.00 -100.00
