# NaN NaN NaN ;Mean Elev.(m), Avg Gradient(m/km), RMS Gradient(m/km) - SRTM1     
#  -12.458  -2.364   6.856 ;Mean Elev.(m), Avg Gradient(m/km), RMS Gradient(m/km) - ASTER GDEM
#    4.830  -0.778   4.488 ;Mean Elev.(m), Avg Gradient(m/km), RMS Gradient(m/km) - GMTED2010 
   2     6.012 54669.32227374 31.38  65.849284  66.104537 26.343 -100.00 -100.00 -100.00
   2     6.005 54669.32227433 28.28  65.855747  66.104698 18.408 -100.00 -100.00 -100.00
   2     6.463 54669.32227492 30.16  65.862211  66.104859 22.537 -100.00 -100.00 -100.00
   2     6.332 54669.32227551 36.50  65.868674  66.105019   -100 -100.00 -100.00 -100.00
   3     5.407 54679.23791755 27.72  65.845454  66.105265 14.331  240.22  243.18  241.04
   3     6.546 54679.23791814 25.89  65.851917  66.105426  9.230  240.22  243.18  241.04
   3     6.601 54679.23791873 23.45  65.858381  66.105587  6.218 -100.00 -100.00 -100.00
   3     6.762 54679.23791932 31.34  65.864845  66.105747 20.657 -100.00 -100.00 -100.00
   4     4.323 54689.15356051 46.65  65.845135  66.106576   -100 -100.00 -100.00 -100.00
   4     4.428 54689.15356110 48.74  65.851599  66.106737   -100 -100.00 -100.00 -100.00
   4     4.406 54689.15356169 53.96  65.858063  66.106898   -100 -100.00 -100.00 -100.00
   4     4.281 54689.15356228 52.62  65.864527  66.107058 15.023 -100.00 -100.00 -100.00
   5     3.294 54699.06920142 39.91  65.845548  66.107213 20.959  240.48  242.86  243.29
   5     4.128 54699.06920201 45.26  65.852012  66.107374 21.825 -100.00 -100.00 -100.00
   5     3.373 54699.06920260 54.12  65.858476  66.107535   -100 -100.00 -100.00 -100.00
   6     6.018 54708.98484532 28.93  65.846724  66.106238 10.069 -100.00 -100.00 -100.00
   6     6.118 54708.98484591 26.35  65.853188  66.106399  8.379 -100.00 -100.00 -100.00
   6     6.527 54708.98484650 30.75  65.859651  66.106560 15.896 -100.00 -100.00 -100.00
   6     6.439 54708.98484710 37.08  65.866115  66.106721   -100 -100.00 -100.00 -100.00
   7     6.165 54718.90049680 30.74  65.846588  66.104410 11.805  236.75  239.26  238.97
   7     4.815 54718.90049739 30.57  65.853050  66.104571 12.916 -100.00 -100.00 -100.00
   7     6.248 54718.90049798 26.63  65.859513  66.104732  6.722 -100.00 -100.00 -100.00
   7     6.619 54718.90049857 30.16  65.865976  66.104892 11.645 -100.00 -100.00 -100.00
   8     4.863 54728.81614612 32.16  65.851249  66.102691 20.018 -100.00 -100.00 -100.00
   8     5.777 54728.81614671 26.67  65.857711  66.102852  9.405 -100.00 -100.00 -100.00
   8     6.095 54728.81614730 26.94  65.864174  66.103012  9.507 -100.00 -100.00 -100.00
   8     6.399 54728.81614789 28.46  65.870636  66.103172  9.703 -100.00 -100.00 -100.00
   9     5.132 54738.73179379 27.68  65.854658  66.102345 14.813 -100.00 -100.00 -100.00
   9     6.152 54738.73179438 21.71  65.861121  66.102505  4.228 -100.00 -100.00 -100.00
   9     6.345 54738.73179497 26.47  65.867584  66.102665 12.036 -100.00 -100.00 -100.00
  10     5.749 54748.64744047 35.90  65.848005  66.102982   -100  239.38  241.41  242.81
  10     5.579 54748.64744106 29.67  65.854468  66.103143 17.394  239.38  241.41  242.81
  10     6.328 54748.64744165 24.11  65.860930  66.103303  7.255 -100.00 -100.00 -100.00
  10     6.440 54748.64744224 27.29  65.867393  66.103463 12.194 -100.00 -100.00 -100.00
  11     5.718 54758.56308781 24.98  65.851677  66.104061 10.024  244.02  244.94  240.39
  11     6.140 54758.56308840 23.30  65.858140  66.104221  6.030 -100.00 -100.00 -100.00
  11     6.027 54758.56308899 29.50  65.864604  66.104381 18.734 -100.00 -100.00 -100.00
  12     5.082 54768.47873243 29.57  65.850119  66.104104 12.836 -100.00 -100.00 -100.00
  12     5.191 54768.47873302 28.88  65.856583  66.104264 11.393 -100.00 -100.00 -100.00
  12     6.527 54768.47873361 26.04  65.863046  66.104424  4.970 -100.00 -100.00 -100.00
  12     6.395 54768.47873420 30.56  65.869510  66.104584 13.184 -100.00 -100.00 -100.00
  13     2.766 54778.39437367 32.14  65.848618  66.102917 16.391 -100.00 -100.00 -100.00
  13     2.763 54778.39437426 32.47  65.855082  66.103078 18.373 -100.00 -100.00 -100.00
  13     2.554 54778.39437485 32.47  65.861545  66.103238 18.005 -100.00 -100.00 -100.00
  13     2.590 54778.39437544 35.12  65.868009  66.103398 26.701 -100.00 -100.00 -100.00
  14     2.503 54788.31001309 36.69  65.854076  66.101699   -100 -100.00 -100.00 -100.00
  14     2.550 54788.31001368 34.57  65.860539  66.101860 26.984 -100.00 -100.00 -100.00
  14     2.501 54788.31001427 31.50  65.867003  66.102020 15.758 -100.00 -100.00 -100.00
  15     2.472 54798.22565084 30.59  65.852338  66.101414 22.222  248.79  246.47  242.74
  15     2.126 54798.22565144 33.20  65.858802  66.101575   -100  248.79  246.47  242.74
  15     4.050 54798.22565203 24.87  65.865265  66.101735 10.450  248.79  246.47  242.74
  15     3.913 54798.22565262 22.16  65.871729  66.101895  6.397  248.79  246.47  242.74
  17     5.732 54818.05692559 13.65  65.846608  66.104067  3.748 -100.00 -100.00 -100.00
  17     5.146 54818.05692618 13.63  65.853072  66.104228  3.821 -100.00 -100.00 -100.00
  17     4.988 54818.05692677 13.97  65.859535  66.104389  3.723 -100.00 -100.00 -100.00
  17     3.787 54818.05692736 14.81  65.865999  66.104549  5.826 -100.00 -100.00 -100.00
  18     2.530 54827.97257632 20.54  65.846781  66.105020 12.448 -100.00 -100.00 -100.00
  18     3.161 54827.97257691 24.77  65.853244  66.105181 15.018 -100.00 -100.00 -100.00
  18     2.647 54827.97257750 25.83  65.859708  66.105342 22.838 -100.00 -100.00 -100.00
  18     2.315 54827.97257809 23.92  65.866172  66.105502 23.547 -100.00 -100.00 -100.00
  19     2.436 54837.88821517 24.65  65.845776  66.105077 21.906 -100.00 -100.00 -100.00
  19     2.464 54837.88821576 25.96  65.852240  66.105238 21.607 -100.00 -100.00 -100.00
  19     2.631 54837.88821636 30.05  65.858703  66.105398   -100 -100.00 -100.00 -100.00
  19     2.201 54837.88821695 27.68  65.865167  66.105559   -100 -100.00 -100.00 -100.00
  20     5.199 54847.80386431 14.92  65.844028  66.105320  5.858 -100.00 -100.00 -100.00
  20     2.627 54847.80386490 22.62  65.850491  66.105481 13.854 -100.00 -100.00 -100.00
  20     2.113 54847.80386549 22.51  65.856955  66.105642 18.549 -100.00 -100.00 -100.00
  20     2.140 54847.80386608 18.21  65.863418  66.105802 10.433 -100.00 -100.00 -100.00
  21     5.650 54857.71951318 13.80  65.845298  66.105988  2.967 -100.00 -100.00 -100.00
  21     5.247 54857.71951377 14.07  65.851761  66.106148  3.561 -100.00 -100.00 -100.00
  21     2.223 54857.71951436 17.68  65.858225  66.106309  8.505 -100.00 -100.00 -100.00
  21     2.086 54857.71951495 22.29  65.864689  66.106469 16.299 -100.00 -100.00 -100.00
  22     4.857 54867.63516172 12.12  65.841967  66.106759  3.244 -100.00 -100.00 -100.00
  22     5.201 54867.63516231 12.02  65.848431  66.106920  2.830 -100.00 -100.00 -100.00
  22     5.181 54867.63516290 11.92  65.854895  66.107081  3.106 -100.00 -100.00 -100.00
  22     5.006 54867.63516349 11.79  65.861359  66.107241  3.170 -100.00 -100.00 -100.00
  23     5.148 54877.55081020 12.10  65.845666  66.106711  2.993 -100.00 -100.00 -100.00
  23     5.364 54877.55081079 12.38  65.852130  66.106871  3.771 -100.00 -100.00 -100.00
  23     5.287 54877.55081138 11.80  65.858594  66.107032  2.863 -100.00 -100.00 -100.00
  24     5.428 54887.46645544 12.15  65.847302  66.105507  3.314 -100.00 -100.00 -100.00
  24     5.529 54887.46645603 12.08  65.853766  66.105668  3.085 -100.00 -100.00 -100.00
  24     5.326 54887.46645662 11.96  65.860230  66.105828  3.122 -100.00 -100.00 -100.00
  24     5.369 54887.46645721 11.56  65.866694  66.105988  2.586 -100.00 -100.00 -100.00
  25     5.946 54897.38209717 13.25  65.847610  66.103684  3.029  246.89  237.82  215.90
  25     5.644 54897.38209777 13.25  65.854074  66.103844  3.006  246.89  237.82  215.90
  25     5.495 54897.38209836 13.01  65.860537  66.104005  3.031  246.89  237.82  215.90
  25     5.337 54897.38209895 13.00  65.867001  66.104165  3.045 -100.00 -100.00 -100.00
  26     5.445 54907.29773647 11.72  65.849739  66.102689  3.072  247.48  237.64  215.91
  26     5.682 54907.29773706 11.42  65.856203  66.102850  3.208  247.48  237.64  215.91
  26     5.424 54907.29773765 11.54  65.862667  66.103010  3.260 -100.00 -100.00 -100.00
  26     5.288 54907.29773824 11.09  65.869130  66.103170  2.570 -100.00 -100.00 -100.00
  27     5.997 54917.21337465 12.64  65.852930  66.102928  3.351  248.22  239.64  219.27
  27     5.833 54917.21337524 12.38  65.859394  66.103088  2.876  248.22  239.64  219.27
  27     5.641 54917.21337583 12.11  65.865857  66.103248  2.827  248.22  239.64  219.27
  28     5.648 54927.12901197 11.85  65.848166  66.103465  2.693 -100.00 -100.00 -100.00
  28     5.312 54927.12901256 11.74  65.854629  66.103626  2.455 -100.00 -100.00 -100.00
  28     5.443 54927.12901315 11.40  65.861093  66.103786  2.405 -100.00 -100.00 -100.00
  28     5.247 54927.12901374 11.55  65.867556  66.103946  2.756 -100.00 -100.00 -100.00
  29     5.770 54937.04464946 11.22  65.852228  66.103704  2.526 -100.00 -100.00 -100.00
  29     5.157 54937.04465005 11.22  65.858692  66.103865  2.552 -100.00 -100.00 -100.00
  29     5.217 54937.04465065 11.26  65.865155  66.104025  2.906 -100.00 -100.00 -100.00
  30     6.604 54946.96028477  8.55  65.852409  66.103154  2.785  242.48  232.79  211.72
  30     6.564 54946.96028536  8.10  65.858872  66.103315  2.532  242.48  232.79  211.72
  30     6.517 54946.96028595  8.10  65.865335  66.103475  2.235 -100.00 -100.00 -100.00
  31     5.854 54956.87591821 10.61  65.849145  66.102009  3.015 -100.00 -100.00 -100.00
  31     5.882 54956.87591880 10.55  65.855607  66.102170  2.928 -100.00 -100.00 -100.00
  31     5.829 54956.87591939 10.85  65.862069  66.102331  3.372 -100.00 -100.00 -100.00
  31     5.280 54956.87591998 11.64  65.868532  66.102491  4.570 -100.00 -100.00 -100.00
  32     4.304 54966.79156725 20.50  65.854171  66.101736 10.689 -100.00 -100.00 -100.00
  32     4.393 54966.79156784 23.49  65.860633  66.101897 16.275 -100.00 -100.00 -100.00
  32     4.362 54966.79156843 26.45  65.867095  66.102057 26.486 -100.00 -100.00 -100.00
  33     6.405 54976.70721460 39.88  65.851062  66.102214   -100  248.63  250.99  252.65
  33     6.383 54976.70721519 38.10  65.857524  66.102375   -100  248.63  250.99  252.65
  33     6.329 54976.70721578 37.32  65.863986  66.102535   -100  248.63  250.99  252.65
  33     6.448 54976.70721637 37.22  65.870449  66.102695   -100  248.63  250.99  252.65
  34     6.691 54986.62286207 40.15  65.849079  66.103317   -100  207.80  214.93  215.26
  34     6.576 54986.62286266 35.32  65.855541  66.103478   -100  207.80  214.93  215.26
  34     6.516 54986.62286325 30.84  65.862004  66.103638 16.571  207.80  214.93  215.26
  34     6.790 54986.62286384 30.81  65.868467  66.103798 15.082  207.80  214.93  215.26
  35     6.822 54996.53850986 36.57  65.849264  66.104241   -100  207.61  210.01  212.90
  35     6.443 54996.53851045 33.90  65.855727  66.104401 30.532  207.61  210.01  212.90
  35     6.491 54996.53851104 31.26  65.862191  66.104562 17.116  207.61  210.01  212.90
  35     6.746 54996.53851163 32.93  65.868654  66.104722 22.142  207.61  210.01  212.90
  36     6.544 55006.45415586 34.31  65.848264  66.104729 32.568 -100.00 -100.00 -100.00
  36     6.513 55006.45415645 32.01  65.854727  66.104890 25.143 -100.00 -100.00 -100.00
  36     6.600 55006.45415704 30.69  65.861190  66.105051 18.135 -100.00 -100.00 -100.00
  36     6.593 55006.45415764 33.91  65.867654  66.105211 30.044 -100.00 -100.00 -100.00
  37     6.401 55016.36979960 35.21  65.846331  66.105032   -100  229.18  234.11  234.83
  37     6.378 55016.36980019 29.92  65.852795  66.105193 20.274  229.18  234.11  234.83
  37     6.557 55016.36980079 28.76  65.859258  66.105354 19.064  229.18  234.11  234.83
  37     6.484 55016.36980138 33.35  65.865722  66.105514   -100 -100.00 -100.00 -100.00
  38     6.128 55026.28544215 29.49  65.846895  66.105576 17.684 -100.00 -100.00 -100.00
  38     6.558 55026.28544274 25.66  65.853358  66.105736 10.182 -100.00 -100.00 -100.00
  38     6.625 55026.28544333 30.55  65.859822  66.105897 22.050 -100.00 -100.00 -100.00
  38     6.450 55026.28544392 34.98  65.866286  66.106057   -100 -100.00 -100.00 -100.00
  39     6.034 55036.20108406 27.72  65.845486  66.106492 12.318 -100.00 -100.00 -100.00
  39     6.198 55036.20108465 27.34  65.851950  66.106653 13.474 -100.00 -100.00 -100.00
  39     6.497 55036.20108524 32.51  65.858414  66.106813 27.379 -100.00 -100.00 -100.00
  39     6.795 55036.20108583 32.00  65.864878  66.106973 20.799 -100.00 -100.00 -100.00
  40     5.881 55046.11672524 28.05  65.845725  66.106779 18.242 -100.00 -100.00 -100.00
  40     6.188 55046.11672583 26.46  65.852189  66.106940 14.177 -100.00 -100.00 -100.00
  40     6.543 55046.11672642 31.83  65.858653  66.107100   -100 -100.00 -100.00 -100.00
  41     5.878 55056.03236478 26.21  65.848114  66.105838  9.503 -100.00 -100.00 -100.00
  41     5.987 55056.03236537 26.92  65.854577  66.105999 12.051 -100.00 -100.00 -100.00
  41     6.327 55056.03236596 26.97  65.861041  66.106160 12.058 -100.00 -100.00 -100.00
  41     6.332 55056.03236655 36.15  65.867505  66.106320   -100 -100.00 -100.00 -100.00
  42     5.696 55065.94800213 28.00  65.852069  66.103868 13.556 -100.00 -100.00 -100.00
  42     6.206 55065.94800272 22.99  65.858531  66.104029  6.017 -100.00 -100.00 -100.00
  42     6.170 55065.94800331 32.09  65.864994  66.104190 27.959 -100.00 -100.00 -100.00
  43     4.883 55075.86365121 31.59  65.853178  66.102492 26.764 -100.00 -100.00 -100.00
  43     6.090 55075.86365180 22.21  65.859641  66.102652  5.036 -100.00 -100.00 -100.00
  43     6.065 55075.86365239 28.57  65.866103  66.102813 16.914 -100.00 -100.00 -100.00
  44     4.826 55085.77929861 32.57  65.848537  66.102239 26.798 -100.00 -100.00 -100.00
  44     4.807 55085.77929920 31.10  65.855000  66.102400 22.409 -100.00 -100.00 -100.00
  44     6.051 55085.77929979 22.78  65.861462  66.102560  6.240 -100.00 -100.00 -100.00
  44     6.069 55085.77930038 27.47  65.867924  66.102720 13.904 -100.00 -100.00 -100.00
  45     2.344 55095.69494512 38.33  65.851841  66.103204 28.094 -100.00 -100.00 -100.00
  45     2.223 55095.69494571 34.92  65.858304  66.103364 14.892 -100.00 -100.00 -100.00
  45     5.613 55095.69494630 34.84  65.864767  66.103524 17.172 -100.00 -100.00 -100.00
  46     4.847 55105.61059058 35.19  65.846397  66.103681 31.952 -100.00 -100.00 -100.00
  46     5.002 55105.61059117 27.50  65.852861  66.103842 11.451 -100.00 -100.00 -100.00
  46     6.020 55105.61059177 23.07  65.859324  66.104002  4.472 -100.00 -100.00 -100.00
  46     6.155 55105.61059236 30.62  65.865787  66.104162 19.146 -100.00 -100.00 -100.00
  47     2.085 55115.52623635 42.19  65.847435  66.103404 12.147 -100.00 -100.00 -100.00
  47     4.525 55115.52623694 36.25  65.853898  66.103564   -100 -100.00 -100.00 -100.00
  47     5.877 55115.52623753 25.93  65.860361  66.103725 11.429 -100.00 -100.00 -100.00
  47     6.106 55115.52623812 30.67  65.866825  66.103885 20.502 -100.00 -100.00 -100.00
  48     4.732 55125.44187996 35.43  65.851095  66.102412   -100 -100.00 -100.00 -100.00
  48     5.545 55125.44188055 27.44  65.857558  66.102573  9.907 -100.00 -100.00 -100.00
  48     6.037 55125.44188114 27.92  65.864021  66.102733  9.992 -100.00 -100.00 -100.00
  48     6.158 55125.44188173 30.53  65.870485  66.102893 12.945 -100.00 -100.00 -100.00
  49     2.175 55135.35752085 33.66  65.853456  66.101665   -100 -100.00 -100.00 -100.00
  49     5.545 55135.35752144 26.67  65.859919  66.101825 12.000 -100.00 -100.00 -100.00
  49     5.815 55135.35752203 25.27  65.866383  66.101986  8.829 -100.00 -100.00 -100.00
  50     2.000 55145.27315919 39.67  65.851076  66.101622   -100 -100.00 -100.00 -100.00
  50     2.085 55145.27315978 40.97  65.857539  66.101782   -100 -100.00 -100.00 -100.00
  50     2.227 55145.27316037 43.29  65.864003  66.101943   -100 -100.00 -100.00 -100.00
  50     2.009 55145.27316096 38.58  65.870466  66.102103   -100 -100.00 -100.00 -100.00
  51     1.769 55155.18879711 31.24  65.851664  66.102755 13.824 -100.00 -100.00 -100.00
  51     1.698 55155.18879770 34.05  65.858128  66.102915 21.345 -100.00 -100.00 -100.00
  51     1.629 55155.18879829 32.09  65.864591  66.103076 14.072 -100.00 -100.00 -100.00
  51     1.521 55155.18879888 31.94  65.871055  66.103236 16.984 -100.00 -100.00 -100.00
  52     1.828 55165.10443526 26.42  65.852115  66.103833 10.109 -100.00 -100.00 -100.00
  52     1.895 55165.10443585 27.47  65.858578  66.103994 12.125 -100.00 -100.00 -100.00
  52     1.886 55165.10443644 25.59  65.865042  66.104155  8.192 -100.00 -100.00 -100.00
  53     1.863 55175.02007259 19.92  65.845926  66.104428  4.753 -100.00 -100.00 -100.00
  53     1.843 55175.02007318 20.97  65.852390  66.104589  5.841 -100.00 -100.00 -100.00
  53     1.985 55175.02007377 20.75  65.858854  66.104749  5.556 -100.00 -100.00 -100.00
  53     1.932 55175.02007436 21.24  65.865317  66.104910  7.105 -100.00 -100.00 -100.00
  54     1.908 55184.93571300 15.63  65.847759  66.104389  3.713  249.53  245.75  235.42
  54     1.990 55184.93571359 16.42  65.854223  66.104550  4.718  249.53  245.75  235.42
  54     1.964 55184.93571418 15.54  65.860686  66.104711  3.745  249.53  245.75  235.42
  54     2.231 55184.93571477 15.85  65.867149  66.104871  3.838 -100.00 -100.00 -100.00
  55     1.934 55194.85136386 14.97  65.844799  66.104584  3.209  246.67  241.36  227.19
  55     1.916 55194.85136445 15.42  65.851262  66.104745  3.658  246.67  241.36  227.19
  55     1.935 55194.85136504 15.61  65.857726  66.104905  3.692  246.67  241.36  227.19
  55     2.030 55194.85136563 15.25  65.864189  66.105066  4.087 -100.00 -100.00 -100.00
  56     2.352 55204.76701414 14.54  65.849528  66.105605  2.996 -100.00 -100.00 -100.00
  56     5.100 55204.76701473 14.97  65.855992  66.105765  3.284 -100.00 -100.00 -100.00
  56     2.274 55204.76701532 14.91  65.862455  66.105926  3.822 -100.00 -100.00 -100.00
  56     2.569 55204.76701591 14.90  65.868919  66.106086  3.630 -100.00 -100.00 -100.00
  57     1.994 55214.68266287 14.56  65.844271  66.106730  3.030  250.71  244.88  227.59
  57     2.162 55214.68266346 14.47  65.850735  66.106891  3.225  250.71  244.88  227.59
  57     2.350 55214.68266405 14.56  65.857199  66.107051  3.470  250.71  244.88  227.59
  57     3.814 55214.68266464 14.23  65.863663  66.107211  3.162 -100.00 -100.00 -100.00
  58     5.204 55224.59831178 12.31  65.846713  66.107051  2.836 -100.00 -100.00 -100.00
  58     2.252 55224.59831237 12.45  65.853177  66.107212  2.749 -100.00 -100.00 -100.00
  58     2.404 55224.59831296 12.33  65.859641  66.107372  2.967 -100.00 -100.00 -100.00
  59     4.101 55234.51395890 13.09  65.849897  66.105652  3.831 -100.00 -100.00 -100.00
  59     1.949 55234.51395949 12.57  65.856361  66.105812  3.004 -100.00 -100.00 -100.00
  59     2.217 55234.51396008 12.82  65.862825  66.105972  3.363 -100.00 -100.00 -100.00
  60     1.729 55244.42960262 12.75  65.851676  66.103203  3.122  243.10  232.55  208.34
  60     1.826 55244.42960321 12.51  65.858140  66.103364  3.403  243.10  232.55  208.34
  60     4.777 55244.42960380 12.32  65.864604  66.103524  3.200  243.10  232.55  208.34
  61     4.838 55254.34524334 12.70  65.853060  66.101516  4.205 -100.00 -100.00 -100.00
  61     4.907 55254.34524393 12.27  65.859523  66.101676  3.691 -100.00 -100.00 -100.00
  61     4.620 55254.34524452 12.25  65.865986  66.101836  3.252 -100.00 -100.00 -100.00
  62     4.780 55264.26088181 12.92  65.849543  66.101803  3.367  246.77  236.87  215.75
  62     4.533 55264.26088240 12.79  65.856006  66.101963  3.184  246.77  236.87  215.75
  62     4.883 55264.26088299 12.53  65.862469  66.102124  3.241 -100.00 -100.00 -100.00
  62     5.027 55264.26088358 12.44  65.868933  66.102284  3.330 -100.00 -100.00 -100.00
  63     5.801 55274.17651978 13.73  65.850521  66.103618  3.089  248.36  238.80  217.96
  63     5.180 55274.17652037 13.61  65.856984  66.103779  2.972 -100.00 -100.00 -100.00
  63     5.449 55274.17652096 13.84  65.863448  66.103939  3.044 -100.00 -100.00 -100.00
  63     4.655 55274.17652155 13.59  65.869911  66.104099  3.288 -100.00 -100.00 -100.00
  64     5.300 55284.09215660 13.09  65.845007  66.104408  2.649  247.30  236.39  215.34
  64     5.094 55284.09215719 13.38  65.851471  66.104569  2.934  247.30  236.39  215.34
  64     5.196 55284.09215778 13.21  65.857934  66.104730  3.039  247.30  236.39  215.34
  64     4.414 55284.09215837 13.21  65.864398  66.104890  2.988  247.30  236.39  215.34
  65     5.089 55294.00779252 13.32  65.846447  66.103431  3.614 -100.00 -100.00 -100.00
  65     4.783 55294.00779311 13.20  65.852910  66.103592  3.009 -100.00 -100.00 -100.00
  65     4.881 55294.00779370 12.97  65.859372  66.103753  2.933 -100.00 -100.00 -100.00
  65     3.854 55294.00779429 12.62  65.865835  66.103913  3.107 -100.00 -100.00 -100.00
  66     4.923 55303.92343047 14.10  65.852638  66.101613  3.261 -100.00 -100.00 -100.00
  66     5.094 55303.92343106 13.67  65.859101  66.101774  2.832 -100.00 -100.00 -100.00
  66     5.309 55303.92343165 13.69  65.865563  66.101934  3.086 -100.00 -100.00 -100.00
  67     1.945 55313.83907790 18.82  65.852571  66.100576 11.543 -100.00 -100.00 -100.00
  67     1.777 55313.83907849 23.70  65.859032  66.100737 26.258 -100.00 -100.00 -100.00
  67     2.007 55313.83907908 21.64  65.865494  66.100897 15.802 -100.00 -100.00 -100.00
  67     1.866 55313.83907967 19.80  65.871956  66.101057 13.412 -100.00 -100.00 -100.00
  68     3.598 55323.75472356 29.13  65.854821  66.101587   -100 -100.00 -100.00 -100.00
  68     3.343 55323.75472415 30.15  65.861282  66.101748   -100 -100.00 -100.00 -100.00
  68     3.526 55323.75472474 29.74  65.867745  66.101908   -100 -100.00 -100.00 -100.00
  69     6.217 55333.67036713 47.59  65.848231  66.103403   -100 -100.00 -100.00 -100.00
  69     6.023 55333.67036772 39.89  65.854693  66.103564   -100 -100.00 -100.00 -100.00
  69     6.009 55333.67036831 37.95  65.861156  66.103724   -100 -100.00 -100.00 -100.00
  69     6.162 55333.67036890 42.96  65.867618  66.103884   -100 -100.00 -100.00 -100.00
  70     6.368 55343.58601108 53.58  65.847476  66.104855 22.231 -100.00 -100.00 -100.00
  70     6.378 55343.58601167 52.69  65.853939  66.105016   -100 -100.00 -100.00 -100.00
  70     6.437 55343.58601226 55.63  65.860402  66.105176   -100 -100.00 -100.00 -100.00
  70     6.502 55343.58601285 54.36  65.866865  66.105336 24.489 -100.00 -100.00 -100.00
  71     6.059 55353.50165488 32.78  65.850491  66.104958 31.022 -100.00 -100.00 -100.00
  71     6.583 55353.50165547 28.03  65.856954  66.105118 15.740 -100.00 -100.00 -100.00
  71     6.574 55353.50165606 32.44  65.863417  66.105279   -100 -100.00 -100.00 -100.00
  71     6.709 55353.50165665 33.85  65.869881  66.105439   -100 -100.00 -100.00 -100.00
  72     6.288 55363.41729596 34.36  65.847072  66.104419   -100 -100.00 -100.00 -100.00
  72     6.262 55363.41729655 27.22  65.853536  66.104580 16.891 -100.00 -100.00 -100.00
  72     6.569 55363.41729714 26.19  65.859999  66.104740 14.436 -100.00 -100.00 -100.00
  72     6.447 55363.41729773 35.11  65.866462  66.104900   -100 -100.00 -100.00 -100.00
  73     6.234 55373.33293539 34.25  65.845421  66.104390   -100 -100.00 -100.00 -100.00
  73     5.998 55373.33293598 29.49  65.851884  66.104551 22.815 -100.00 -100.00 -100.00
  73     6.418 55373.33293657 26.77  65.858348  66.104712 16.638 -100.00 -100.00 -100.00
  73     6.436 55373.33293716 33.37  65.864811  66.104872   -100 -100.00 -100.00 -100.00
  74     5.989 55383.24857379 29.73  65.846584  66.105379 27.022 -100.00 -100.00 -100.00
  74     6.327 55383.24857438 25.63  65.853047  66.105540 16.964 -100.00 -100.00 -100.00
  74     6.641 55383.24857497 26.98  65.859511  66.105700 17.592 -100.00 -100.00 -100.00
  74     6.741 55383.24857556 29.48  65.865975  66.105861 20.570 -100.00 -100.00 -100.00
  75     5.963 55393.16421121 24.62  65.845581  66.106404 12.993 -100.00 -100.00 -100.00
  75     5.546 55393.16421180 26.32  65.852045  66.106565 16.759 -100.00 -100.00 -100.00
  75     6.444 55393.16421239 28.16  65.858509  66.106726 20.977 -100.00 -100.00 -100.00
  75     6.689 55393.16421298 28.38  65.864973  66.106887 20.683 -100.00 -100.00 -100.00
  76     6.055 55403.07984718 26.98  65.843408  66.106441 14.588 -100.00 -100.00 -100.00
  76     6.089 55403.07984777 24.34  65.849871  66.106602 10.205 -100.00 -100.00 -100.00
  76     6.337 55403.07984836 25.06  65.856335  66.106763 11.476 -100.00 -100.00 -100.00
  76     6.592 55403.07984895 31.86  65.862798  66.106924 29.130 -100.00 -100.00 -100.00
  77     5.504 55412.99549935 45.23  65.846016  66.104892   -100 -100.00 -100.00 -100.00
  77     5.172 55412.99549994 35.33  65.852479  66.105053   -100 -100.00 -100.00 -100.00
  77     5.035 55412.99550053 35.92  65.858941  66.105214   -100 -100.00 -100.00 -100.00
  77     6.214 55412.99550112 36.25  65.865405  66.105375 29.261 -100.00 -100.00 -100.00
  78     5.144 55422.91114917 27.65  65.854324  66.102609 17.948 -100.00 -100.00 -100.00
  78     5.999 55422.91114976 22.48  65.860786  66.102770  9.163 -100.00 -100.00 -100.00
  78     6.137 55422.91115035 27.51  65.867248  66.102930 18.549 -100.00 -100.00 -100.00
  79     4.213 55432.82679547 49.69  65.852892  66.100872 28.693 -100.00 -100.00 -100.00
  79     4.439 55432.82679606 35.05  65.859354  66.101033 30.160 -100.00 -100.00 -100.00
  79     5.722 55432.82679665 29.92  65.865816  66.101193 14.841 -100.00 -100.00 -100.00
  79     4.482 55432.82679724 35.59  65.872278  66.101353 27.030 -100.00 -100.00 -100.00
  80     3.515 55442.74244005 47.11  65.852524  66.101547   -100 -100.00 -100.00 -100.00
  80     3.519 55442.74244064 45.50  65.858986  66.101707   -100 -100.00 -100.00 -100.00
  80     3.430 55442.74244123 48.70  65.865448  66.101867   -100 -100.00 -100.00 -100.00
  80     3.099 55442.74244182 49.94  65.871910  66.102027 30.037 -100.00 -100.00 -100.00
  81     4.760 55452.65808317 30.40  65.852059  66.103318 26.672 -100.00 -100.00 -100.00
  81     5.866 55452.65808376 23.29  65.858522  66.103479  9.922 -100.00 -100.00 -100.00
  81     6.092 55452.65808435 30.82  65.864985  66.103639 30.131 -100.00 -100.00 -100.00
  82     4.859 55462.57372505 33.34  65.846732  66.104559 29.339 -100.00 -100.00 -100.00
  82     4.618 55462.57372564 29.43  65.853195  66.104720 15.186 -100.00 -100.00 -100.00
  82     2.398 55462.57372623 34.64  65.859658  66.104881   -100 -100.00 -100.00 -100.00
  82     6.110 55462.57372682 36.41  65.866122  66.105041 27.435 -100.00 -100.00 -100.00
  83     5.325 55472.48936552 29.83  65.846674  66.103710 19.971 -100.00 -100.00 -100.00
  83     4.761 55472.48936611 29.77  65.853137  66.103871 21.776 -100.00 -100.00 -100.00
  83     6.105 55472.48936670 23.28  65.859601  66.104032  7.323 -100.00 -100.00 -100.00
  83     6.064 55472.48936729 29.72  65.866064  66.104192 21.151 -100.00 -100.00 -100.00
  84     4.808 55482.40500394 30.85  65.855366  66.101921 21.924  237.78  241.22  241.06
  84     2.677 55482.40500453 33.76  65.861830  66.102082 30.632 -100.00 -100.00 -100.00
  84     2.813 55482.40500512 38.02  65.868293  66.102242   -100 -100.00 -100.00 -100.00
  85     2.321 55492.32063947 46.69  65.856564  66.100403 18.454 -100.00 -100.00 -100.00
  85     2.735 55492.32064006 44.23  65.863027  66.100563   -100 -100.00 -100.00 -100.00
  85     2.310 55492.32064065 47.60  65.869490  66.100724  9.405 -100.00 -100.00 -100.00
  86     2.180 55502.23627268 41.72  65.850174  66.101003 30.120  242.57  238.57  232.70
  86     2.213 55502.23627327 42.88  65.856637  66.101164 31.683 -100.00 -100.00 -100.00
  86     1.937 55502.23627386 45.59  65.863100  66.101325   -100 -100.00 -100.00 -100.00
  86     2.128 55502.23627445 47.56  65.869564  66.101486   -100 -100.00 -100.00 -100.00
  87     2.752 55512.15191806 38.12  65.850327  66.103347 31.860 -100.00 -100.00 -100.00
  87     2.600 55512.15191865 40.33  65.856791  66.103508   -100 -100.00 -100.00 -100.00
  87     2.815 55512.15191924 39.39  65.863255  66.103668   -100 -100.00 -100.00 -100.00
  87     2.650 55512.15191983 38.20  65.869718  66.103829   -100 -100.00 -100.00 -100.00
  88     2.179 55522.06756710 25.91  65.844194  66.105197  9.306  237.25  231.81  224.77
  88     2.209 55522.06756769 25.40  65.850658  66.105358  8.509  237.25  231.81  224.77
  88     5.097 55522.06756829 26.19  65.857121  66.105519 11.661 -100.00 -100.00 -100.00
  88     5.497 55522.06756888 25.70  65.863585  66.105680 11.052 -100.00 -100.00 -100.00
  89     1.603 55531.98321584 24.10  65.849338  66.105773  9.976  232.84  227.68  219.26
  89     1.437 55531.98321643 23.25  65.855802  66.105934  9.942  232.84  227.68  219.26
  89     1.028 55531.98321702 24.56  65.862266  66.106095 11.000  232.84  227.68  219.26
  89     0.971 55531.98321761 28.62  65.868730  66.106255 22.880 -100.00 -100.00 -100.00
  90     1.520 55541.89886200 22.07  65.844611  66.104830  8.015 -100.00 -100.00 -100.00
  90     1.362 55541.89886259 22.51  65.851074  66.104991  8.271 -100.00 -100.00 -100.00
  90     1.401 55541.89886318 22.58  65.857538  66.105152  8.346 -100.00 -100.00 -100.00
  90     1.465 55541.89886377 22.10  65.864001  66.105312  8.625 -100.00 -100.00 -100.00
  91     1.430 55551.81450710 22.17  65.850751  66.104432  7.581 -100.00 -100.00 -100.00
  91     1.486 55551.81450769 22.29  65.857214  66.104593  7.487 -100.00 -100.00 -100.00
  91     1.409 55551.81450828 23.45  65.863678  66.104753 10.899 -100.00 -100.00 -100.00
  91     1.825 55551.81450887 22.00  65.870141  66.104913  7.754 -100.00 -100.00 -100.00
  92     1.474 55561.73015018 20.75  65.850113  66.105112  7.120 -100.00 -100.00 -100.00
  92     1.499 55561.73015077 21.03  65.856577  66.105273  6.836 -100.00 -100.00 -100.00
  92     1.726 55561.73015136 19.91  65.863040  66.105433  6.582 -100.00 -100.00 -100.00
  92     1.968 55561.73015195 19.57  65.869504  66.105593  5.622 -100.00 -100.00 -100.00
  93     1.643 55571.64579223 18.21  65.846008  66.106249  4.831 -100.00 -100.00 -100.00
  93     1.877 55571.64579282 17.35  65.852472  66.106410  4.615 -100.00 -100.00 -100.00
  93     1.624 55571.64579341 18.15  65.858936  66.106570  5.722 -100.00 -100.00 -100.00
  93     1.829 55571.64579400 17.80  65.865400  66.106731  5.382 -100.00 -100.00 -100.00
  94     4.512 55581.56143345 18.73  65.845548  66.106400  4.974  242.61  234.31  214.49
  94     4.969 55581.56143404 18.23  65.852012  66.106561  3.942  242.61  234.31  214.49
  94     3.442 55581.56143463 18.48  65.858476  66.106722  4.744  242.61  234.31  214.49
  94     3.454 55581.56143522 18.39  65.864941  66.106882  4.483 -100.00 -100.00 -100.00
  95     1.767 55591.47707164 18.89  65.846786  66.104617  4.653 -100.00 -100.00 -100.00
  95     1.677 55591.47707223 19.07  65.853250  66.104778  4.660 -100.00 -100.00 -100.00
  95     2.331 55591.47707282 18.02  65.859714  66.104938  3.716 -100.00 -100.00 -100.00
  95     3.864 55591.47707341 17.94  65.866178  66.105099  4.038 -100.00 -100.00 -100.00
  96     1.552 55601.39270687 18.69  65.851204  66.102009  5.502  242.04  231.65  207.78
  96     3.490 55601.39270746 17.81  65.857667  66.102169  4.219  242.04  231.65  207.78
  96     1.347 55601.39270805 19.07  65.864131  66.102330  6.356  242.04  231.65  207.78
  96     1.802 55601.39270864 18.28  65.870594  66.102490  5.745 -100.00 -100.00 -100.00
  97     4.884 55611.30833996 17.74  65.855784  66.100485  4.081 -100.00 -100.00 -100.00
  97     4.118 55611.30834055 17.78  65.862247  66.100646  4.844 -100.00 -100.00 -100.00
  97     4.947 55611.30834114 17.56  65.868710  66.100807  4.371 -100.00 -100.00 -100.00
  98     1.550 55621.22397192 12.33  65.850564  66.101062  3.566  243.37  232.18  207.51
  98     4.860 55621.22397251 11.60  65.857027  66.101223  2.945  243.37  232.18  207.51
  98     4.293 55621.22397310 11.85  65.863490  66.101384  3.422 -100.00 -100.00 -100.00
  98     4.959 55621.22397369 11.70  65.869953  66.101544  3.390 -100.00 -100.00 -100.00
  99     1.766 55631.13962485 12.37  65.851007  66.103320  3.414 -100.00 -100.00 -100.00
  99     4.202 55631.13962544 12.19  65.857471  66.103481  3.245 -100.00 -100.00 -100.00
  99     2.019 55631.13962603 12.48  65.863934  66.103642  3.568 -100.00 -100.00 -100.00
  99     3.711 55631.13962662 12.28  65.870398  66.103802  3.544 -100.00 -100.00 -100.00
 100     4.663 55641.05527563 12.18  65.850667  66.104556  3.322  242.87  229.94  202.50
 100     4.260 55641.05527622 12.00  65.857131  66.104717  2.899  242.87  229.94  202.50
 100     4.236 55641.05527681 12.17  65.863594  66.104877  4.185 -100.00 -100.00 -100.00
 100     4.155 55641.05527740 11.86  65.870058  66.105037  3.425 -100.00 -100.00 -100.00
 101     1.549 55650.97092379 11.30  65.851440  66.103771  3.756  244.54  231.66  206.86
 101     1.849 55650.97092439 11.29  65.857903  66.103931  3.242  244.54  231.66  206.86
 101     4.120 55650.97092498 10.57  65.864366  66.104092  2.431 -100.00 -100.00 -100.00
 102     6.754 55660.88656834 13.32  65.853270  66.101642  2.545  241.99  239.70  233.82
 102     6.777 55660.88656893 13.32  65.859732  66.101803  2.376 -100.00 -100.00 -100.00
 102     6.833 55660.88656952 13.16  65.866195  66.101963  2.437 -100.00 -100.00 -100.00
 103     2.076 55670.80220964 33.84  65.855878  66.100626 25.711 -100.00 -100.00 -100.00
 103     3.520 55670.80221023 33.01  65.862340  66.100786 17.805 -100.00 -100.00 -100.00
 103     3.488 55670.80221082 35.48  65.868802  66.100947 25.177 -100.00 -100.00 -100.00
 104     5.157 55680.71784848 32.14  65.849997  66.101467 31.167  258.02  252.89  239.37
 104     3.957 55680.71784908 29.56  65.856459  66.101628 22.968  258.02  252.89  239.37
 104     3.779 55680.71784967 33.05  65.862921  66.101788   -100  258.02  252.89  239.37
 104     4.024 55680.71785026 32.63  65.869383  66.101949 31.290 -100.00 -100.00 -100.00
 105     6.288 55690.63348570 44.55  65.846047  66.103709 32.271  238.65  239.49  240.55
 105     5.548 55690.63348630 42.57  65.852510  66.103870  0.205 -100.00 -100.00 -100.00
 105     5.596 55690.63348689 39.92  65.858973  66.104031   -100 -100.00 -100.00 -100.00
 105     5.587 55690.63348748 45.52  65.865436  66.104191 10.082 -100.00 -100.00 -100.00
 106     6.511 55700.54912162 50.96  65.845379  66.105452   -100  212.04  217.11  216.89
 106     6.560 55700.54912222 49.90  65.851843  66.105613 21.421  212.04  217.11  216.89
 106     6.646 55700.54912281 45.69  65.858306  66.105774   -100 -100.00 -100.00 -100.00
 106     6.722 55700.54912340 50.20  65.864770  66.105934  4.725 -100.00 -100.00 -100.00
 107     6.066 55710.46476154 38.30  65.845485  66.105730  4.224 -100.00 -100.00 -100.00
 107     6.344 55710.46476213 30.34  65.851948  66.105892 28.203 -100.00 -100.00 -100.00
 107     6.669 55710.46476272 28.90  65.858412  66.106053 16.732 -100.00 -100.00 -100.00
 107     6.623 55710.46476331 35.86  65.864876  66.106213   -100 -100.00 -100.00 -100.00
 108     5.932 55720.38041202 32.70  65.849921  66.105144 20.135 -100.00 -100.00 -100.00
 108     4.721 55720.38041261 33.35  65.856385  66.105305 23.540 -100.00 -100.00 -100.00
 108     6.359 55720.38041320 32.15  65.862849  66.105466 19.227 -100.00 -100.00 -100.00
 108     6.603 55720.38041379 33.66  65.869312  66.105626 20.487 -100.00 -100.00 -100.00
 109     6.221 55730.29605950 34.65  65.845452  66.104687   -100 -100.00 -100.00 -100.00
 109     5.825 55730.29606009 29.56  65.851915  66.104848 25.338 -100.00 -100.00 -100.00
 109     6.401 55730.29606068 27.00  65.858379  66.105008 17.005 -100.00 -100.00 -100.00
 109     6.395 55730.29606127 31.36  65.864843  66.105169 31.698 -100.00 -100.00 -100.00
 110     5.489 55740.21170629 48.89  65.847814  66.105028  7.858 -100.00 -100.00 -100.00
 110     5.583 55740.21170688 44.32  65.854278  66.105189   -100 -100.00 -100.00 -100.00
 110     5.628 55740.21170747 47.54  65.860741  66.105349   -100 -100.00 -100.00 -100.00
 110     5.688 55740.21170806 46.70  65.867205  66.105510   -100 -100.00 -100.00 -100.00
 111     4.935 55750.12735151 30.54  65.846471  66.105546 14.861 -100.00 -100.00 -100.00
 111     4.438 55750.12735210 31.25  65.852935  66.105707 21.854 -100.00 -100.00 -100.00
 111     5.977 55750.12735269 30.42  65.859398  66.105868 17.480 -100.00 -100.00 -100.00
 111     6.262 55750.12735329 34.28  65.865862  66.106028 30.043 -100.00 -100.00 -100.00
 112     5.860 55760.04299467 26.18  65.848575  66.105433 14.294  252.19  257.10  255.51
 112     5.883 55760.04299526 24.71  65.855038  66.105594 13.221 -100.00 -100.00 -100.00
 112     6.327 55760.04299585 24.34  65.861502  66.105754 12.531 -100.00 -100.00 -100.00
 112     6.310 55760.04299644 33.26  65.867965  66.105915   -100 -100.00 -100.00 -100.00
 113     3.310 55769.95863456 48.79  65.846341  66.104179 17.624 -100.00 -100.00 -100.00
 113     3.509 55769.95863515 44.21  65.852804  66.104340   -100 -100.00 -100.00 -100.00
 113     3.181 55769.95863574 47.24  65.859267  66.104501 13.441 -100.00 -100.00 -100.00
 113     3.339 55769.95863633 48.70  65.865730  66.104661 10.437 -100.00 -100.00 -100.00
 114     5.188 55779.87427152 32.08  65.848692  66.102219 27.978 -100.00 -100.00 -100.00
 114     5.121 55779.87427211 28.64  65.855154  66.102380 15.715 -100.00 -100.00 -100.00
 114     5.731 55779.87427270 27.29  65.861616  66.102541 14.222 -100.00 -100.00 -100.00
 114     6.150 55779.87427329 28.39  65.868078  66.102701 14.979 -100.00 -100.00 -100.00
 115     4.926 55789.78990613 30.95  65.853236  66.101023   -100 -100.00 -100.00 -100.00
 115     5.770 55789.78990672 21.42  65.859698  66.101184  6.707 -100.00 -100.00 -100.00
 115     5.982 55789.78990731 24.33  65.866159  66.101344 12.391 -100.00 -100.00 -100.00
 116     5.073 55799.70553915 31.96  65.853072  66.101336 31.724 -100.00 -100.00 -100.00
 116     5.736 55799.70553974 21.55  65.859534  66.101497  6.388 -100.00 -100.00 -100.00
 116     5.844 55799.70554033 29.49  65.865996  66.101658 22.660 -100.00 -100.00 -100.00
 117     4.829 55809.62118592 33.04  65.848231  66.102749   -100 -100.00 -100.00 -100.00
 117     4.844 55809.62118651 30.14  65.854694  66.102910 23.543 -100.00 -100.00 -100.00
 117     1.994 55809.62118710 27.44  65.861156  66.103071 16.453 -100.00 -100.00 -100.00
 117     5.940 55809.62118769 31.59  65.867619  66.103231 25.743 -100.00 -100.00 -100.00
 118     4.636 55819.53683514 31.77  65.851311  66.104101   -100  251.35  253.36  253.03
 118     4.681 55819.53683573 27.90  65.857774  66.104262 18.988 -100.00 -100.00 -100.00
 118     5.988 55819.53683632 32.69  65.864237  66.104423   -100 -100.00 -100.00 -100.00
 119     2.605 55829.45247914 48.49  65.846289  66.103634   -100 -100.00 -100.00 -100.00
 119     3.098 55829.45247973 43.43  65.852752  66.103795 23.683 -100.00 -100.00 -100.00
 119     2.666 55829.45248032 47.53  65.859215  66.103956   -100 -100.00 -100.00 -100.00
 119     2.449 55829.45248091 52.87  65.865679  66.104116 21.800 -100.00 -100.00 -100.00
 120     4.810 55839.36811984 29.99  65.854215  66.102232 25.515 -100.00 -100.00 -100.00
 120     5.849 55839.36812043 20.57  65.860678  66.102393  5.201 -100.00 -100.00 -100.00
 120     5.888 55839.36812102 29.14  65.867142  66.102553 21.272 -100.00 -100.00 -100.00
 121     2.348 55849.28375690 38.60  65.855740  66.101063  4.084  239.72  240.94  242.76
 121     3.859 55849.28375749 27.77  65.862203  66.101224 16.221  239.72  240.94  242.76
 121     5.649 55849.28375808 30.21  65.868666  66.101384 19.047  239.72  240.94  242.76
 122     5.030 55859.19939144 31.33  65.851472  66.101745 18.313  240.30  238.40  237.77
 122     5.691 55859.19939203 27.67  65.857935  66.101906  9.745  240.30  238.40  237.77
 122     5.757 55859.19939262 28.37  65.864398  66.102067 11.343  240.30  238.40  237.77
 122     5.722 55859.19939321 30.49  65.870861  66.102227 14.765  240.30  238.40  237.77
 123     2.103 55869.11504000 38.94  65.847828  66.103875 29.214 -100.00 -100.00 -100.00
 123     2.024 55869.11504059 41.38  65.854292  66.104036   -100 -100.00 -100.00 -100.00
 123     1.979 55869.11504118 42.55  65.860755  66.104197   -100 -100.00 -100.00 -100.00
 123     1.967 55869.11504177 45.84  65.867219  66.104358  0.992 -100.00 -100.00 -100.00
 133     4.591 55968.27148335 17.42  65.854725  66.101747  4.512  249.74  242.96  221.38
 133     2.547 55968.27148394 17.02  65.861188  66.101908  4.070  249.74  242.96  221.38
 133     4.019 55968.27148453 17.22  65.867652  66.102068  3.925  249.74  242.96  221.38
 134     4.593 55978.18711966 16.69  65.850659  66.102430  3.965 -100.00 -100.00 -100.00
 134     4.686 55978.18712025 16.87  65.857122  66.102591  4.294 -100.00 -100.00 -100.00
 134     1.567 55978.18712084 16.61  65.863586  66.102751  4.071 -100.00 -100.00 -100.00
 134     1.522 55978.18712143 16.59  65.870049  66.102912  4.354 -100.00 -100.00 -100.00
 135     2.125 55988.10275582 17.50  65.852049  66.103267  3.808 -100.00 -100.00 -100.00
 135     4.274 55988.10275641 17.65  65.858512  66.103428  3.899 -100.00 -100.00 -100.00
 135     3.102 55988.10275700 18.07  65.864975  66.103589  4.862 -100.00 -100.00 -100.00
 136     4.614 55998.01839585 16.66  65.850095  66.103381  3.884 -100.00 -100.00 -100.00
 136     1.471 55998.01839644 16.95  65.856558  66.103543  4.518 -100.00 -100.00 -100.00
 136     3.953 55998.01839703 16.47  65.863021  66.103703  4.057 -100.00 -100.00 -100.00
 136     3.855 55998.01839762 16.49  65.869484  66.103864  4.495 -100.00 -100.00 -100.00
 137     5.083 56007.93404722 17.53  65.852232  66.102902  5.019  245.41  233.00  203.11
 137     4.482 56007.93404781 18.21  65.858695  66.103063  5.856  245.41  233.00  203.11
 137     4.638 56007.93404840 17.19  65.865158  66.103224  4.308  245.41  233.00  203.11
 138     5.075 56017.84969430 17.70  65.853317  66.102177  3.517 -100.00 -100.00 -100.00
 138     4.790 56017.84969489 17.86  65.859779  66.102337  3.953 -100.00 -100.00 -100.00
 138     4.816 56017.84969548 17.64  65.866241  66.102498  4.196 -100.00 -100.00 -100.00
 139     5.681 56027.76533810 14.32  65.850223  66.102243  2.823 -100.00 -100.00 -100.00
 139     5.551 56027.76533869 13.98  65.856685  66.102404  2.739 -100.00 -100.00 -100.00
 139     5.355 56027.76533928 13.87  65.863147  66.102564  2.631 -100.00 -100.00 -100.00
 139     5.541 56027.76533987 13.98  65.869610  66.102724  3.213 -100.00 -100.00 -100.00
 141     3.414 56047.59662072 16.30  65.846721  66.104571  6.875 -100.00 -100.00 -100.00
 141     2.803 56047.59662131 17.75  65.853184  66.104732  9.117 -100.00 -100.00 -100.00
 141     4.572 56047.59662190 15.20  65.859647  66.104893  5.421 -100.00 -100.00 -100.00
 141     4.319 56047.59662249 15.18  65.866111  66.105053  5.346 -100.00 -100.00 -100.00
 142     4.952 56057.51225838 36.74  65.845959  66.105521   -100 -100.00 -100.00 -100.00
 142     4.955 56057.51225897 34.94  65.852422  66.105682   -100 -100.00 -100.00 -100.00
 142     4.651 56057.51225956 37.43  65.858885  66.105843 10.197 -100.00 -100.00 -100.00
 142     4.741 56057.51226015 40.85  65.865349  66.106003 22.231 -100.00 -100.00 -100.00
 143     6.054 56067.42789164 37.14  65.844824  66.105582   -100  220.09  221.96  223.99
 143     6.220 56067.42789223 33.20  65.851288  66.105743 25.859  220.09  221.96  223.99
 143     6.579 56067.42789282 30.47  65.857752  66.105904 15.498  220.09  221.96  223.99
 143     6.583 56067.42789341 34.43  65.864215  66.106065 30.067  220.09  221.96  223.99
 144     6.011 56077.34354107 38.53  65.844925  66.105430  2.731 -100.00 -100.00 -100.00
 144     6.227 56077.34354166 29.54  65.851389  66.105591 18.221 -100.00 -100.00 -100.00
 144     6.421 56077.34354225 29.23  65.857853  66.105752 18.919 -100.00 -100.00 -100.00
 144     6.397 56077.34354284 34.56  65.864317  66.105912   -100 -100.00 -100.00 -100.00
 145     5.943 56087.25919005 31.43  65.846453  66.105485 27.459  242.85  245.09  244.95
 145     5.983 56087.25919064 30.21  65.852917  66.105646 26.778  242.85  245.09  244.95
 145     6.661 56087.25919123 28.59  65.859381  66.105807 17.160  242.85  245.09  244.95
 145     6.594 56087.25919182 31.31  65.865845  66.105967 26.743  242.85  245.09  244.95
 146     6.036 56097.17483666 26.77  65.849125  66.105614 15.007  253.94  257.11  254.07
 146     6.506 56097.17483725 23.72  65.855588  66.105775  8.688  253.94  257.11  254.07
 146     6.587 56097.17483784 30.35  65.862052  66.105935 22.501  253.94  257.11  254.07
 146     6.438 56097.17483843 34.78  65.868516  66.106095   -100 -100.00 -100.00 -100.00
 147     5.959 56107.09048074 25.03  65.847979  66.105100  4.896 -100.00 -100.00 -100.00
 147     6.121 56107.09048133 24.51  65.854442  66.105261  5.502 -100.00 -100.00 -100.00
 147     6.534 56107.09048192 24.66  65.860905  66.105421  6.287 -100.00 -100.00 -100.00
 147     6.391 56107.09048251 35.13  65.867369  66.105582 30.442 -100.00 -100.00 -100.00
 148     5.751 56117.00611075 27.12  65.850603  66.103914 14.987  250.38  252.76  250.47
 148     5.770 56117.00611134 24.81  65.857065  66.104075 11.746  250.38  252.76  250.47
 148     6.200 56117.00611193 26.85  65.863528  66.104236 15.779  250.38  252.76  250.47
 148     6.654 56117.00611252 30.17  65.869991  66.104396 22.086 -100.00 -100.00 -100.00
 149     5.059 56126.92174864 26.63  65.853193  66.102661 16.190 -100.00 -100.00 -100.00
 149     4.479 56126.92174923 25.17  65.859656  66.102822 12.863 -100.00 -100.00 -100.00
 149     6.134 56126.92174982 27.10  65.866118  66.102983 14.482 -100.00 -100.00 -100.00
 150     5.187 56136.83738234 30.37  65.851708  66.101767 26.740 -100.00 -100.00 -100.00
 150     5.884 56136.83738293 22.30  65.858170  66.101928  9.165 -100.00 -100.00 -100.00
 150     6.073 56136.83738352 23.43  65.864632  66.102088 11.090 -100.00 -100.00 -100.00
 150     6.112 56136.83738411 25.34  65.871094  66.102249 13.312 -100.00 -100.00 -100.00
 151     4.905 56146.75302684 29.91  65.852226  66.102197 23.961 -100.00 -100.00 -100.00
 151     0.100 56146.75302743 28.91  65.858688  66.102357 21.037 -100.00 -100.00 -100.00
 151     5.965 56146.75302802 27.75  65.865151  66.102518 16.113 -100.00 -100.00 -100.00
 151     6.065 56146.75302861 29.64  65.871613  66.102678 15.794 -100.00 -100.00 -100.00
 152     4.793 56156.66867604 32.07  65.849754  66.103086   -100  249.54  250.92  250.78
 152     4.765 56156.66867663 28.32  65.856216  66.103247 21.823  249.54  250.92  250.78
 152     6.095 56156.66867722 23.11  65.862679  66.103407  9.413  249.54  250.92  250.78
 152     6.169 56156.66867781 30.16  65.869142  66.103567 25.361  249.54  250.92  250.78
 153     2.202 56166.58432476 43.59  65.852109  66.103773 24.661 -100.00 -100.00 -100.00
 153     1.886 56166.58432535 44.69  65.858572  66.103934   -100 -100.00 -100.00 -100.00
 153     1.457 56166.58432594 52.05  65.865035  66.104095 15.477 -100.00 -100.00 -100.00
 154     4.667 56176.49997065 32.50  65.849909  66.103388   -100 -100.00 -100.00 -100.00
 154     4.667 56176.49997124 26.77  65.856372  66.103549 19.757 -100.00 -100.00 -100.00
 154     5.984 56176.49997183 24.59  65.862835  66.103709 14.042 -100.00 -100.00 -100.00
 154     6.031 56176.49997242 32.90  65.869298  66.103870   -100 -100.00 -100.00 -100.00
 155     4.814 56186.41561196 30.95  65.851326  66.102665 28.821 -100.00 -100.00 -100.00
 155     4.392 56186.41561255 26.58  65.857789  66.102826 14.973 -100.00 -100.00 -100.00
 155     5.852 56186.41561314 27.11  65.864252  66.102986 11.301 -100.00 -100.00 -100.00
 155     5.828 56186.41561373 33.40  65.870716  66.103146 26.641 -100.00 -100.00 -100.00
 156     4.842 56196.33124934 34.85  65.850617  66.102117   -100 -100.00 -100.00 -100.00
 156     5.537 56196.33124993 22.72  65.857080  66.102278 10.005 -100.00 -100.00 -100.00
 156     5.890 56196.33125052 21.62  65.863543  66.102438  7.517 -100.00 -100.00 -100.00
 156     6.146 56196.33125111 25.49  65.870006  66.102599 13.984 -100.00 -100.00 -100.00
 157     5.338 56206.24688357 30.45  65.848136  66.102713 21.420 -100.00 -100.00 -100.00
 157     5.327 56206.24688416 28.28  65.854600  66.102874 16.057 -100.00 -100.00 -100.00
 157     6.056 56206.24688475 22.11  65.861063  66.103035  5.252 -100.00 -100.00 -100.00
 157     5.947 56206.24688534 31.06  65.867526  66.103196 21.958 -100.00 -100.00 -100.00
 158     2.185 56216.16251677 41.32  65.850616  66.104260   -100  243.11  245.08  246.76
 158     2.501 56216.16251736 43.76  65.857080  66.104421 22.926 -100.00 -100.00 -100.00
 158     1.742 56216.16251795 51.11  65.863543  66.104582 20.347 -100.00 -100.00 -100.00
 158     1.642 56216.16251854 54.14  65.870007  66.104742   -100 -100.00 -100.00 -100.00
 159     5.458 56226.07815694 27.49  65.849450  66.105608 15.101  248.25  247.57  248.00
 159     5.758 56226.07815753 27.38  65.855913  66.105769 13.599  248.25  247.57  248.00
 159     5.913 56226.07815813 31.83  65.862377  66.105930 25.957  248.25  247.57  248.00
 159     5.931 56226.07815872 34.94  65.868841  66.106091   -100  248.25  247.57  248.00
 160     1.610 56235.99381158 39.44  65.843481  66.105740   -100 -100.00 -100.00 -100.00
 160     1.722 56235.99381217 40.80  65.849944  66.105901   -100 -100.00 -100.00 -100.00
 160     1.797 56235.99381276 42.92  65.856408  66.106062   -100 -100.00 -100.00 -100.00
 160     1.782 56235.99381335 44.58  65.862872  66.106223   -100 -100.00 -100.00 -100.00
 161     1.132 56245.90946324 34.59  65.847599  66.105384 18.549 -100.00 -100.00 -100.00
 161     1.127 56245.90946383 37.10  65.854063  66.105545 28.107 -100.00 -100.00 -100.00
 161     1.193 56245.90946442 40.13  65.860526  66.105706   -100 -100.00 -100.00 -100.00
 161     1.348 56245.90946502 36.72  65.866990  66.105866 27.048 -100.00 -100.00 -100.00
 162     1.407 56255.82510961 30.70  65.849496  66.105112 11.008 -100.00 -100.00 -100.00
 162     1.455 56255.82511020 31.09  65.855960  66.105273 12.323 -100.00 -100.00 -100.00
 162     1.220 56255.82511080 32.75  65.862423  66.105433 18.616 -100.00 -100.00 -100.00
 162     1.281 56255.82511139 31.79  65.868887  66.105593 15.632 -100.00 -100.00 -100.00
 163     1.380 56265.74075173 27.54  65.846661  66.105509  9.444 -100.00 -100.00 -100.00
 163     1.533 56265.74075232 28.79  65.853125  66.105670 12.328 -100.00 -100.00 -100.00
 163     1.684 56265.74075291 29.19  65.859588  66.105831 11.224 -100.00 -100.00 -100.00
 163     1.361 56265.74075350 28.39  65.866052  66.105991 12.768 -100.00 -100.00 -100.00
 164     1.369 56275.65639228 26.45  65.845270  66.105945 11.077  252.67  250.17  239.90
 164     1.506 56275.65639287 25.37  65.851733  66.106106  7.893 -100.00 -100.00 -100.00
 164     1.299 56275.65639346 28.48  65.858197  66.106266 15.834 -100.00 -100.00 -100.00
 164     1.353 56275.65639405 29.68  65.864661  66.106427 19.313 -100.00 -100.00 -100.00
 165     5.243 56285.57203840 18.70  65.846407  66.105399  5.940 -100.00 -100.00 -100.00
 165     1.596 56285.57203899 18.34  65.852871  66.105560  5.878 -100.00 -100.00 -100.00
 165     1.513 56285.57203958 18.93  65.859335  66.105720  6.072 -100.00 -100.00 -100.00
 165     1.898 56285.57204017 18.07  65.865799  66.105881  5.494 -100.00 -100.00 -100.00
 166     1.505 56295.48768896 22.08  65.848193  66.103619 11.346 -100.00 -100.00 -100.00
 166     1.478 56295.48768955 22.52  65.854656  66.103780 12.339 -100.00 -100.00 -100.00
 166     1.407 56295.48769014 21.24  65.861120  66.103940  9.926 -100.00 -100.00 -100.00
 166     1.331 56295.48769073 21.21  65.867584  66.104101  9.958 -100.00 -100.00 -100.00
 167     1.484 56305.40333586 18.09  65.855337  66.101831  6.417  248.73  242.03  221.63
 167     1.486 56305.40333645 18.44  65.861801  66.101992  7.570  248.73  242.03  221.63
 167     1.382 56305.40333704 18.57  65.868264  66.102152  7.825 -100.00 -100.00 -100.00
 168     1.478 56315.31897872 18.69  65.856095  66.101464  6.246 -100.00 -100.00 -100.00
 168     1.410 56315.31897931 18.93  65.862558  66.101624  7.387 -100.00 -100.00 -100.00
 168     1.334 56315.31897990 19.37  65.869022  66.101784  8.093 -100.00 -100.00 -100.00
 169     1.141 56325.23461896 19.16  65.848720  66.102700  7.303 -100.00 -100.00 -100.00
 169     1.434 56325.23461955 18.67  65.855183  66.102860  6.268 -100.00 -100.00 -100.00
 169     1.312 56325.23462014 19.37  65.861647  66.103021  7.544 -100.00 -100.00 -100.00
 169     1.181 56325.23462073 19.79  65.868110  66.103181  8.893 -100.00 -100.00 -100.00
 170     1.239 56335.15025873 18.02  65.845348  66.104203  5.684 -100.00 -100.00 -100.00
 170     1.213 56335.15025932 19.61  65.851812  66.104364  8.035 -100.00 -100.00 -100.00
 170     1.225 56335.15025991 18.66  65.858276  66.104525  6.970 -100.00 -100.00 -100.00
 170     1.150 56335.15026050 18.44  65.864740  66.104685  6.360 -100.00 -100.00 -100.00
 171     1.268 56345.06589816 14.55  65.849445  66.104425  3.990 -100.00 -100.00 -100.00
 171     4.474 56345.06589875 14.31  65.855909  66.104585  3.261 -100.00 -100.00 -100.00
 171     1.384 56345.06589934 14.50  65.862372  66.104746  3.732 -100.00 -100.00 -100.00
 171     3.468 56345.06589993 14.73  65.868836  66.104906  4.427 -100.00 -100.00 -100.00
 172     0.991 56354.98153491 14.42  65.850045  66.103185  3.601 -100.00 -100.00 -100.00
 172     1.110 56354.98153550 14.37  65.856508  66.103346  3.717 -100.00 -100.00 -100.00
 172     3.901 56354.98153609 14.37  65.862971  66.103507  4.225 -100.00 -100.00 -100.00
 172     3.602 56354.98153668 14.56  65.869434  66.103667  3.903 -100.00 -100.00 -100.00
 173     1.022 56364.89718043 14.71  65.853429  66.102017  4.071 -100.00 -100.00 -100.00
 173     4.005 56364.89718102 14.50  65.859892  66.102178  4.208 -100.00 -100.00 -100.00
 173     4.039 56364.89718161 14.49  65.866354  66.102338  4.339 -100.00 -100.00 -100.00
 174     4.407 56374.81282914 13.69  65.851882  66.102135  3.969 -100.00 -100.00 -100.00
 174     4.538 56374.81282973 13.29  65.858344  66.102296  3.746 -100.00 -100.00 -100.00
 174     3.882 56374.81283032 13.54  65.864806  66.102456  4.202 -100.00 -100.00 -100.00
 174     3.997 56374.81283091 13.18  65.871269  66.102616  3.518 -100.00 -100.00 -100.00
 176     5.123 56394.64411848 12.90  65.846800  66.105711  3.133  246.28  232.89  210.05
 176     4.329 56394.64411907 13.57  65.853263  66.105872  4.007  246.28  232.89  210.05
 176     3.736 56394.64411966 13.18  65.859726  66.106033  3.923 -100.00 -100.00 -100.00
 176     3.867 56394.64412025 13.04  65.866190  66.106193  3.603 -100.00 -100.00 -100.00
 177     6.201 56404.55976003  3.35  65.842707  66.106424  5.159 -100.00 -100.00 -100.00
 177     6.492 56404.55976062  2.92  65.849171  66.106585  4.164 -100.00 -100.00 -100.00
 177     6.697 56404.55976121  1.75  65.855635  66.106745  3.574 -100.00 -100.00 -100.00
 177     6.582 56404.55976180  1.35  65.862099  66.106906  3.240 -100.00 -100.00 -100.00
 178     1.646 56414.47539939 27.98  65.848470  66.106245   -100 -100.00 -100.00 -100.00
 178     6.015 56414.47539998 28.63  65.854934  66.106406   -100 -100.00 -100.00 -100.00
 178     1.923 56414.47540057 28.50  65.861398  66.106567   -100 -100.00 -100.00 -100.00
 179     3.884 56424.39103339 34.93  65.848923  66.105084   -100 -100.00 -100.00 -100.00
 179     3.831 56424.39103398 33.10  65.855387  66.105245   -100 -100.00 -100.00 -100.00
 179     3.857 56424.39103457 35.75  65.861850  66.105406   -100 -100.00 -100.00 -100.00
 179     4.071 56424.39103516 35.35  65.868314  66.105566   -100 -100.00 -100.00 -100.00
 180     6.275 56434.30667955 34.88  65.850253  66.104777   -100 -100.00 -100.00 -100.00
 180     6.237 56434.30668014 32.24  65.856716  66.104937 29.039 -100.00 -100.00 -100.00
 180     6.370 56434.30668073 32.10  65.863180  66.105098 24.580 -100.00 -100.00 -100.00
 180     6.410 56434.30668132 35.57  65.869644  66.105258   -100 -100.00 -100.00 -100.00
 181     6.276 56444.22233150 33.02  65.848062  66.105215  6.555 -100.00 -100.00 -100.00
 181     5.882 56444.22233209 32.55  65.854526  66.105376  6.951 -100.00 -100.00 -100.00
 181     6.352 56444.22233268 31.93  65.860990  66.105536  6.405 -100.00 -100.00 -100.00
 181     6.403 56444.22233327 34.89  65.867454  66.105697 13.011 -100.00 -100.00 -100.00
 182     6.010 56454.13798111 31.73  65.847782  66.106124 32.000  236.56  240.31  238.77
 182     6.130 56454.13798170 29.12  65.854245  66.106285 18.481  236.56  240.31  238.77
 182     6.480 56454.13798229 28.98  65.860709  66.106445 19.961  236.56  240.31  238.77
 182     6.510 56454.13798288 37.11  65.867173  66.106606   -100  236.56  240.31  238.77
 183     5.934 56464.05362811 28.17  65.849925  66.105710 21.333  230.28  233.55  235.00
 183     6.322 56464.05362870 26.09  65.856389  66.105870 14.086  230.28  233.55  235.00
 183     6.419 56464.05362930 30.08  65.862852  66.106031 23.107 -100.00 -100.00 -100.00
 184     5.867 56473.96927159 29.31  65.851679  66.103890 25.310 -100.00 -100.00 -100.00
 184     5.635 56473.96927218 25.31  65.858142  66.104051 14.970 -100.00 -100.00 -100.00
 184     6.128 56473.96927277 28.67  65.864605  66.104211 21.066 -100.00 -100.00 -100.00
 185     5.641 56483.88491140 43.55  65.850499  66.101642   -100  243.57  249.10  245.49
 185     5.593 56483.88491199 46.07  65.856961  66.101803   -100  243.57  249.10  245.49
 185     5.615 56483.88491258 45.37  65.863423  66.101963   -100  243.57  249.10  245.49
 185     5.647 56483.88491317 47.97  65.869885  66.102123   -100 -100.00 -100.00 -100.00
 187     5.231 56503.71618252 29.03  65.850119  66.102466 27.000  244.09  247.02  245.34
 187     5.264 56503.71618311 24.06  65.856581  66.102627 11.861  244.09  247.02  245.34
 187     6.022 56503.71618370 21.57  65.863043  66.102787  5.808 -100.00 -100.00 -100.00
 187     5.741 56503.71618429 32.89  65.869506  66.102947   -100 -100.00 -100.00 -100.00
 188     5.279 56513.63181501 47.22  65.845619  66.104313 13.868 -100.00 -100.00 -100.00
 188     5.266 56513.63181560 33.24  65.852082  66.104474   -100 -100.00 -100.00 -100.00
 188     5.304 56513.63181619 27.07  65.858545  66.104635 16.516 -100.00 -100.00 -100.00
 188     6.020 56513.63181678 26.88  65.865008  66.104795 11.861 -100.00 -100.00 -100.00
 189     3.333 56523.54746535 35.03  65.848617  66.104990 14.975 -100.00 -100.00 -100.00
 189     3.299 56523.54746595 35.09  65.855080  66.105151 15.785 -100.00 -100.00 -100.00
 189     3.320 56523.54746654 33.93  65.861544  66.105312 13.241 -100.00 -100.00 -100.00
 189     5.904 56523.54746713 33.22  65.868007  66.105472 11.691 -100.00 -100.00 -100.00
 190     5.148 56533.46311698 29.95  65.846306  66.103716 31.396 -100.00 -100.00 -100.00
 190     5.043 56533.46311757 26.33  65.852769  66.103877 19.288 -100.00 -100.00 -100.00
 190     5.632 56533.46311816 21.33  65.859233  66.104038  8.066 -100.00 -100.00 -100.00
 190     5.975 56533.46311875 28.79  65.865696  66.104198 20.420 -100.00 -100.00 -100.00
 192     4.996 56553.29441037 29.66  65.852546  66.102175 20.211 -100.00 -100.00 -100.00
 192     1.935 56553.29441096 28.84  65.859009  66.102336 15.347 -100.00 -100.00 -100.00
 192     5.625 56553.29441155 28.82  65.865473  66.102496 13.887 -100.00 -100.00 -100.00
 193     5.438 56563.21005299 27.39  65.851050  66.104083 15.571  245.30  243.86  244.26
 193     5.515 56563.21005358 25.99  65.857514  66.104244 12.679  245.30  243.86  244.26
 193     5.791 56563.21005417 26.78  65.863978  66.104404 14.755  245.30  243.86  244.26
 193     5.750 56563.21005476 29.96  65.870442  66.104564 21.206 -100.00 -100.00 -100.00
 194     5.440 56573.12569431 29.47  65.848929  66.106437 18.346  250.36  250.65  251.59
 194     4.921 56573.12569490 28.71  65.855393  66.106598 16.451  250.36  250.65  251.59
 194     5.902 56573.12569549 27.82  65.861857  66.106758 12.781  250.36  250.65  251.59
 195     4.863 56583.04133301 26.42  65.842630  66.107389  9.768 -100.00 -100.00 -100.00
 195     4.693 56583.04133360 25.10  65.849094  66.107550  6.567 -100.00 -100.00 -100.00
 195     4.507 56583.04133419 25.83  65.855558  66.107711  6.722 -100.00 -100.00 -100.00
 195     5.108 56583.04133478 24.97  65.862023  66.107872  6.265 -100.00 -100.00 -100.00
 196     2.924 56592.95696827 41.88  65.848237  66.106538 28.120 -100.00 -100.00 -100.00
 196     3.281 56592.95696886 41.97  65.854701  66.106699 20.098 -100.00 -100.00 -100.00
 196     2.354 56592.95696945 47.47  65.861165  66.106860 28.086 -100.00 -100.00 -100.00
 197     2.403 56602.87261994 32.77  65.848177  66.104980 23.116 -100.00 -100.00 -100.00
 197     2.700 56602.87262053 36.35  65.854641  66.105141 26.324 -100.00 -100.00 -100.00
 197     2.498 56602.87262112 36.28  65.861104  66.105302   -100 -100.00 -100.00 -100.00
 197     2.335 56602.87262171 26.62  65.867568  66.105462  9.288 -100.00 -100.00 -100.00
 198     2.571 56612.78826889 35.08  65.846278  66.104155 29.180 -100.00 -100.00 -100.00
 198     2.820 56612.78826948 34.64  65.852741  66.104316 26.563 -100.00 -100.00 -100.00
 198     2.803 56612.78827007 37.89  65.859205  66.104477   -100 -100.00 -100.00 -100.00
 198     2.640 56612.78827066 32.90  65.865668  66.104637 23.015 -100.00 -100.00 -100.00
 199     2.620 56622.70391365 25.80  65.844843  66.104869  7.985 -100.00 -100.00 -100.00
 199     2.806 56622.70391424 32.37  65.851306  66.105030 22.791 -100.00 -100.00 -100.00
 199     2.633 56622.70391483 34.15  65.857770  66.105191 29.379 -100.00 -100.00 -100.00
 199     2.682 56622.70391542 27.62  65.864233  66.105351 11.256 -100.00 -100.00 -100.00
 200     3.087 56632.61955596 32.01  65.848334  66.105806 15.340  230.88  223.53  212.74
 200     2.098 56632.61955655 32.17  65.854798  66.105967 20.831  230.88  223.53  212.74
 200     2.367 56632.61955714 38.02  65.861262  66.106127   -100  230.88  223.53  212.74
 200     2.307 56632.61955773 28.71  65.867726  66.106288 20.293  230.88  223.53  212.74
 201     1.986 56642.53519308 25.59  65.843626  66.105442 15.499 -100.00 -100.00 -100.00
 201     2.075 56642.53519367 27.53  65.850090  66.105603 20.090 -100.00 -100.00 -100.00
 201     2.029 56642.53519426 25.89  65.856554  66.105764 16.648 -100.00 -100.00 -100.00
 201     1.852 56642.53519485 20.00  65.863018  66.105924  7.312 -100.00 -100.00 -100.00
 202     2.232 56652.45084359 27.98  65.849468  66.103707 17.214 -100.00 -100.00 -100.00
 202     2.426 56652.45084418 28.92  65.855932  66.103868 18.338 -100.00 -100.00 -100.00
 202     2.275 56652.45084477 32.42  65.862396  66.104028 30.361 -100.00 -100.00 -100.00
 202     2.130 56652.45084536 21.60  65.868860  66.104188  9.481 -100.00 -100.00 -100.00
 203     1.879 56662.36649333 26.50  65.851605  66.101739 19.034 -100.00 -100.00 -100.00
 203     2.161 56662.36649392 23.52  65.858069  66.101900 12.689 -100.00 -100.00 -100.00
 203     2.171 56662.36649451 19.93  65.864532  66.102060  7.848 -100.00 -100.00 -100.00
 203     2.390 56662.36649510 18.82  65.870996  66.102220  6.013 -100.00 -100.00 -100.00
 204     4.448 56672.28214011 17.59  65.852825  66.101174  3.970 -100.00 -100.00 -100.00
 204     4.371 56672.28214070 17.47  65.859288  66.101334  4.216 -100.00 -100.00 -100.00
 204     3.547 56672.28214129 17.83  65.865751  66.101494  4.501 -100.00 -100.00 -100.00
 204     3.740 56672.28214188 17.35  65.872215  66.101654  4.258 -100.00 -100.00 -100.00
 205     2.102 56682.19778502 24.41  65.851136  66.102881 15.982 -100.00 -100.00 -100.00
 205     1.944 56682.19778561 24.43  65.857600  66.103042 18.194 -100.00 -100.00 -100.00
 205     1.891 56682.19778620 26.80  65.864063  66.103202 27.152 -100.00 -100.00 -100.00
 205     1.860 56682.19778679 19.64  65.870527  66.103362  9.965 -100.00 -100.00 -100.00
 206     5.008 56692.11342772 17.58  65.847604  66.104678  6.701 -100.00 -100.00 -100.00
 206     1.967 56692.11342831 19.28  65.854067  66.104838  9.259 -100.00 -100.00 -100.00
 206     1.933 56692.11342890 16.51  65.860531  66.104999  5.183 -100.00 -100.00 -100.00
 206     3.951 56692.11342949 16.36  65.866995  66.105159  4.466 -100.00 -100.00 -100.00
 207     5.109 56702.02906682 16.42  65.848304  66.105364  4.057 -100.00 -100.00 -100.00
 207     1.828 56702.02906741 18.62  65.854768  66.105525  7.838 -100.00 -100.00 -100.00
 207     4.307 56702.02906800 16.60  65.861232  66.105685  4.843 -100.00 -100.00 -100.00
 207     3.859 56702.02906859 16.39  65.867696  66.105846  4.634 -100.00 -100.00 -100.00
 208     4.954 56711.94470087 15.14  65.848470  66.103990  3.766 -100.00 -100.00 -100.00
 208     4.816 56711.94470146 14.82  65.854934  66.104151  3.757 -100.00 -100.00 -100.00
 208     4.425 56711.94470205 15.07  65.861397  66.104312  4.003 -100.00 -100.00 -100.00
 208     4.143 56711.94470264 15.10  65.867860  66.104472  4.293 -100.00 -100.00 -100.00
 209     5.062 56721.86034639 15.38  65.847761  66.102652  5.474 -100.00 -100.00 -100.00
 209     5.100 56721.86034698 15.67  65.854223  66.102813  5.849 -100.00 -100.00 -100.00
 209     4.321 56721.86034757 16.83  65.860686  66.102973  7.474 -100.00 -100.00 -100.00
 209     4.436 56721.86034816 15.45  65.867149  66.103134  5.714 -100.00 -100.00 -100.00
 210     5.642 56731.77599833 15.65  65.853247  66.102772  3.344 -100.00 -100.00 -100.00
 210     5.451 56731.77599892 16.08  65.859709  66.102933  4.336 -100.00 -100.00 -100.00
 210     5.628 56731.77599951 15.51  65.866172  66.103093  3.639 -100.00 -100.00 -100.00
 211     6.630 56741.69164564 14.31  65.847763  66.104644  2.800 -100.00 -100.00 -100.00
 211     6.612 56741.69164623 14.34  65.854226  66.104804  2.819 -100.00 -100.00 -100.00
 211     6.241 56741.69164683 14.45  65.860689  66.104965  2.999 -100.00 -100.00 -100.00
 211     6.181 56741.69164742 14.71  65.867152  66.105125  3.323 -100.00 -100.00 -100.00
 212     6.405 56751.60728862 13.62  65.841957  66.106769  2.648 -100.00 -100.00 -100.00
 212     6.602 56751.60728921 13.81  65.848420  66.106930  2.831 -100.00 -100.00 -100.00
 212     6.422 56751.60728980 13.95  65.854884  66.107090  2.726 -100.00 -100.00 -100.00
 212     6.465 56751.60729039 13.83  65.861348  66.107251  2.959 -100.00 -100.00 -100.00
 213     6.640 56761.52292737  5.02  65.846116  66.107758  2.212 -100.00 -100.00 -100.00
 213     6.684 56761.52292796  5.26  65.852580  66.107919  2.630 -100.00 -100.00 -100.00
 213     6.699 56761.52292855  5.34  65.859044  66.108080  2.495 -100.00 -100.00 -100.00
 214     2.003 56771.43855865 15.08  65.842556  66.106650  6.554 -100.00 -100.00 -100.00
 214     1.893 56771.43855924 16.30  65.849020  66.106812  8.755 -100.00 -100.00 -100.00
 214     1.995 56771.43855983 14.78  65.855484  66.106973  6.517 -100.00 -100.00 -100.00
 214     2.046 56771.43856042 14.45  65.861948  66.107133  6.225 -100.00 -100.00 -100.00
 215     2.451 56781.35421457 20.06  65.849261  66.105257 10.010 -100.00 -100.00 -100.00
 215     2.409 56781.35421516 23.61  65.855725  66.105417 20.411 -100.00 -100.00 -100.00
 215     2.400 56781.35421575 25.72  65.862189  66.105578 28.010 -100.00 -100.00 -100.00
 215     2.534 56781.35421635 27.90  65.868652  66.105738   -100 -100.00 -100.00 -100.00
 216     4.929 56791.26986937 42.00  65.850686  66.104409 13.828  251.18  253.03  252.45
 216     4.909 56791.26986996 40.72  65.857149  66.104569  6.993  251.18  253.03  252.45
 216     4.909 56791.26987055 40.48  65.863613  66.104730  2.321  251.18  253.03  252.45
 216     4.923 56791.26987114 43.40  65.870077  66.104890 19.661  251.18  253.03  252.45
 217     6.687 56801.18552078 35.93  65.847975  66.104704 29.257 -100.00 -100.00 -100.00
 217     6.353 56801.18552137 32.83  65.854439  66.104864 23.792 -100.00 -100.00 -100.00
 217     6.417 56801.18552196 32.61  65.860902  66.105025 22.486 -100.00 -100.00 -100.00
 217     6.659 56801.18552255 32.24  65.867366  66.105184 20.021 -100.00 -100.00 -100.00
 218     6.455 56811.10116548 33.79  65.849526  66.105597   -100 -100.00 -100.00 -100.00
 218     6.429 56811.10116607 30.70  65.855990  66.105758 19.692 -100.00 -100.00 -100.00
 218     6.497 56811.10116666 34.74  65.862453  66.105918   -100 -100.00 -100.00 -100.00
 218     6.422 56811.10116725 37.44  65.868917  66.106078   -100 -100.00 -100.00 -100.00
 219     6.474 56821.01680501 53.58  65.844197  66.105408 22.716 -100.00 -100.00 -100.00
 219     6.539 56821.01680560 53.49  65.850660  66.105569 15.889 -100.00 -100.00 -100.00
 219     6.650 56821.01680619 55.21  65.857123  66.105730   -100 -100.00 -100.00 -100.00
 219     6.675 56821.01680678 54.75  65.863587  66.105890   -100 -100.00 -100.00 -100.00
 220     6.724 56830.93244109 43.44  65.846195  66.103941   -100  220.12  230.47  223.33
 220     6.333 56830.93244168 33.93  65.852658  66.104102 30.843  220.12  230.47  223.33
 220     6.352 56830.93244227 30.57  65.859120  66.104263 16.491  220.12  230.47  223.33
 220     6.393 56830.93244287 33.33  65.865583  66.104423 24.785  220.12  230.47  223.33
 221     6.225 56840.84807450 30.13  65.854930  66.102183 23.781 -100.00 -100.00 -100.00
 221     6.308 56840.84807509 29.41  65.861392  66.102344 18.863 -100.00 -100.00 -100.00
 221     6.333 56840.84807568 29.58  65.867854  66.102504 20.578 -100.00 -100.00 -100.00
 222     6.226 56850.76371011 36.78  65.850062  66.101426   -100 -100.00 -100.00 -100.00
 222     6.280 56850.76371070 27.85  65.856524  66.101587 14.250 -100.00 -100.00 -100.00
 222     6.290 56850.76371129 26.88  65.862986  66.101747 13.208 -100.00 -100.00 -100.00
 222     6.329 56850.76371188 28.07  65.869448  66.101908 15.715 -100.00 -100.00 -100.00
 223     6.254 56860.67936466 35.23  65.851059  66.102783 26.331 -100.00 -100.00 -100.00
 223     5.735 56860.67936525 31.51  65.857521  66.102944 15.500 -100.00 -100.00 -100.00
 223     6.153 56860.67936584 31.95  65.863984  66.103104 15.059 -100.00 -100.00 -100.00
 223     6.356 56860.67936643 31.88  65.870446  66.103264 13.736 -100.00 -100.00 -100.00
 224     6.138 56870.59501800 34.49  65.846681  66.104611   -100  230.71  232.21  233.37
 224     6.070 56870.59501859 28.05  65.853144  66.104772 15.419  230.71  232.21  233.37
 224     6.503 56870.59501918 25.34  65.859607  66.104932  8.800  230.71  232.21  233.37
 224     6.416 56870.59501977 31.67  65.866071  66.105093 25.684 -100.00 -100.00 -100.00
 225     6.222 56880.51066895 29.77  65.846275  66.105380 19.380 -100.00 -100.00 -100.00
 225     5.853 56880.51066954 27.42  65.852739  66.105541 15.484 -100.00 -100.00 -100.00
 225     6.315 56880.51067013 26.92  65.859202  66.105702 14.674 -100.00 -100.00 -100.00
 225     6.653 56880.51067072 30.11  65.865666  66.105862 20.409 -100.00 -100.00 -100.00
 226     6.040 56890.42631649 27.59  65.848836  66.104738 15.972 -100.00 -100.00 -100.00
 226     4.979 56890.42631708 27.53  65.855300  66.104899 17.202 -100.00 -100.00 -100.00
 226     6.312 56890.42631767 27.35  65.861763  66.105059 16.296 -100.00 -100.00 -100.00
 226     6.545 56890.42631826 31.30  65.868227  66.105219 25.106 -100.00 -100.00 -100.00
 227     5.179 56900.34196093 31.83  65.848695  66.103516   -100 -100.00 -100.00 -100.00
 227     4.981 56900.34196152 28.59  65.855159  66.103677 27.097 -100.00 -100.00 -100.00
 227     6.329 56900.34196211 25.15  65.861622  66.103837 15.568 -100.00 -100.00 -100.00
 227     6.283 56900.34196270 30.19  65.868086  66.103997 30.580 -100.00 -100.00 -100.00
 228     5.007 56910.25760348 31.56  65.850543  66.103806   -100 -100.00 -100.00 -100.00
 228     5.576 56910.25760407 26.10  65.857006  66.103966 18.259 -100.00 -100.00 -100.00
 228     6.225 56910.25760466 26.62  65.863470  66.104126 20.008 -100.00 -100.00 -100.00
 228     6.387 56910.25760525 32.81  65.869934  66.104286   -100 -100.00 -100.00 -100.00
 229     5.091 56920.17324387 29.40  65.846647  66.105214 26.713 -100.00 -100.00 -100.00
 229     4.902 56920.17324446 29.65  65.853110  66.105374 28.029 -100.00 -100.00 -100.00
 229     6.246 56920.17324505 22.80  65.859574  66.105534  9.455 -100.00 -100.00 -100.00
 229     6.490 56920.17324564 28.72  65.866038  66.105694 21.800 -100.00 -100.00 -100.00
 230     3.369 56930.08888254 41.07  65.847290  66.107029 30.840 -100.00 -100.00 -100.00
 230     2.885 56930.08888314 47.60  65.853754  66.107190 26.736 -100.00 -100.00 -100.00
 230     2.911 56930.08888373 52.65  65.860219  66.107350   -100 -100.00 -100.00 -100.00
 231     5.892 56940.00451636 27.94  65.847546  66.107489 11.616  245.87  246.51  246.92
 231     6.130 56940.00451695 27.17  65.854010  66.107650  9.717  245.87  246.51  246.92
 231     6.567 56940.00451754 27.74  65.860474  66.107810  9.143  245.87  246.51  246.92
 232     4.710 56949.92015356 31.17  65.843087  66.106471 19.634 -100.00 -100.00 -100.00
 232     5.469 56949.92015415 26.78  65.849551  66.106632  8.425 -100.00 -100.00 -100.00
 232     5.712 56949.92015474 27.96  65.856014  66.106793 12.924 -100.00 -100.00 -100.00
 232     5.948 56949.92015533 26.88  65.862478  66.106954  9.359 -100.00 -100.00 -100.00
 233     3.934 56959.83580611 28.92  65.847737  66.105166 10.115 -100.00 -100.00 -100.00
 233     4.216 56959.83580670 29.34  65.854200  66.105327 11.278 -100.00 -100.00 -100.00
 233     2.803 56959.83580729 28.92  65.860664  66.105488 11.033 -100.00 -100.00 -100.00
 233     5.119 56959.83580788 28.02  65.867127  66.105648  8.564 -100.00 -100.00 -100.00
 234     5.049 56969.75145326 21.72  65.848685  66.104412  5.502 -100.00 -100.00 -100.00
 234     5.528 56969.75145385 21.80  65.855148  66.104573  5.646 -100.00 -100.00 -100.00
 234     5.091 56969.75145444 21.96  65.861611  66.104733  6.590 -100.00 -100.00 -100.00
 234     5.105 56969.75145503 21.04  65.868074  66.104893  4.360 -100.00 -100.00 -100.00
 235     4.960 56979.66709658 20.83  65.850294  66.104524  5.191 -100.00 -100.00 -100.00
 235     5.395 56979.66709717 19.68  65.856757  66.104685  4.716 -100.00 -100.00 -100.00
 235     4.622 56979.66709776 19.75  65.863220  66.104845  4.957 -100.00 -100.00 -100.00
 235     3.950 56979.66709835 20.33  65.869684  66.105005  5.657 -100.00 -100.00 -100.00
 236     5.510 56989.58273516 16.99  65.848390  66.104807  3.848 -100.00 -100.00 -100.00
 236     5.145 56989.58273575 17.02  65.854853  66.104967  3.839 -100.00 -100.00 -100.00
 236     4.787 56989.58273634 16.94  65.861317  66.105128  3.995 -100.00 -100.00 -100.00
 236     3.624 56989.58273693 17.36  65.867781  66.105288  4.422 -100.00 -100.00 -100.00
 237     4.937 56999.49836766 16.22  65.848895  66.104443  3.286  249.24  246.38  236.95
 237     4.611 56999.49836825 16.44  65.855358  66.104604  3.502  249.24  246.38  236.95
 237     4.386 56999.49836884 16.44  65.861822  66.104765  3.480 -100.00 -100.00 -100.00
 237     4.700 56999.49836943 16.49  65.868286  66.104925  4.167 -100.00 -100.00 -100.00
 238     4.733 57009.41402067 17.30  65.852083  66.103660  3.987  252.51  249.81  239.46
 238     4.200 57009.41402126 17.45  65.858547  66.103821  4.093  252.51  249.81  239.46
 238     4.590 57009.41402185 17.11  65.865011  66.103981  3.599  252.51  249.81  239.46
 239     5.406 57019.32967303 16.41  65.850913  66.102526  3.367 -100.00 -100.00 -100.00
 239     4.936 57019.32967362 16.63  65.857376  66.102687  4.257 -100.00 -100.00 -100.00
 239     4.577 57019.32967421 16.49  65.863840  66.102847  3.834 -100.00 -100.00 -100.00
 239     4.577 57019.32967480 16.50  65.870303  66.103007  3.724 -100.00 -100.00 -100.00
 240     4.859 57029.24532229 14.68  65.849182  66.102321  3.559  245.21  239.20  221.75
 240     5.021 57029.24532288 14.28  65.855645  66.102481  3.248  245.21  239.20  221.75
 240     4.198 57029.24532347 14.95  65.862109  66.102642  4.192  245.21  239.20  221.75
 240     4.726 57029.24532406 14.84  65.868572  66.102802  4.064  245.21  239.20  221.75
 241     5.023 57039.16096997 13.88  65.848536  66.103211  3.482 -100.00 -100.00 -100.00
 241     4.596 57039.16097056 13.92  65.854999  66.103371  3.946 -100.00 -100.00 -100.00
 241     5.043 57039.16097115 13.82  65.861463  66.103532  4.117 -100.00 -100.00 -100.00
 241     4.484 57039.16097174 13.69  65.867927  66.103692  4.169 -100.00 -100.00 -100.00
 242     5.063 57049.07661553 13.66  65.849989  66.104463  3.220  249.42  242.03  223.10
 242     4.787 57049.07661612 13.54  65.856453  66.104624  3.344 -100.00 -100.00 -100.00
 242     4.542 57049.07661671 14.08  65.862916  66.104784  4.061 -100.00 -100.00 -100.00
 242     4.315 57049.07661730 13.36  65.869380  66.104945  2.810 -100.00 -100.00 -100.00
 243     4.877 57058.99225701 12.60  65.850122  66.104973  3.087 -100.00 -100.00 -100.00
 243     4.961 57058.99225760 12.48  65.856586  66.105133  3.296 -100.00 -100.00 -100.00
 243     5.057 57058.99225819 12.26  65.863049  66.105294  3.177 -100.00 -100.00 -100.00
 243     4.742 57058.99225878 12.14  65.869513  66.105454  3.278 -100.00 -100.00 -100.00
 244     5.260 57068.90789267 13.08  65.848797  66.104541  3.085  247.42  238.06  217.95
 244     5.131 57068.90789326 13.00  65.855260  66.104702  3.058  247.42  238.06  217.95
 244     5.082 57068.90789385 12.74  65.861723  66.104862  3.009  247.42  238.06  217.95
 244     4.565 57068.90789444 12.99  65.868186  66.105023  3.661  247.42  238.06  217.95
 245     4.916 57078.82352434 12.48  65.851027  66.104183  3.067  251.78  245.56  230.37
 245     4.964 57078.82352493 12.36  65.857490  66.104344  3.251 -100.00 -100.00 -100.00
 245     4.994 57078.82352552 12.26  65.863953  66.104505  3.002 -100.00 -100.00 -100.00
 246     5.140 57088.73915971 12.34  65.845869  66.104460  2.714 -100.00 -100.00 -100.00
 246     4.712 57088.73916030 12.68  65.852332  66.104622  3.154 -100.00 -100.00 -100.00
 246     4.795 57088.73916089 12.51  65.858795  66.104782  2.943 -100.00 -100.00 -100.00
 246     4.512 57088.73916149 12.15  65.865258  66.104943  2.964 -100.00 -100.00 -100.00
 247     6.661 57098.65481818 11.37  65.847107  66.105904  2.492 -100.00 -100.00 -100.00
 247     6.440 57098.65481877 11.38  65.853571  66.106065  2.397 -100.00 -100.00 -100.00
 247     6.566 57098.65481936 11.51  65.860034  66.106225  2.802 -100.00 -100.00 -100.00
 247     6.424 57098.65481995 11.50  65.866498  66.106386  2.788 -100.00 -100.00 -100.00
 248     6.375 57108.57047307 11.60  65.841709  66.106990  2.443  229.93  216.94  197.31
 248     6.396 57108.57047366 11.60  65.848173  66.107151  2.404  229.93  216.94  197.31
 248     6.358 57108.57047425 11.71  65.854637  66.107311  2.540  229.93  216.94  197.31
 248     6.429 57108.57047484 11.77  65.861101  66.107472  2.610  229.93  216.94  197.31
 249     6.383 57118.48612337 10.93  65.843034  66.106988  2.372 -100.00 -100.00 -100.00
 249     6.267 57118.48612396 11.16  65.849499  66.107149  2.296 -100.00 -100.00 -100.00
 249     6.594 57118.48612455 10.97  65.855963  66.107310  2.519 -100.00 -100.00 -100.00
 249     6.441 57118.48612514 11.07  65.862427  66.107470  2.418 -100.00 -100.00 -100.00
 250     6.466 57128.40176750 10.78  65.843689  66.105977  3.456 -100.00 -100.00 -100.00
 250     6.312 57128.40176809 11.56  65.850153  66.106138  3.780 -100.00 -100.00 -100.00
 250     6.449 57128.40176868 11.03  65.856617  66.106299  3.788 -100.00 -100.00 -100.00
 250     6.199 57128.40176927 11.50  65.863081  66.106460  4.041 -100.00 -100.00 -100.00
