# NaN NaN NaN ;Mean Elev.(m), Avg Gradient(m/km), RMS Gradient(m/km) - SRTM1     
#   36.560  -4.732   6.841 ;Mean Elev.(m), Avg Gradient(m/km), RMS Gradient(m/km) - ASTER GDEM
#   41.707  -1.644   4.975 ;Mean Elev.(m), Avg Gradient(m/km), RMS Gradient(m/km) - GMTED2010 
   2  80.157603  59.291725    49.130    49.219  3 54673.14398137 27.010
   3  80.154405  59.292365   -31.210   -30.938  3 54683.05962463  5.057
   4  80.153103  59.291966    43.702    43.697  3 54692.97526660 39.342
   5  80.157676  59.291595   -29.649   -29.657  3 54702.89090662  3.039
   6  80.160189  59.290370    49.014    49.062  3 54712.80655563 28.322
   7  80.160058  59.289290   -20.382   -20.225  3 54722.72220627  5.454
   8  80.160778  59.290565    49.142    49.154  3 54732.63785495 25.297
   9  80.158471  59.292152    44.318    44.294  3 54742.55350192 37.182
  10  80.153341  59.291480    47.237    48.806  3 54752.46914818 31.573
  11  80.156536  59.292303    47.048    48.225  3 54762.38479509 29.898
  12  80.157540  59.290395    48.932    48.566  3 54772.30043895 28.195
  13  80.161526  59.290168    44.108    44.222  3 54782.21608033 47.388
  14  80.163242  59.290373    45.680    45.675  3 54792.13171899 40.717
  18  80.158742  59.290513    47.676    48.931  3 54831.79428659 22.484
  19  80.158143  59.291579    47.057    47.280  3 54841.70992526 18.677
  20  80.152715  59.292077    46.880    46.880  2 54851.62557378 18.501
  21  80.149130  59.293493    46.454    46.814  3 54861.54122231 18.760
  22  80.147852  59.294246    47.984    47.984  2 54871.45687102 15.990
  23  80.149209  59.293027    48.275    48.264  3 54881.37251808 14.824
  24  80.154759  59.291664    48.535    48.750  3 54891.28816221 14.706
  25  80.160461  59.291527    48.626    48.717  3 54901.20380354 15.504
  26  80.158755  59.291398    49.128    49.144  3 54911.11944232 14.777
  27  80.154131  59.291442    43.496    43.542  3 54921.03507963 17.062
  28  80.153840  59.291652    48.838    49.006  3 54930.95071674 21.368
  29  80.159869  59.291316    46.340    46.377  3 54940.86635300 37.516
  30  80.164998  59.289293    83.694    83.854  3 54950.78198731 14.328
  31  80.164779  59.287187    83.935    83.967  3 54960.69762720 18.477
  32  80.164078  59.288812    83.911    83.915  3 54970.61327598 15.169
  33  80.161440  59.290590    49.575    49.551  3 54980.52892352 34.746
  34  80.155844  59.290519    49.690    49.805  3 54990.44457030 47.179
  35  80.155984  59.291133    49.326    49.304  3 55000.36021753 41.965
  36  80.157654  59.291878    49.407    49.457  3 55010.27586311 29.620
  37  80.156452  59.291291    48.479    48.524  3 55020.19150661 41.331
  38  80.153376  59.291361    49.459    49.321  3 55030.10714877 28.076
  39  80.151748  59.292251    49.484    49.484  2 55040.02279046 26.016
  40  80.151954  59.292257    45.604    45.596  3 55049.93843080 48.799
  41  80.157340  59.291717    45.227    45.160  3 55059.85406940 49.738
  42  80.161520  59.289840    45.121    45.198  3 55069.76970987 49.925
  43  80.162582  59.288829    47.634    49.232  3 55079.68535925 30.072
  44  80.162226  59.290085    47.647    49.166  3 55089.60100694 30.615
  45  80.157517  59.291294    46.397    46.462  4 55099.51665314 31.839
  46  80.153047  59.291709    48.969    49.043  3 55109.43229877 28.313
  47  80.156941  59.292393    49.027    48.901  3 55119.34794383 28.943
  48  80.161367  59.291086    47.357    48.798  3 55129.26358615 35.800
  49  80.163423  59.289502    45.651    45.455  3 55139.17922612 47.578
  50  80.162167  59.289313    45.633    45.633  2 55149.09486462 38.351
  51  80.158368  59.289809    45.729    45.702  3 55159.01050250 35.154
  52  80.159326  59.291658   111.286   111.309  3 55168.92614066  0.868
  53  80.157027  59.290277   109.214   109.734  3 55178.84177712  0.474
  54  80.157371  59.289809    48.570    48.477  3 55188.75742276 18.409
  55  80.157678  59.291105    48.270    48.116  3 55198.67307357 15.918
  56  80.155271  59.292369    48.274    48.276  3 55208.58872331 14.915
  57  80.149935  59.292321    48.140    48.140  2 55218.50437215 14.365
  58  80.150641  59.293056    48.177    48.191  3 55228.42002090 13.049
  59  80.152046  59.291934    49.261    49.261  2 55238.33566641 13.060
  60  80.157710  59.291309    48.041    48.415  3 55248.25130880 13.350
  61  80.160671  59.290769    48.696    48.896  3 55258.16694846 12.720
  62  80.160048  59.290759    47.978    48.008  3 55268.08258699 12.318
  63  80.155882  59.290533    47.712    47.984  3 55277.99822471 12.190
  64  80.157388  59.291243    49.434    49.589  4 55287.91386182  9.549
  65  80.159579  59.289944    49.416    49.500  3 55297.82949635  9.306
  66  80.163481  59.289088    47.879    49.132  3 55307.74513861 28.539
  67  80.163874  59.288591    83.341    83.321  3 55317.66078488 16.031
  68  80.162297  59.289282    49.807    49.754  3 55327.57643013 28.983
  69  80.159367  59.290644    49.866    49.850  3 55337.49207462 29.338
  70  80.154975  59.290827    50.149    49.948  3 55347.40771838 32.583
  71  80.157364  59.292342    50.626    50.604  3 55357.32336133 39.634
  72  80.157566  59.292104    50.579    50.553  3 55367.23900176 35.864
  73  80.156873  59.291246    50.395    50.479  3 55377.15464052 35.653
  74  80.157565  59.291346    50.009    50.068  4 55387.07027860 41.050
  75  80.159666  59.291923    49.848    49.770  3 55396.98591593 28.635
  76  80.159664  59.291142    49.751    49.700  3 55406.90155836 25.583
  77  80.158229  59.290001    49.839    49.783  3 55416.81720912 24.998
  78  80.159062  59.289089    49.879    49.908  3 55426.73285674 24.173
  79  80.161203  59.289501    49.733    49.799  3 55436.64850206 26.420
  80  80.159954  59.289954    46.134    44.349  3 55446.56414586 33.093
  81  80.159364  59.291288    49.515    49.387  3 55456.47978939 24.156
  82  80.159140  59.291955    43.878    43.894  3 55466.39543219 38.538
  83  80.159833  59.290804    49.469    49.547  3 55476.31107168 27.040
  84  80.163134  59.289571    49.405    49.342  3 55486.22670821 31.395
  85  80.165729  59.288717    49.443    49.488  3 55496.14234248 26.598
  86  80.163719  59.288304    49.587    49.587  2 55506.05797735 24.553
  87  80.162177  59.290765    49.531    49.425  3 55515.97362798 29.385
  88  80.156587  59.290761    43.939    44.006  3 55525.88927697 38.150
  89  80.156415  59.291775    44.856    44.718  4 55535.80492460 23.620
  90  80.156972  59.292396    47.891    48.822  3 55545.72057017 19.665
  91  80.154599  59.292144    49.084    49.100  3 55555.63621357 19.242
  92  80.151714  59.291772    48.309    48.901  3 55565.55185609 17.154
  93  80.154744  59.292462    48.945    48.944  3 55575.46749871 16.804
  94  80.156039  59.290797    46.688    45.774  3 55585.38313918 16.598
  95  80.161598  59.290164    49.466    49.459  3 55595.29877686 15.976
  96  80.163167  59.288704    48.265    48.265  2 55605.21441080 14.834
  97  80.163672  59.288020    49.503    49.578  3 55615.13004255 14.001
  98  80.162205  59.288248    49.517    49.575  3 55625.04568247 14.123
  99  80.162769  59.290204    47.687    47.535  3 55634.96133497 13.570
 100  80.160248  59.289597    48.257    49.063  3 55644.87698464 12.386
 101  80.161347  59.289589    82.857    82.102  3 55654.79263194  1.746
 102  80.162052  59.289260    49.615    49.715  3 55664.70827467 31.547
 103  80.161367  59.289281    83.591    83.451  3 55674.62391445 15.606
 104  80.161775  59.290497    49.897    49.902  3 55684.53955297 27.397
 105  80.159929  59.290430    49.553    49.593  3 55694.45518994 35.556
 106  80.159234  59.289813    83.118    83.234  3 55704.37082559 11.537
 107  80.159989  59.290467    49.598    49.460  3 55714.28647223 35.397
 108  80.159759  59.291657    49.694    49.703  3 55724.20212149 26.285
 109  80.156444  59.291910    48.433    48.953  3 55734.11776832 36.334
 110  80.153367  59.291795    49.599    49.599  2 55744.03341380 25.208
 111  80.155355  59.292220    49.277    49.334  3 55753.94905829 28.667
 112  80.158746  59.291036    49.791    49.783  3 55763.86470039 26.365
 113  80.162894  59.289770    45.325    45.421  3 55773.78033975 32.263
 114  80.163922  59.288452    83.079    83.079  2 55783.69597551 14.582
 115  80.164593  59.289033    45.789    44.249  3 55793.61160916 38.457
 116  80.164176  59.289771    83.015    83.066  3 55803.52724530 14.899
 117  80.160700  59.289669    46.349    45.015  3 55813.44289485 34.886
 118  80.160865  59.288964    44.620    44.678  3 55823.35854277 37.694
 119  80.163691  59.288462    49.325    49.325  2 55833.27418620 26.027
 120  80.166227  59.288633    95.558    94.903  3 55843.18982543 16.394
 121  80.164346  59.288575    49.435    49.472  3 55853.10546110 26.544
 122  80.161200  59.289025    43.046    43.130  3 55863.02109668 50.645
 123  80.156572  59.290128    93.397    95.220  3 55872.93675041 25.073
 133  80.160877  59.289652    49.097    48.985  3 55972.09318846 19.164
 134  80.159653  59.290565    49.293    49.366  3 55982.00882441 18.744
 135  80.159401  59.289283    49.050    48.942  3 55991.92445862 19.136
 136  80.164031  59.289902    48.685    48.801  3 56001.84010606 18.403
 137  80.163835  59.288650    46.742    46.742  2 56011.75575568 13.686
 138  80.161568  59.288231    91.914    92.545  3 56021.67140161 14.281
 139  80.159266  59.289749    43.991    43.944  3 56031.58704503 42.283
 141  80.156158  59.292117    49.559    49.597  3 56051.41832562 32.002
 142  80.156354  59.290820    49.675    49.634  3 56061.33396183 30.456
 143  80.160017  59.290011    83.470    83.359  3 56071.24960045 13.411
 144  80.158981  59.290427    46.553    46.371  3 56081.16525104 45.789
 145  80.158517  59.292142    47.654    48.159  3 56091.08089915 32.638
 146  80.153949  59.291933    44.915    44.915  2 56100.99654419 48.354
 147  80.155834  59.292148    43.867    43.874  3 56110.91217563 48.143
 148  80.160972  59.291088    43.441    43.269  3 56120.82781549 48.573
 149  80.163285  59.287922    45.271    43.463  3 56130.74345112 41.657
 150  80.167177  59.287545    43.344    43.344  2 56140.65908540 43.637
 151  80.161534  59.288519    45.193    42.874  3 56150.57473607 32.333
 152  80.159520  59.291129    44.737    42.708  3 56160.49038549 31.031
 153  80.156860  59.291105    42.585    42.541  3 56170.40603292 46.129
 154  80.160880  59.290882    46.862    48.731  3 56180.32167703 28.686
 155  80.164132  59.289733    42.957    42.956  3 56190.23731690 36.262
 156  80.164251  59.288868    46.680    48.279  3 56200.15295353 26.839
 157  80.162901  59.289540    45.028    43.239  3 56210.06858770 26.977
 158  80.161126  59.290381    49.222    49.260  3 56219.98421994 30.701
 159  80.158540  59.291722    42.802    42.704  3 56229.89986915 45.087
 160  80.156747  59.291452    44.211    44.241  3 56239.81552218 42.955
 161  80.158525  59.291798    48.910    48.829  3 56249.73117174 25.368
 162  80.158495  59.291156    49.845    49.845  2 56259.64681624 20.632
 163  80.158317  59.291668    49.270    49.206  3 56269.56245828 18.978
 164  80.155808  59.291091    49.422    49.378  3 56279.47809828 16.530
 165  80.154804  59.291543    49.087    49.045  3 56289.39374914 15.128
 166  80.158919  59.291724    49.058    48.952  3 56299.30939807 14.586
 167  80.161776  59.290582    48.997    49.104  3 56309.22504269 14.280
 168  80.160304  59.288888    49.380    49.426  3 56319.14068433 14.621
 169  80.160223  59.290306    48.363    48.887  3 56329.05632543 14.312
 170  80.159540  59.291684    48.996    48.990  3 56338.97196555 14.318
 171  80.157847  59.290763    49.134    49.150  3 56348.88760319 15.499
 172  80.163281  59.290292    49.153    49.045  3 56358.80323872 12.004
 173  80.162514  59.289396    49.220    49.279  3 56368.71888908 13.313
 175  80.156869  59.290867    49.931    49.814  3 56388.55018200 10.444
 176  80.153756  59.292112    94.724    94.069  3 56398.46582537  8.035
 177  80.151412  59.291877    47.864    47.864  2 56408.38146618 32.735
 178  80.156679  59.292381    49.648    49.655  3 56418.29710354 33.294
 179  80.157609  59.289732    49.814    49.859  3 56428.21273578 30.790
 180  80.159023  59.291357    50.144    50.155  3 56438.12839002 35.176
 181  80.157481  59.292259    50.771    50.820  3 56448.04404122 34.706
 182  80.153828  59.291846    50.571    50.432  3 56457.95968979 35.358
 183  80.156972  59.292671    50.662    50.666  3 56467.87533587 35.193
 184  80.157455  59.291032    50.403    50.405  3 56477.79097734 50.047
 185  80.161331  59.290061    49.377    49.343  3 56487.70661546 39.876
 187  80.162271  59.288792    46.254    46.298  3 56507.53788506 43.360
 188  80.160636  59.288582    49.900    49.884  3 56517.45352214 26.849
 189  80.160628  59.290276    49.700    49.786  3 56527.36917685 22.783
 190  80.158161  59.289424    47.019    45.898  3 56537.28482672 33.222
 192  80.160791  59.291227    49.309    49.309  3 56557.11611704 27.750
 193  80.157799  59.291611    47.607    49.290  3 56567.03175932 29.884
 194  80.156624  59.292636    49.314    49.194  3 56576.94740049 29.137
 195  80.156650  59.292259    44.737    44.553  3 56586.86303812 48.916
 196  80.159098  59.291893    49.456    49.330  3 56596.77867807 26.905
 197  80.158957  59.292139    47.151    47.212  3 56606.69432997 27.363
 198  80.156098  59.291262    45.227    45.325  3 56616.60997665 46.081
 199  80.158121  59.292157    45.269    45.219  3 56626.52562062 44.096
 200  80.155779  59.290596    46.509    46.530  3 56636.44126115 30.390
 201  80.160271  59.290842    46.714    45.904  3 56646.35690218 24.108
 202  80.159607  59.290464    45.973    45.965  3 56656.27255447 21.592
 203  80.159795  59.290165    46.519    45.757  3 56666.18820247 21.150
 205  80.159794  59.291700    47.783    48.988  3 56686.01949203 19.477
 206  80.158570  59.291581    47.283    47.898  3 56695.93513397 19.938
 207  80.160266  59.290992    47.099    47.591  3 56705.85077156 21.837
 208  80.163005  59.289825    48.653    48.629  3 56715.76640391 16.656
 209  80.158795  59.289840    47.712    47.420  3 56725.68205697 17.349
 211  80.152885  59.292499    48.790    48.807  3 56745.51335260  9.499
 212  80.152304  59.292647    99.603    99.603  2 56755.42899457  4.429
 213  80.155662  59.292104    48.295    48.141  4 56765.34463118 39.613
 214  80.158148  59.291234    49.761    49.813  3 56775.26027001 28.644
 215  80.155628  59.291883    49.775    49.670  3 56785.17592666 34.965
 216  80.151575  59.292256    49.818    49.818  2 56795.09157940 30.477
 217  80.151456  59.293306    50.136    50.136  2 56805.00722864 47.004
 219  80.159091  59.292100    49.595    49.492  3 56824.83850997 39.258
 220  80.159610  59.289607    49.573    49.566  3 56834.75414453 32.226
 221  80.163665  59.289727    49.320    49.304  3 56844.66977648 33.822
 222  80.160509  59.289769    83.256    83.146  3 56854.58542113 14.067
 223  80.158097  59.291019    49.697    49.644  3 56864.50107488 24.684
 224  80.156148  59.291175    49.453    49.512  3 56874.41672786 27.691
 225  80.155501  59.290959    47.956    49.282  3 56884.33237773 31.841
 226  80.156084  59.291104    49.187    49.167  3 56894.24802459 27.547
 227  80.154100  59.291318    49.174    49.056  3 56904.16366798 30.409
 228  80.151823  59.292476    43.920    43.911  3 56914.07930933 41.999
 229  80.150862  59.293214    48.833    48.833  2 56923.99494894 27.942
 230  80.152307  59.292882    43.671    43.671  2 56933.91058599 41.173
 231  80.155475  59.290967    45.287    43.496  3 56943.82621769 36.656
 232  80.158076  59.290627    90.200    90.106  3 56953.74186507 23.752
 233  80.156551  59.290649    47.914    47.885  3 56963.65751511 30.589
 234  80.155750  59.291893    47.330    47.283  4 56973.57316072 38.990
 235  80.153335  59.291493    46.613    46.649  3 56983.48880167 26.067
 236  80.157783  59.291245    45.785    45.773  3 56993.40443851 19.424
 237  80.160764  59.288661    45.387    45.311  3 57003.32007540 18.925
 238  80.164321  59.289835    47.770    48.734  3 57013.23573256 17.714
 239  80.162479  59.290282    48.985    49.158  3 57023.15138368 16.896
 240  80.158903  59.291641    47.067    46.164  3 57033.06703206 16.525
 241  80.155509  59.292083    47.431    47.019  4 57042.98267800 16.617
 242  80.155968  59.291942    45.546    44.763  3 57052.89832187 15.888
 243  80.159554  59.290966    44.987    44.820  3 57062.81396146 14.672
 244  80.160820  59.289390    44.846    44.889  3 57072.72959560 17.072
 245  80.161792  59.289427    44.532    44.540  3 57082.64522608 16.932
 246  80.156947  59.290844    45.323    45.301  3 57092.56087295 16.265
 247  80.152264  59.292981    81.693    81.693  2 57102.47653006  6.801
 248  80.149548  59.292666    45.347    45.347  2 57112.39218341 14.943
 249  80.153898  59.292306    81.740    81.740  2 57122.30783145  4.913
 250  80.158829  59.292051    46.955    45.685  3 57132.22347399 32.434
