# NaN NaN NaN ;Mean Elev.(m), Avg Gradient(m/km), RMS Gradient(m/km) - SRTM1     
#   19.403   0.038   2.760 ;Mean Elev.(m), Avg Gradient(m/km), RMS Gradient(m/km) - ASTER GDEM
#    8.034   0.000   2.031 ;Mean Elev.(m), Avg Gradient(m/km), RMS Gradient(m/km) - GMTED2010 
   2  65.652265  62.641329    16.784    16.861  6 54673.38556004 25.698
   3  65.651744  62.642585    -1.653    -1.666  7 54683.30120336 12.794
   4  65.649264  62.644360    18.580    17.277  6 54693.21684518 28.576
   5  65.650022  62.644313    -2.426    -2.443  6 54703.13248503 20.615
   6  65.652633  62.641374    18.375    16.832  6 54713.04813499 23.546
   7  65.658921  62.637112    10.873    10.507  7 54722.96378689 26.723
   8  65.659698  62.635052    12.067    12.085  7 54732.87943557 39.039
   9  65.661109  62.634789    16.455    16.704  8 54742.79508252 28.419
  10  65.660494  62.635647    19.503    16.559  7 54752.71072888 25.075
  11  65.660034  62.635755    17.734    16.486  7 54762.62637495 22.929
  12  65.659909  62.634520    18.985    16.500  7 54772.54201871 23.288
  13  65.663417  62.632593    12.297    12.317  8 54782.45766000 44.267
  14  65.663433  62.632951    13.872    13.932  7 54792.37329835 49.235
  17  65.652951  62.640858    14.541    14.542  6 54822.12021343 20.135
  18  65.654533  62.639311    14.996    15.047  7 54832.03585429 18.867
  19  65.655719  62.638244    14.916    14.909  6 54841.95150478 17.020
  20  65.656496  62.638483    14.866    14.824  6 54851.86715379 16.570
  21  65.652657  62.640786    15.379    15.306  7 54861.78280176 14.666
  22  65.653379  62.641234    15.359    15.343  7 54871.69845031 13.254
  23  65.653699  62.639950    15.332    15.330  6 54881.61409727 12.138
  24  65.658378  62.636132    14.706    14.799  7 54891.52974164 12.556
  25  65.663041  62.632482    14.292    14.303  7 54901.44538312 11.800
  26  65.665400  62.631803    14.542    14.543  7 54911.36102244 11.316
  27  65.661334  62.634687    17.114    17.116  7 54921.27665974 12.571
  28  65.657519  62.637604    14.474    15.363  7 54931.19229648 10.590
  29  65.656587  62.638125    12.186    12.203  7 54941.10793232 21.810
  30  65.658132  62.636728    13.853    13.816  7 54951.02356692 29.397
  31  65.662542  62.634145    16.656    16.625  7 54960.93920838 38.339
  32  65.661355  62.634524    16.659    16.660  7 54970.85485689 25.910
  33  65.658889  62.636787    16.957    16.915  8 54980.77050385 42.520
  34  65.653480  62.639782    87.274    87.222  7 54990.68615014  1.952
  35  65.654723  62.639425    19.402    20.493  7 55000.60179714 26.597
  36  65.655563  62.638628    16.926    16.898  7 55010.51744239 42.582
  37  65.658153  62.637517    17.950    16.863  7 55020.43308630 23.869
  38  65.655148  62.639274    19.270    20.488  7 55030.34872828 25.119
  39  65.652691  62.641467    18.622    18.120  7 55040.26436965 22.376
  40  65.651078  62.643289    18.476    17.143  6 55050.18000979 22.000
  41  65.652282  62.642366    18.261    17.006  7 55060.09564834 22.107
  42  65.656097  62.638720    13.493    13.475  7 55070.01128988 42.738
  43  65.663997  62.633403    13.390    13.377  7 55079.92694057 52.183
  44  65.664065  62.632336    16.723    15.426  7 55089.84258810 22.257
  45  65.662616  62.633964    12.552    12.502  7 55099.75823405 36.130
  46  65.657975  62.636981    20.547    20.699  7 55109.67387902 22.026
  47  65.659642  62.636589    15.057    14.731  7 55119.58952346 32.764
  48  65.662619  62.633840    14.301    14.851  7 55129.50516574 23.924
  49  65.664883  62.631203    12.114    12.047  8 55139.42080596 54.389
  50  65.663016  62.632140    11.469    11.452  7 55149.33644431 31.821
  51  65.657640  62.636539    11.944    11.905  7 55159.25208171 29.389
  52  65.652503  62.640946    12.695    12.177  7 55169.16771883 20.395
  53  65.651624  62.642513    15.567    14.191  7 55179.08335563 18.048
  54  65.653175  62.640751    15.137    15.496  7 55188.99900213 14.528
  55  65.654873  62.638885    14.945    14.988  7 55198.91465313 14.554
  56  65.654616  62.639046    14.699    15.000  6 55208.83030282 12.590
  57  65.654424  62.640319    14.995    15.023  6 55218.74595185 12.121
  58  65.653935  62.640513    15.077    15.240  6 55228.66160013 11.838
  59  65.656874  62.638289    13.086    13.451  6 55238.57724591 12.182
  60  65.659407  62.634912    13.232    13.281  7 55248.49288822 11.900
  61  65.666227  62.631057    11.082    11.086  7 55258.40852864 12.828
  62  65.664151  62.631737    13.279    13.425  8 55268.32416708 11.183
  63  65.661519  62.634508    14.051    14.740  7 55278.23980496 10.370
  64  65.655212  62.638207    17.137    17.145  7 55288.15544116  8.380
  65  65.654818  62.639162    12.621    10.575  7 55298.07107581 10.882
  66  65.660488  62.635882    14.903    15.169  7 55307.98671927 25.138
  67  65.662965  62.633075    13.501    13.475  8 55317.90236616 41.064
  68  65.661663  62.633207    15.508    15.553  7 55327.81801124 56.529
  69  65.659483  62.635789    20.176    22.125  7 55337.73365518 24.409
  70  65.655351  62.639237    18.043    16.671  6 55347.64929839 33.027
  71  65.653551  62.640759    18.198    16.727  6 55357.56494035 24.825
  72  65.653596  62.640442    19.374    20.344  7 55367.48058065 25.226
  73  65.653691  62.639974    19.358    20.322  7 55377.39621955 25.610
  74  65.653730  62.640571    19.399    20.415  7 55387.31185755 24.401
  75  65.652354  62.642224    17.232    17.248  7 55397.22749442 45.990
  76  65.652354  62.642701    17.786    16.481  7 55407.14313751 25.889
  77  65.653013  62.640629    16.007    16.154  6 55417.05878899 27.373
  78  65.659741  62.635862    16.549    16.232  8 55426.97443786 24.354
  79  65.665080  62.632366    15.443    15.173  7 55436.89008371 25.484
  80  65.665412  62.632108    13.330    13.365  7 55446.80572737 42.821
  81  65.659350  62.634989    12.739    12.839  7 55456.72136962 35.310
  82  65.658048  62.636826    19.741    19.563  7 55466.63701172 26.530
  83  65.657516  62.637260    14.102    12.271  7 55476.55265087 36.184
  84  65.660283  62.635701    12.190    12.218  7 55486.46828737 32.978
  85  65.659471  62.635039    12.346    12.415  7 55496.38392132 32.595
  86  65.659382  62.635967    15.645    15.616  7 55506.29955674 24.039
  87  65.655754  62.638068    11.946    12.001  7 55516.21520679 41.835
  88  65.654351  62.640064    11.953    11.934  7 55526.13085614 37.987
  89  65.652468  62.641021    12.076    12.076  6 55536.04650354 29.858
  90  65.654793  62.639830    12.235    12.189  6 55545.96214939 24.057
  91  65.654832  62.639243    12.222    12.231  7 55555.87779309 21.394
  92  65.655313  62.639326    12.010    12.015  6 55565.79343580 25.863
  93  65.654875  62.639920    11.761    11.706  7 55575.70907771 23.361
  94  65.654193  62.639669    11.557    11.562  6 55585.62471795 20.421
  95  65.656804  62.637932    11.496    11.527  6 55595.54035537 16.206
  96  65.659232  62.636372    11.420    11.449  8 55605.45598960 16.076
  97  65.659908  62.636309    11.272    11.233  7 55615.37162150 15.670
  98  65.657550  62.637669    11.141    11.109  6 55625.28726185 15.458
  99  65.656634  62.637923    11.010    11.023  6 55635.20291412 14.060
 100  65.659956  62.636786    11.097    11.082  7 55645.11856478 14.282
 101  65.661760  62.635452    16.826    16.920  7 55655.03421253 13.496
 102  65.660496  62.634873    13.212    12.693  7 55664.94985535 32.572
 103  65.660074  62.634772    13.477    13.415  7 55674.86549517 38.618
 104  65.660087  62.635804    16.391    16.264  7 55684.78113318 33.001
 105  65.655557  62.638958    17.865    16.777  7 55694.69676935 26.654
 106  65.651356  62.642134    16.977    16.979  7 55704.61240419 52.730
 107  65.651652  62.642321    17.979    16.665  7 55714.52805090 25.823
 108  65.652987  62.641258    18.212    16.918  6 55724.44370012 25.481
 109  65.652154  62.641060    16.545    16.592  6 55734.35934715 25.692
 110  65.653950  62.640611    19.116    20.285  7 55744.27499323 24.595
 111  65.654580  62.640137    19.433    19.933  6 55754.19063771 20.135
 112  65.655366  62.638823    14.301    14.260  7 55764.10628001 45.692
 113  65.659154  62.636286    12.055    12.312  8 55774.02191989 29.853
 114  65.660879  62.634759    18.082    18.202  8 55783.93755611 27.159
 115  65.661181  62.635690    18.881    18.079  7 55793.85318948 20.782
 116  65.655668  62.639028    19.225    18.938  7 55803.76882488 23.302
 117  65.654355  62.639745    13.004    12.365  6 55813.68447423 34.012
 118  65.656923  62.638211    18.568    20.090  6 55823.60012218 22.176
 119  65.661273  62.635791    17.922    21.965  7 55833.51576567 22.301
 120  65.658096  62.636094    21.551    21.921  7 55843.43140410 19.315
 121  65.656970  62.637502    22.743    21.901  7 55853.34703963 22.195
 122  65.652660  62.640813    18.479    19.953  7 55863.26267530 19.134
 123  65.653506  62.641035    11.774    11.778  7 55873.17832942 42.167
 133  65.661012  62.634507    11.252    10.885  7 55972.33476789 15.932
 134  65.655553  62.638674    10.780    10.781  6 55982.25040315 15.283
 135  65.653311  62.641033    10.845    10.496  7 55992.16603731 15.924
 136  65.655242  62.639242    11.994    12.145  7 56002.08168534 15.133
 137  65.660519  62.635125    12.133    12.438  8 56011.99733622 13.914
 139  65.660391  62.634976    12.061    12.254  7 56031.82862591 34.190
 141  65.653424  62.641451    15.766    15.816  6 56051.65990471 25.341
 142  65.652079  62.642616    21.469    21.873  7 56061.57554051 22.447
 143  65.653283  62.641663    22.557    21.995  7 56071.49117940 22.373
 144  65.655253  62.639767    17.568    16.212  6 56081.40683030 23.529
 145  65.653188  62.640278    17.101    15.817  7 56091.32247802 24.658
 146  65.652590  62.641359    16.058    13.944  6 56101.23812349 27.965
 147  65.652178  62.641270    13.689    13.417  6 56111.15375488 33.004
 148  65.655584  62.638766    12.447    12.461  6 56121.06939509 52.345
 149  65.661351  62.635258    11.946    11.916  7 56130.98503189 54.012
 150  65.661958  62.634451    22.465    21.918  7 56140.90066645 18.594
 151  65.660312  62.635359    18.563    21.799  7 56150.81631712 22.676
 152  65.654740  62.638749    19.686    20.167  7 56160.73196526 23.106
 153  65.653602  62.640066    17.543    16.275  6 56170.64761235 20.315
 154  65.656228  62.638285    17.895    19.895  6 56180.56325610 25.281
 155  65.659689  62.635453    10.716    10.699  7 56190.47889608 31.725
 156  65.660846  62.634469    21.722    20.413  7 56200.39453283 24.383
 157  65.658256  62.637409    21.592    22.031  7 56210.31016651 22.315
 158  65.651433  62.642844    18.962    19.802  6 56220.22579773 19.900
 159  65.650328  62.644620    15.737    15.789  6 56230.14144746 21.589
 160  65.651135  62.643370    10.876    10.868  7 56240.05710099 42.059
 161  65.652375  62.641160    11.149    11.133  6 56249.97275068 31.367
 162  65.655929  62.638918    11.386    11.392  7 56259.88839574 25.543
 163  65.655264  62.639535    11.306    11.323  6 56269.80403744 20.052
 164  65.654124  62.640772    11.527    11.301  7 56279.71967727 18.859
 165  65.652657  62.640787    11.322    11.224  6 56289.63532807 18.548
 166  65.656189  62.637754    11.588    10.941  7 56299.55097693 16.897
 167  65.662276  62.633559    11.550    10.996  8 56309.46662217 15.590
 168  65.663642  62.631928    11.088    10.603  7 56319.38226439 14.829
 169  65.662060  62.633727    10.551    10.423  7 56329.29790512 13.472
 170  65.657082  62.637748    11.986    12.480  6 56339.21354452 12.970
 171  65.654132  62.640607    10.885    10.367  7 56349.12918215 13.755
 172  65.653863  62.640421    11.296    10.513  6 56359.04481790 13.483
 173  65.658734  62.636142    12.325    12.239  7 56368.96046943 13.182
 175  65.659226  62.635722    17.291    17.260  7 56388.79176260 13.010
 176  65.652989  62.640300    10.338    10.282  7 56398.70740485 17.363
 177  65.651067  62.643010    12.209    11.009  7 56408.62304520 33.741
 178  65.650371  62.643564    14.122    14.163  6 56418.53868158 42.201
 179  65.650971  62.642768    17.775    16.523  6 56428.45431463 25.470
 180  65.653503  62.639901    17.016    17.046  6 56438.36996898 44.564
 181  65.656255  62.638420    20.415    20.246  7 56448.28562067 27.409
 182  65.655467  62.638970    17.466    17.501  7 56458.20126967 45.887
 183  65.654482  62.638775    19.780    20.177  6 56468.11691545 26.034
 184  65.660027  62.636206    17.366    17.366  7 56478.03255802 28.314
 185  65.662137  62.634275    20.475    21.067  7 56487.94819636 22.348
 187  65.657764  62.637089    17.285    17.269  7 56507.77946500 28.959
 188  65.653075  62.640760    16.150    16.174  6 56517.69510171 25.575
 189  65.653512  62.640802    13.807    13.776  6 56527.61075587 50.514
 190  65.655401  62.639434    12.950    12.907  6 56537.52640607 50.512
 192  65.661324  62.635335    20.471    21.798  7 56557.35769645 22.993
 193  65.659617  62.636911    19.628    20.096  7 56567.27333869 24.023
 194  65.651757  62.641504    19.990    19.965  7 56577.18897876 23.457
 195  65.649670  62.644266    11.807    11.717  6 56587.10461605 53.767
 196  65.649122  62.644669    12.148    11.902  6 56597.02025637 52.595
 197  65.653567  62.641276    13.001    13.052  6 56606.93590899 50.159
 198  65.654052  62.639599    14.304    14.329  6 56616.85155611 49.066
 199  65.654944  62.639107    14.838    14.772  6 56626.76719964 21.435
 200  65.653605  62.639886    15.242    15.158  7 56636.68284005 17.523
 201  65.655558  62.639471    15.400    15.386  6 56646.59848099 15.841
 202  65.657402  62.637190    15.039    15.074  7 56656.51413353 14.560
 203  65.662750  62.634048    14.643    14.673  7 56666.42978217 15.533
 205  65.661623  62.635052    14.609    14.543  7 56686.26107147 14.862
 206  65.656697  62.637850    15.331    15.296  6 56696.17671300 14.330
 207  65.655556  62.639300    15.568    15.562  7 56706.09235045 12.355
 208  65.653251  62.640248    15.870    15.815  7 56716.00798320 13.035
 211  65.655481  62.638765    17.157    17.165  6 56745.75493250  8.251
 212  65.653644  62.641088    17.063    17.095  6 56755.67057379  8.746
 213  65.651044  62.643134    12.140    12.129  7 56765.58620937 30.923
 214  65.650917  62.642841    13.674    13.520  7 56775.50184862 28.493
 215  65.653902  62.640071    15.732    15.732  6 56785.41750586 38.736
 216  65.656857  62.637965    17.251    17.195  6 56795.33315945 48.134
 217  65.656962  62.637344    20.645    20.460  7 56805.24880862 26.451
 219  65.658573  62.636126    18.593    17.765  7 56825.08008997 25.387
 220  65.660459  62.635307    60.720    60.839  7 56834.99572526 21.071
 221  65.658977  62.636562    19.464    17.520  8 56844.91135662 26.059
 223  65.656619  62.638080    17.525    17.596  7 56864.74265520 31.194
 224  65.656772  62.637747    16.902    16.938  7 56874.65830802 40.863
 225  65.658852  62.636539    15.118    14.950  7 56884.57395796 29.984
 226  65.659397  62.635712    19.932    22.040  7 56894.48960463 23.123
 227  65.659948  62.635581    13.524    13.535  7 56904.40524809 34.028
 228  65.656291  62.637611    19.860    19.706  7 56914.32088892 28.132
 229  65.653147  62.640254    13.352    13.375  6 56924.23652803 39.753
 230  65.652777  62.642053    14.641    14.702  6 56934.15216483 25.342
 231  65.651093  62.643436    13.477    13.512  6 56944.06779627 50.433
 232  65.651720  62.641857    13.302    13.342  7 56953.98344438 46.782
 233  65.655300  62.639272    13.413    13.389  6 56963.89909509 30.215
 234  65.655523  62.639016    13.781    13.791  7 56973.81474045 26.461
 235  65.654215  62.640142    14.374    14.390  6 56983.73038112 20.323
 236  65.654205  62.640590    14.829    14.855  6 56993.64601711 17.922
 237  65.654896  62.639476    14.396    14.395  6 57003.56165458 15.150
 238  65.658492  62.635749    14.638    14.580  7 57013.47731162 14.551
 239  65.663616  62.633468    14.772    14.729  7 57023.39296345 14.850
 240  65.661628  62.635424    14.077    14.009  7 57033.30861170 13.304
 241  65.654919  62.638949    14.868    14.923  7 57043.22425710 13.150
 242  65.655115  62.639449    15.075    15.078  7 57053.13990107 13.038
 243  65.654849  62.638700    14.713    14.724  6 57063.05554063 13.660
 244  65.656616  62.637883    14.592    14.733  7 57072.97117521 13.018
 245  65.654832  62.639876    14.496    14.642  7 57082.88680527 12.490
 246  65.652728  62.642123    14.715    14.653  6 57092.80245260 14.071
 247  65.651350  62.643418    17.094    17.118  6 57102.71810934  9.860
 248  65.650012  62.643508    16.996    17.015  6 57112.63376253 10.560
 249  65.652116  62.641371    11.797    11.042  6 57122.54941029 15.875
 250  65.654123  62.639048    15.009    15.425  6 57132.46505260 15.705
