# NaN NaN NaN ;Mean Elev.(m), Avg Gradient(m/km), RMS Gradient(m/km) - SRTM1     
#    9.743     NaN     NaN ;Mean Elev.(m), Avg Gradient(m/km), RMS Gradient(m/km) - ASTER GDEM
#    1.011   0.059   2.945 ;Mean Elev.(m), Avg Gradient(m/km), RMS Gradient(m/km) - GMTED2010 
   1  65.893442  65.939114     6.102     6.043  5 54667.37141517 28.497
   2  65.892333  65.940025     6.185     6.223  4 54677.28705948 26.559
   3  65.895176  65.941652    -1.590    -1.558  5 54687.20270283 26.568
   4  65.895112  65.942916     6.012     6.010  5 54697.11834414 26.163
   5  65.894445  65.942232     1.637     1.646  5 54707.03398509 26.282
   6  65.891396  65.939837     6.020     6.091  5 54716.94963693 29.469
   7  65.893374  65.937101     3.814     3.358  5 54726.86528671 27.743
   8  65.892538  65.936341     4.816     4.781  6 54736.78093447 28.438
   9  65.894782  65.937464     4.772     4.968  6 54746.69658192 30.198
  10  65.893432  65.939058     4.355     4.600  5 54756.61222859 29.335
  11  65.894424  65.939079     4.310     4.211  5 54766.52787375 31.551
  12  65.892967  65.937398     2.902     2.889  6 54776.44351560 37.143
  13  65.893767  65.935563     2.872     2.870  6 54786.35915525 38.489
  14  65.892459  65.935586     2.502     2.485  6 54796.27479346 30.267
  17  65.894907  65.940447     3.031     2.864  5 54826.02171635 16.240
  18  65.895139  65.939619     3.414     3.450  5 54835.93735578 15.925
  19  65.893342  65.939399     3.398     3.461  4 54845.85300526 14.629
  20  65.893128  65.939930     3.441     3.467  5 54855.76865414 13.957
  21  65.893346  65.941243     3.551     3.662  4 54865.68430298 12.945
  22  65.894984  65.941566     3.786     3.889  4 54875.59995152 12.686
  23  65.894102  65.940754     2.750     2.587  5 54885.51559704 12.968
  24  65.893697  65.938579     2.681     2.624  6 54895.43123921 13.000
  25  65.895166  65.936575     3.174     3.307  6 54905.34687890 12.410
  26  65.892534  65.936417     3.400     3.485  6 54915.26251705 13.834
  27  65.894955  65.937396     3.633     3.642  6 54925.17815529 12.650
  28  65.893756  65.938741     3.942     3.970  5 54935.09379248 13.790
  29  65.890997  65.939160     4.052     4.209  5 54945.00942760 14.137
  30  65.892548  65.937935     5.788     5.760  6 54954.92506075  9.579
  31  65.894814  65.936233     4.384     4.351  6 54964.84070762 35.731
  32  65.893134  65.936147     6.282     6.270  6 54974.75635557 39.118
  33  65.895186  65.937516     7.209     7.207  6 54984.67200343 50.672
  34  65.896238  65.939232     6.832     6.817  5 54994.58765110 32.394
  35  65.892913  65.940282     6.452     6.544  5 55004.50329704 34.872
  36  65.894833  65.940049     6.324     6.364  5 55014.41894139 33.701
  37  65.891185  65.939921     6.158     6.165  5 55024.33458383 31.750
  38  65.894418  65.940317     5.999     5.979  5 55034.25022633 36.768
  39  65.893851  65.941179     5.858     6.077  4 55044.16586775 24.478
  40  65.892691  65.941392     5.826     6.129  4 55054.08150749 24.060
  41  65.891229  65.940178     5.379     5.487  5 55063.99714499 31.325
  42  65.892223  65.938262     5.611     5.552  5 55073.91279124 25.947
  43  65.893721  65.936813     5.605     5.718  5 55083.82843946 25.538
  44  65.892672  65.936887     2.819     2.789  6 55093.74408581 44.526
  45  65.893615  65.937479     4.546     5.485  5 55103.65973218 26.930
  46  65.893371  65.938070     4.730     4.731  6 55113.57537820 29.180
  47  65.894624  65.937696     4.414     4.350  6 55123.49102195 27.559
  48  65.895751  65.936812     3.623     3.824  6 55133.40666283 31.972
  49  65.895636  65.936061     2.456     2.486  6 55143.32230150 41.425
  50  65.895853  65.936456     1.705     1.701  6 55153.23793961 32.860
  51  65.894465  65.937784     1.868     1.880  5 55163.15357792 31.612
  52  65.896169  65.939213     2.084     2.068  5 55173.06921620 24.086
  53  65.892429  65.940274     3.459     3.612  5 55182.98485295 19.972
  54  65.894304  65.940169     3.855     3.744  5 55192.90050439 17.474
  55  65.892559  65.940419     3.828     3.918  4 55202.81615423 16.422
  56  65.894982  65.940766     3.777     3.818  5 55212.73180378 16.703
  57  65.893201  65.941019     3.775     3.744  5 55222.64745249 15.073
  58  65.891405  65.940159     3.941     3.939  5 55232.56309987 15.257
  59  65.895380  65.938271     3.163     3.006  5 55242.47874460 14.932
  60  65.893849  65.936855     3.164     3.111  5 55252.39438549 15.060
  61  65.895841  65.936328     2.633     2.287  6 55262.31002448 15.108
  62  65.895203  65.937279     3.421     3.675  5 55272.22566226 15.735
  63  65.892622  65.938221     3.650     3.736  6 55282.14129971 14.286
  64  65.895551  65.938014     2.520     2.145  5 55292.05693650 14.626
  65  65.893152  65.937387     3.749     3.821  6 55301.97257109 14.952
  66  65.893767  65.936392     1.611     1.651  6 55311.88821898 22.907
  67  65.895962  65.936367     3.435     3.436  6 55321.80386461 38.928
  68  65.895544  65.937405     6.042     5.852  6 55331.71950877 40.776
  69  65.891192  65.938885     6.505     6.498  5 55341.63515254 38.298
  70  65.891608  65.939440     6.482     6.379  5 55351.55079655 53.449
  71  65.895736  65.939399     6.116     6.080  5 55361.46643875 26.215
  72  65.894702  65.939723     6.167     6.129  5 55371.38207839 27.469
  74  65.892876  65.941549     6.035     5.924  5 55391.21335409 33.779
  75  65.893326  65.941644     5.788     5.804  5 55401.12899048 32.009
  76  65.892788  65.940096     4.399     4.432  5 55411.04463975 37.102
  77  65.892789  65.937669     5.510     5.508  6 55420.96028976 47.176
  78  65.893251  65.936091     4.922     4.766  6 55430.87593680 37.303
  79  65.892032  65.936583     5.276     5.279  6 55440.79158128 21.807
  80  65.895363  65.937785     4.819     5.081  5 55450.70722463 24.078
  81  65.895635  65.938604     3.337     2.613  5 55460.62286712 38.527
  82  65.895513  65.937879     4.760     4.795  5 55470.53850847 24.209
  83  65.895710  65.936477     4.160     4.262  6 55480.45414685 27.105
  84  65.891871  65.935903     2.567     2.522  6 55490.36978231 37.114
  85  65.893831  65.936644     4.026     4.190  5 55500.28541615 26.288
  86  65.892024  65.938493     2.546     2.514  5 55510.20105780 47.599
  87  65.894987  65.939575     3.146     3.019  5 55520.11670787 33.743
  88  65.892917  65.940010     2.147     2.252  5 55530.03235652 26.909
  89  65.891912  65.939627     1.972     1.959  5 55539.94800358 24.893
  90  65.890408  65.939529     1.993     2.001  5 55549.86364837 23.533
  91  65.893668  65.940020     2.100     2.085  5 55559.77929190 21.842
  92  65.893093  65.941206     2.675     2.226  5 55569.69493420 19.774
  93  65.893933  65.941278     2.418     2.452  5 55579.61057569 20.387
  94  65.893536  65.939586     2.702     2.693  4 55589.52621448 20.154
  95  65.895300  65.936936     2.135     1.936  6 55599.44185041 19.969
  96  65.894628  65.935583     2.439     2.590  6 55609.35748372 18.918
  97  65.893243  65.936572     2.075     2.006  6 55619.27311533 17.979
  98  65.894991  65.938587     1.841     1.866  5 55629.18876453 17.481
  99  65.895485  65.939568     1.963     1.832  5 55639.10441564 17.301
 100  65.893998  65.938540     2.714     2.665  5 55649.02006437 14.497
 101  65.895033  65.936163     2.484     2.547  6 55658.93571020 15.279
 102  65.893347  65.935123     3.181     3.210  6 55668.85135191 19.175
 103  65.895070  65.936269     3.908     3.881  6 55678.76699151 36.777
 104  65.895521  65.938802     5.919     5.861  5 55688.68262899 35.802
 105  65.894536  65.940741     6.696     6.766  5 55698.59826496 36.091
 106  65.891847  65.941023     6.437     6.435  5 55708.51390149 43.671
 107  65.892835  65.939881     6.133     6.092  5 55718.42955244 30.950
 108  65.890362  65.939553     6.163     6.139  5 55728.34520052 32.956
 109  65.893269  65.940017     5.803     5.809  4 55738.26084759 46.015
 110  65.894939  65.940879     5.563     5.617  5 55748.17649329 24.306
 111  65.893903  65.940873     5.530     5.656  5 55758.09213654 28.431
 112  65.895526  65.939214     5.027     5.099  5 55768.00777734 25.204
 113  65.894212  65.936920     5.267     5.166  6 55777.92341478 21.508
 114  65.891720  65.935667     2.880     2.536  6 55787.83904951 29.339
 115  65.896219  65.936360     4.521     4.436  6 55797.75468334 23.630
 116  65.892860  65.938417     4.290     4.601  6 55807.67032656 28.237
 117  65.895307  65.939623     3.484     3.206  5 55817.58597569 30.534
 118  65.893625  65.938928     4.645     4.757  6 55827.50162081 26.637
 119  65.895605  65.936967     3.697     3.840  6 55837.41726195 24.482
 120  65.893881  65.935668     4.311     4.143  6 55847.33289962 22.104
 121  65.893211  65.936836     2.312     2.248  5 55857.24853501 34.728
 122  65.896416  65.939052     2.676     2.199  5 55867.16417994 35.202
 123  65.893536  65.941152     1.807     1.860  4 55877.07983179 43.353
 133  65.892259  65.936548     2.948     3.074  6 55976.23626266 18.340
 134  65.891957  65.938558     2.753     2.594  5 55986.15189890 18.630
 135  65.893024  65.939719     2.680     2.713  4 55996.06753536 18.189
 136  65.892202  65.938855     1.835     1.675  5 56005.98318710 18.692
 137  65.895960  65.936747     1.572     1.610  6 56015.89883525 18.115
 139  65.894442  65.937154     2.724     2.759  5 56035.73012284 11.178
 141  65.892607  65.941219     4.825     4.806  4 56055.56140160 27.424
 142  65.893193  65.941588     6.273     6.253  4 56065.47703576 50.384
 143  65.892892  65.940708     6.113     5.856  5 56075.39268141 39.023
 144  65.890824  65.940167     6.161     6.164  5 56085.30833061 31.795
 145  65.892173  65.939948     5.923     5.922  5 56095.22397776 27.636
 146  65.895059  65.939945     4.282     4.206  5 56105.13962293 39.663
 147  65.890331  65.939627     5.827     5.813  5 56115.05525292 30.641
 148  65.895149  65.938453     4.549     4.725  5 56124.97089162 26.114
 149  65.895396  65.937196     2.447     2.388  6 56134.88652589 36.049
 150  65.894189  65.936721     4.201     4.900  5 56144.80216678 25.114
 151  65.894283  65.937042     3.062     2.753  5 56154.71781681 26.703
 152  65.893924  65.938103     4.039     4.176  6 56164.63346567 27.309
 153  65.893867  65.938772     3.777     4.030  5 56174.54911242 24.562
 154  65.895383  65.938468     2.544     1.864  5 56184.46475421 33.506
 155  65.893181  65.937595     1.852     1.738  5 56194.38039191 38.582
 156  65.892448  65.937293     4.087     4.145  6 56204.29602688 26.047
 157  65.893611  65.938341     1.987     1.957  5 56214.21166049 33.616
 158  65.891865  65.940513     2.022     1.920  5 56224.12729568 49.389
 159  65.893730  65.941485     3.578     3.744  4 56234.04295178 31.048
 160  65.894175  65.941365     1.329     1.319  4 56243.95860381 40.290
 161  65.893839  65.940554     1.300     1.331  5 56253.87425094 34.682
 162  65.893513  65.940155     1.577     1.597  5 56263.78989374 34.035
 164  65.892330  65.940048     1.556     1.551  4 56283.62117828 24.191
 165  65.893114  65.938965     1.533     1.537  6 56293.53682980 25.111
 166  65.893988  65.937342     1.455     1.459  6 56303.45247697 26.362
 167  65.892737  65.936533     1.623     1.633  6 56313.36811986 21.540
 168  65.895012  65.936839     1.395     1.399  5 56323.28376096 21.416
 169  65.894415  65.938067     1.289     1.317  5 56333.19940119 21.702
 170  65.893375  65.938745     2.436     2.746  6 56343.11504088 19.223
 171  65.892555  65.938646     2.177     1.912  5 56353.03067832 17.117
 172  65.894048  65.937795     2.224     1.640  5 56362.94632059 17.197
 173  65.892723  65.937488     1.496     1.504  5 56372.86196960 15.072
 175  65.894366  65.939523     1.745     1.604  5 56392.69326031 15.576
 176  65.893886  65.940590    10.866    10.686  5 56402.60890281  8.078
 177  65.893408  65.941022     1.555     1.547  5 56412.52454250 16.119
 178  65.894071  65.940762     3.697     3.585  5 56422.44017734 34.072
 179  65.892708  65.940626     6.560     6.583  4 56432.35581883 51.922
 180  65.893896  65.940391     6.135     6.091  4 56442.27147153 30.808
 181  65.892963  65.940497     6.160     6.118  5 56452.18712151 28.319
 182  65.893273  65.939734     6.031     5.966  4 56462.10276915 27.376
 183  65.895084  65.938163     5.810     5.726  5 56472.01841365 22.811
 184  65.892042  65.936922     5.759     5.758  6 56481.93405422 19.975
 185  65.892402  65.936709     5.616     5.681  6 56491.84969132 27.743
 187  65.891169  65.939344     5.400     5.383  5 56511.68095865 29.778
 188  65.895335  65.939440     5.199     5.327  5 56521.59660497 33.234
 189  65.894384  65.938636     3.423     3.039  5 56531.51225776 26.472
 191  65.893437  65.937487     2.749     2.609  6 56551.34355174 29.772
 192  65.895567  65.938728     3.954     4.038  5 56561.25919463 28.272
 193  65.894219  65.940640     2.074     2.146  5 56571.17483610 33.188
 194  65.892822  65.941945     1.542     1.509  4 56581.09047602 32.373
 195  65.894224  65.941594     2.385     2.425  5 56591.00611209 46.319
 196  65.892104  65.940443     2.453     2.485  5 56600.92176000 33.515
 197  65.891515  65.939645     3.025     3.037  5 56610.83741003 35.824
 198  65.892021  65.940224     3.049     3.037  5 56620.75305544 33.699
 199  65.892423  65.940943     2.683     2.695  4 56630.66869777 26.102
 200  65.892955  65.940519     3.593     3.675  5 56640.58433644 23.645
 201  65.894789  65.938365     3.193     3.118  5 56650.49998357 19.545
 202  65.896058  65.936120     2.934     2.966  6 56660.41563433 19.797
 203  65.893813  65.935869     2.929     3.040  6 56670.33128126 19.386
 205  65.893077  65.939675     3.551     3.595  5 56690.16256936 17.056
 206  65.891277  65.940155     3.788     3.922  5 56700.07820926 16.618
 207  65.891896  65.938803     2.867     2.432  5 56709.99384474 17.170
 208  65.893217  65.937447     2.734     2.450  5 56719.90948645 17.372
 209  65.894623  65.937424     2.831     2.415  5 56729.82513876 17.489
 211  65.893228  65.941651     4.053     4.015  4 56749.65643100 12.009
 212  65.895161  65.942358     3.215     3.072  4 56759.57207058 13.341
 213  65.894800  65.941616     3.171     3.252  4 56769.48770365  8.360
 214  65.891466  65.940092     2.201     2.186  5 56779.40335336 24.044
 215  65.894786  65.939005     4.779     4.583  5 56789.31900922 38.944
 216  65.894736  65.939313     6.735     6.607  5 56799.23466139 36.383
 217  65.893528  65.940296     6.874     6.877  5 56809.15030722 41.887
 219  65.893815  65.938564     6.492     6.435  5 56828.98158460 34.477
 220  65.893338  65.936627     6.581     6.603  5 56838.89721820 30.169
 221  65.891730  65.936458     6.363     6.317  6 56848.81284978 31.585
 222  65.892928  65.937735     6.679     6.690  5 56858.72850438 40.101
 223  65.894341  65.939720     6.334     6.305  5 56868.64415795 30.531
 224  65.891128  65.940488     6.320     6.271  5 56878.55980902 34.914
 225  65.893855  65.939168     6.102     6.172  5 56888.47545735 22.568
 226  65.893337  65.937491     5.617     5.590  6 56898.39110271 24.763
 227  65.894688  65.937421     5.604     5.613  6 56908.30674572 23.753
 228  65.892612  65.939530     5.916     5.959  5 56918.22238641 26.899
 229  65.893038  65.941978     5.580     5.818  4 56928.13802531 22.755
 230  65.895160  65.942892     5.692     5.692  4 56938.05366030 22.027
 231  65.894751  65.941962     3.290     3.313  4 56947.96929315 38.968
 232  65.894080  65.939791     3.382     3.363  5 56957.88494660 34.197
 233  65.892784  65.938686     2.939     3.089  5 56967.80059461 28.309
 234  65.893654  65.939186     2.780     2.816  5 56977.71623876 27.763
 235  65.892856  65.940383     2.992     3.081  5 56987.63187823 25.889
 236  65.894398  65.940440     3.357     3.307  5 56997.54751192 27.095
 237  65.890681  65.939057     3.103     3.090  5 57007.46315892 24.223
 238  65.891852  65.936916     2.982     2.816  6 57017.37881267 22.402
 239  65.894298  65.936178     3.132     3.182  6 57027.29446306 19.489
 240  65.893756  65.937675     3.183     3.090  5 57037.21011132 16.183
 241  65.890996  65.939661     3.212     3.174  5 57047.12575682 16.353
 242  65.892273  65.940471     3.656     3.523  5 57057.04139907 15.044
 243  65.892946  65.939630     3.082     2.920  4 57066.95703587 15.949
 244  65.893547  65.938855     3.167     3.087  6 57076.87266830 16.813
 245  65.893797  65.939138     2.116     2.148  5 57086.78829867 18.798
 246  65.893064  65.940591     2.485     2.197  4 57096.70395741 18.568
 247  65.895264  65.942015     3.120     2.811  4 57106.61961356 15.593
 248  65.893372  65.942578     4.044     4.045  5 57116.53526458 13.861
 249  65.895342  65.941330     1.790     1.757  5 57126.45090977 15.974
 250  65.891455  65.939940     2.080     2.064  5 57136.36654907 16.286
