# NaN NaN NaN ;Mean Elev.(m), Avg Gradient(m/km), RMS Gradient(m/km) - SRTM1     
#  -25.526   0.510   6.134 ;Mean Elev.(m), Avg Gradient(m/km), RMS Gradient(m/km) - ASTER GDEM
#    2.032   0.629   4.499 ;Mean Elev.(m), Avg Gradient(m/km), RMS Gradient(m/km) - GMTED2010 
   2  65.647663  65.537403     7.228     7.261  7 54671.35379755 34.105
   3  65.643522  65.538614    -1.245    -1.636  7 54681.26944093 14.558
   4  65.646993  65.539220     5.010     5.061  7 54691.18508387 43.795
   5  65.645844  65.539594     0.699     0.806  7 54701.10072410 17.212
   6  65.647653  65.538103     6.589     6.626  7 54711.01637104 26.334
   7  65.644640  65.536571     7.061     7.064  6 54720.93202205 22.780
   8  65.646094  65.534836     5.985     5.702  7 54730.84767084 26.434
   9  65.644658  65.534685     5.795     5.492  7 54740.76331765 30.780
  10  65.643662  65.535118     4.857     3.358  7 54750.67896442 35.275
  11  65.644725  65.535307     6.173     6.702  6 54760.59461122 28.406
  12  65.644580  65.534943     3.217     3.199  6 54770.51025556 43.117
  13  65.644869  65.534304     4.496     4.471  6 54780.42589670 45.389
  14  65.645786  65.533732     3.608     3.626  6 54790.34153535 36.946
  15  65.646134  65.534268     3.319     3.339  7 54800.25717283 30.614
  17  65.647596  65.536665     6.186     6.389  7 54820.08844955 15.882
  18  65.643773  65.537239     6.407     6.423  7 54830.00410147 14.954
  19  65.647525  65.536888     6.076     6.251  7 54839.91974063 15.640
  20  65.645422  65.537427     6.517     6.545  6 54849.83538946 14.336
  21  65.646987  65.538116     6.277     6.310  7 54859.75103813 14.607
  22  65.645447  65.538858     6.614     6.668  6 54869.66668662 13.457
  23  65.647833  65.537862     6.516     6.522  7 54879.58233445 13.264
  24  65.645389  65.536208     6.671     6.747  7 54889.49797872 13.990
  25  65.644317  65.534343     6.697     6.762  7 54899.41361998 13.483
  26  65.645005  65.533952     6.780     6.775  6 54909.32925906 14.296
  27  65.646079  65.534932     6.256     6.566  6 54919.24489687 16.113
  28  65.644419  65.536112     6.822     6.890  7 54929.16053416 15.593
  29  65.644400  65.535846     7.369     7.368  6 54939.07617080 11.092
  30  65.644226  65.534849     6.433     6.414  6 54948.99180580 11.103
  31  65.643880  65.534111     4.142     3.991  6 54958.90744314 28.851
  32  65.644771  65.534303     6.231     6.269  6 54968.82309175 30.776
  33  65.645377  65.535424     7.986     7.986  6 54978.73873914 30.711
  34  65.644796  65.536444     8.036     8.038  6 54988.65438635 32.907
  35  65.645106  65.536533     7.783     7.787  6 54998.57003381 30.453
  36  65.643661  65.536617     7.141     7.048  7 55008.48567932 30.128
  37  65.645379  65.536678     7.385     7.425  6 55018.40132325 27.851
  38  65.646503  65.537557     7.171     7.155  7 55028.31696573 28.224
  39  65.644087  65.539000     6.745     6.679  7 55038.23260735 50.008
  40  65.645472  65.539457     6.706     6.730  7 55048.14824823 23.584
  41  65.644312  65.538517     6.643     6.556  7 55058.06388695 24.373
  42  65.646218  65.536102     6.555     6.508  7 55067.97952538 25.717
  43  65.643743  65.534183     6.793     6.727  7 55077.89517538 31.631
  44  65.646376  65.533622     6.250     6.705  6 55087.81082336 24.564
  45  65.644106  65.535027     5.810     6.653  7 55097.72646922 33.128
  46  65.644828  65.536132     6.895     6.822  7 55107.64211489 28.860
  47  65.644548  65.535737     6.791     6.825  6 55117.55775980 30.123
  48  65.645204  65.533919     6.706     6.721  6 55127.47340256 25.723
  49  65.644686  65.532589     4.982     5.304  6 55137.38904296 32.937
  50  65.645646  65.532959     2.703     2.621  7 55147.30468163 45.323
  51  65.646968  65.535025     2.412     2.430  7 55157.22031961 32.797
  52  65.643462  65.537284     3.003     2.644  7 55167.13595710 27.700
  53  65.644166  65.537966     4.465     4.296  7 55177.05159460 21.636
  54  65.644732  65.537163     5.645     5.767  6 55186.96723801 17.825
  55  65.647179  65.536390     5.411     5.546  7 55196.88288923 17.324
  56  65.645670  65.537231     6.107     6.127  6 55206.79853883 16.216
  57  65.645929  65.538637     6.016     6.040  7 55216.71418796 15.795
  58  65.647388  65.538835     6.069     6.222  7 55226.62983662 15.393
  59  65.647055  65.537212     6.185     6.299  7 55236.54548267 15.395
  60  65.644468  65.534664     6.458     6.532  7 55246.46112515 15.505
  61  65.646272  65.532442     6.600     6.569  6 55256.37676542 15.198
  62  65.643919  65.533077     6.536     6.587  6 55266.29240404 15.090
  63  65.647156  65.534972     5.584     5.523  7 55276.20804242 15.529
  64  65.644457  65.536810     6.327     6.322  7 55286.12367931 14.754
  65  65.643637  65.536498     5.981     5.833  7 55296.03931437 14.445
  66  65.646628  65.534105    12.740    12.322  7 55305.95495471 10.004
  67  65.645063  65.532593     3.114     3.149  7 55315.87060162 27.736
  68  65.646540  65.533086     5.496     5.563  7 55325.78624723 34.088
  69  65.645273  65.535447    10.420     7.339  6 55335.70189130 27.424
  70  65.643274  65.537546     7.304     7.336  7 55345.61753491 30.084
  71  65.647092  65.537496     7.255     7.278  7 55355.53317807 29.148
  72  65.646043  65.537073     7.204     7.167  7 55365.44881879 27.131
  73  65.644497  65.536872     9.447     7.092  7 55375.36445794 26.664
  74  65.644516  65.537640     7.020     7.085  7 55385.28009615 26.143
  75  65.643620  65.538872     6.917     6.998  7 55395.19573339 25.956
  76  65.645593  65.539277     6.845     6.886  7 55405.11137319 24.184
  77  65.644422  65.537852     6.538     6.511  7 55415.02702465 39.343
  78  65.646025  65.534972     6.769     6.755  6 55424.94267330 26.323
  79  65.645807  65.532848     6.774     6.795  7 55434.85831908 27.398
  80  65.646200  65.532830     6.456     6.594  7 55444.77396336 27.459
  81  65.645246  65.534576     6.664     6.622  7 55454.68960637 28.631
  82  65.646131  65.536286     3.505     3.568  7 55464.60524878 48.658
  83  65.646193  65.536193     3.473     3.501  6 55474.52088854 44.093
  84  65.646586  65.534412     6.845     6.872  6 55484.43652543 26.255
  85  65.646742  65.532725     6.685     6.717  6 55494.35216023 27.527
  86  65.646068  65.533500     6.580     6.485  7 55504.26779380 22.180
  87  65.643576  65.535861     3.984     3.977  7 55514.18344258 50.833
  88  65.643869  65.537945     3.262     3.296  7 55524.09909214 32.670
  89  65.646972  65.538174     2.676     2.697  7 55534.01474029 28.380
  90  65.645171  65.537438     2.758     2.787  6 55543.93038615 24.376
  91  65.645287  65.536679     2.794     2.808  6 55553.84603025 25.055
  92  65.645671  65.537009     2.842     2.883  7 55563.76167321 23.259
  93  65.644065  65.538053     3.070     2.762  7 55573.67731533 22.422
  94  65.645724  65.537869     3.523     3.724  6 55583.59295639 21.947
  95  65.645650  65.536559     2.876     2.526  6 55593.50859395 23.157
  96  65.647043  65.534623     2.374     2.358  7 55603.42422834 25.080
  97  65.645998  65.533845     2.303     2.296  6 55613.33986039 22.965
  98  65.644481  65.534565     2.156     2.169  7 55623.25549685 22.465
  99  65.645967  65.535492     2.537     2.158  7 55633.17114979 20.936
 100  65.645921  65.536093     2.548     2.051  7 55643.08680035 19.504
 101  65.646321  65.535640     3.452     3.594  6 55653.00244813 15.735
 102  65.644938  65.534294     7.124     7.140  6 55662.91809149  8.912
 103  65.646491  65.533335     4.717     3.816  7 55672.83373206 38.281
 104  65.645078  65.534060     6.115     6.385  7 55682.74937076 32.184
 105  65.643423  65.536219     7.291     7.253  7 55692.66500789 28.772
 106  65.646770  65.537875    13.091    15.248  7 55702.58064392 31.333
 107  65.644697  65.538768     7.174     7.178  7 55712.49628694 32.100
 108  65.646044  65.538079     7.039     7.020  6 55722.41193653 25.450
 109  65.646752  65.537492     7.128     7.203  7 55732.32758406 25.440
 110  65.647464  65.537309     7.062     7.075  7 55742.24323034 24.446
 111  65.643324  65.537693     6.833     6.844  7 55752.15887487 24.262
 112  65.646460  65.536868     6.748     6.757  7 55762.07451781 21.575
 113  65.644386  65.535996     6.832     6.884  6 55771.99015745 22.841
 114  65.646541  65.534369     3.640     3.643  6 55781.90579400 41.846
 115  65.644458  65.534274     6.862     6.838  7 55791.82142746 25.169
 116  65.645873  65.534970     5.814     5.507  7 55801.73706048 25.683
 117  65.645498  65.535806     3.498     3.541  6 55811.65271049 47.730
 118  65.644353  65.536208     6.708     6.730  7 55821.56835889 23.295
 119  65.645770  65.535582     6.667     6.759  6 55831.48400279 23.574
 120  65.645752  65.534651     9.611     6.813  7 55841.39964203 27.172
 121  65.645297  65.534453     9.851     6.819  6 55851.31527816 26.520
 122  65.644631  65.535790     6.230     6.199  7 55861.23091217 28.531
 123  65.643186  65.537199     2.996     2.957  7 55871.14656505 41.369
 133  65.644380  65.534332     3.738     3.838  6 55970.30300522 19.132
 134  65.644738  65.535755     4.080     3.542  7 55980.21864147 17.911
 135  65.644180  65.536502     3.983     4.011  7 55990.13427675 18.546
 136  65.645730  65.535833     3.418     3.639  6 56000.04992093 18.194
 137  65.644833  65.534643     3.036     3.392  6 56009.96557162 18.525
 138  65.644000  65.534233    13.348    13.631  7 56019.88121820 11.999
 139  65.645480  65.534710     4.873     4.840  6 56029.79686196 15.485
 141  65.643413  65.537628     4.606     4.687  7 56049.62814303 31.085
 142  65.645025  65.538272     6.973     7.034  7 56059.54378014 30.777
 143  65.643844  65.538360    10.220     7.414  7 56069.45941507 32.116
 144  65.645329  65.537768     6.808     6.769  7 56079.37506629 28.743
 145  65.643372  65.537994     6.352     6.377  7 56089.29071445 49.574
 146  65.646565  65.538163     5.954     5.923  7 56099.20636061 51.317
 147  65.645195  65.537814     4.812     4.841  6 56109.12199243 40.163
 148  65.644766  65.536229     6.293     6.804  6 56119.03763304 25.812
 149  65.645920  65.534328     7.125     7.156  6 56128.95327016 21.643
 150  65.643949  65.533883     4.018     2.961  7 56138.86890352 40.170
 151  65.646459  65.534554     6.854     6.788  7 56148.78455205 21.185
 152  65.644911  65.536297     6.647     6.713  6 56158.70020086 23.479
 153  65.646146  65.536763     6.526     6.549  7 56168.61584881 22.022
 154  65.644983  65.535735     6.426     6.398  6 56178.53149357 25.997
 155  65.645120  65.534232     6.689     6.626  7 56188.44713406 24.745
 156  65.645010  65.533901     9.145     6.920  7 56198.36277112 26.446
 157  65.645784  65.535527     2.818     2.742  6 56208.27840535 48.126
 158  65.645919  65.538050     2.735     2.774  6 56218.19403785 35.373
 159  65.645262  65.539445     5.837     5.984  7 56228.10968285 27.525
 160  65.645297  65.538802     2.463     2.449  6 56238.02533714 47.441
 161  65.645462  65.537578     1.898     1.929  7 56247.94098759 39.074
 162  65.644151  65.537069     2.051     2.045  7 56257.85663288 31.853
 163  65.645278  65.537673     2.160     2.152  7 56267.77227506 28.982
 164  65.646364  65.538302     2.106     2.100  7 56277.68791554 29.566
 165  65.647919  65.537744     2.592     2.104  7 56287.60356409 22.328
 166  65.644707  65.535874     3.712     3.726  7 56297.51921308 21.012
 167  65.644837  65.533492     5.004     5.347  6 56307.43485847 18.754
 168  65.646186  65.532547     4.966     5.213  7 56317.35050114 19.167
 169  65.644380  65.534347     5.313     5.454  7 56327.26614197 18.536
 170  65.645983  65.536426     5.626     5.580  6 56337.18178210 16.624
 171  65.644764  65.537531     5.799     5.807  7 56347.09742038 15.960
 172  65.645762  65.536401     5.227     5.309  6 56357.01305640 16.117
 173  65.645542  65.534336     5.600     5.707  7 56366.92870480 16.351
 176  65.644021  65.538041     5.322     5.475  7 56396.67564211 14.617
 177  65.645319  65.539380     2.622     2.138  7 56406.59128344 14.500
 178  65.645479  65.539161     2.991     3.095  6 56416.50692114 34.079
 179  65.646960  65.537836     6.577     6.634  7 56426.42255429 31.380
 180  65.646155  65.536771     7.551     7.546  6 56436.33820474 28.890
 181  65.645880  65.536833     7.234     7.259  7 56446.25385646 29.932
 182  65.645798  65.537748     7.063     7.071  6 56456.16950583 25.159
 183  65.646084  65.537522     7.289     7.287  7 56466.08515219 53.356
 184  65.646548  65.535799     7.165     7.181  7 56476.00079475 50.270
 185  65.646112  65.533674     7.060     7.033  6 56485.91643369 25.026
 187  65.644210  65.534851     6.961     7.035  7 56505.74770388 25.659
 188  65.647513  65.537194     6.718     6.725  7 56515.66333699 20.877
 189  65.645978  65.537976     5.641     5.642  6 56525.57899127 39.907
 190  65.644325  65.536897     6.546     6.499  7 56535.49464185 21.442
 192  65.645000  65.534318     3.568     3.618  6 56555.32593313 45.750
 193  65.645647  65.535886     6.406     6.416  6 56565.24157590 22.159
 194  65.646616  65.538374     6.191     6.235  7 56575.15721732 24.830
 195  65.643587  65.540282     5.817     5.820  7 56585.07285543 22.011
 196  65.648736  65.539528     3.820     3.844  7 56594.98849229 42.816
 197  65.643038  65.538193     3.888     3.861  7 56604.90414469 48.843
 198  65.645297  65.536647     4.054     4.045  7 56614.81979300 27.520
 199  65.646937  65.536630     4.444     4.458  7 56624.73543737 23.930
 200  65.645760  65.537337     4.836     4.624  7 56634.65107865 21.620
 201  65.644800  65.537742     5.179     5.558  7 56644.56671574 19.150
 202  65.645112  65.536176     4.838     4.574  6 56654.48236868 18.578
 203  65.645257  65.534241     5.558     5.565  7 56664.39801738 17.855
 205  65.646505  65.534309     5.145     5.230  7 56684.22930823 17.411
 206  65.645810  65.536175     4.775     4.562  7 56694.14495082 17.021
 207  65.647666  65.537254     4.619     4.315  7 56704.06058930 16.715
 208  65.644726  65.537189     4.452     4.530  6 56713.97622205 16.205
 209  65.644307  65.535722    22.312    23.342  6 56723.89187196  8.917
 210  65.645556  65.535025    15.198    15.263  7 56733.80752254  9.493
 211  65.647413  65.536280     5.529     6.361  7 56743.72316966 12.071
 212  65.645256  65.538593     5.977     6.249  7 56753.63881203 13.101
 213  65.644660  65.539911     2.047     2.063  7 56763.55444919 23.454
 214  65.646036  65.539435     2.701     2.697  7 56773.47008314 19.758
 215  65.647835  65.537506     4.066     4.039  7 56783.38574081 33.751
 216  65.646470  65.536415     8.073     8.165  7 56793.30139451 38.575
 217  65.645177  65.536249     7.276     7.286  6 56803.21704530 27.565
 218  65.646705  65.536360     7.069     6.993  7 56813.13268851 30.758
 219  65.644768  65.536301     7.959     7.968  6 56823.04832789 36.985
 220  65.646629  65.535381     7.929     7.890  7 56832.96396349 48.637
 221  65.645154  65.534941     7.904     7.852  6 56842.87959532 52.595
 222  65.645876  65.534956     7.170     7.163  7 56852.79523599 28.744
 223  65.644513  65.535555     7.504     7.646  7 56862.71088990 27.889
 224  65.646232  65.536162     7.356     7.423  7 56872.62654353 26.216
 225  65.647038  65.536268     7.201     7.201  7 56882.54219398 51.300
 226  65.644563  65.536184     6.977     6.962  6 56892.45784059 23.550
 227  65.646709  65.535452     6.739     6.721  7 56902.37348457 25.705
 228  65.646073  65.536039     6.846     6.882  6 56912.28912632 22.318
 229  65.645329  65.537323     6.753     6.803  6 56922.20476644 22.234
 230  65.645895  65.538753     4.487     4.009  6 56932.12040441 28.073
 231  65.647495  65.539249     5.901     5.748  7 56942.03603730 22.689
 232  65.646185  65.538791     4.211     4.203  7 56951.95168000 41.577
 233  65.643321  65.537788     4.458     4.494  7 56961.86733084 37.822
 234  65.644463  65.537080     4.461     4.231  7 56971.78297709 27.300
 235  65.644619  65.537107     5.159     5.206  6 56981.69861907 23.495
 236  65.643913  65.537228     5.640     5.694  7 56991.61425649 21.303
 237  65.645954  65.536614     5.669     5.757  7 57001.52988886 19.836
 238  65.645715  65.535280     6.008     6.150  6 57011.44554637 18.240
 239  65.645199  65.534522     5.677     5.715  6 57021.36119802 19.261
 240  65.646024  65.534966     5.776     5.943  7 57031.27684690 16.950
 241  65.645647  65.535905     5.565     5.611  6 57041.19249376 17.967
 242  65.645324  65.536645     5.489     5.415  6 57051.10813855 18.039
 243  65.645168  65.536556     5.542     5.322  6 57061.02377921 18.134
 244  65.647326  65.536213     4.677     4.507  7 57070.93941455 19.446
 245  65.645376  65.536927     2.981     2.638  6 57080.85504515 23.634
 246  65.647985  65.537910     3.845     4.231  7 57090.77068699 20.682
 247  65.644310  65.539298     3.102     2.731  7 57100.68634423 22.126
 248  65.647933  65.539251     6.268     6.458  7 57110.60199904 16.120
 249  65.644870  65.538659     5.405     5.340  7 57120.51764762 12.871
 250  65.645593  65.537252     2.542     2.493  7 57130.43329081 22.001
