# NaN NaN NaN ;Mean Elev.(m), Avg Gradient(m/km), RMS Gradient(m/km) - SRTM1     
#  -27.020   0.137   5.714 ;Mean Elev.(m), Avg Gradient(m/km), RMS Gradient(m/km) - ASTER GDEM
#    1.095  -0.071   2.702 ;Mean Elev.(m), Avg Gradient(m/km), RMS Gradient(m/km) - GMTED2010 
   1  65.708546  65.622904     6.721     6.342  9 54668.30648434 29.707
   2  65.708392  65.623842     6.854     6.789 10 54678.22212867 27.324
   3  65.707276  65.625309     2.638     2.533  9 54688.13777168 23.017
   4  65.707179  65.626054     6.191     6.186  8 54698.05341281 26.163
   6  65.706711  65.622964     5.558     5.699  9 54717.88470667 30.224
   7  65.710178  65.621270     5.082     5.422  9 54727.80035610 30.715
   8  65.709634  65.620904     4.468     5.063  9 54737.71600366 30.882
   9  65.708345  65.622088     3.178     3.194  9 54747.63165096 52.983
  10  65.708070  65.623473     5.683     5.731  9 54757.54729800 28.755
  11  65.709175  65.623600     5.589     5.754  9 54767.46294306 29.933
  12  65.709424  65.621937     3.819     3.823 10 54777.37858469 48.161
  13  65.710624  65.620274     3.585     3.594  9 54787.29422397 39.007
  14  65.709408  65.619862     4.173     4.475 10 54797.20986200 33.087
  17  65.710547  65.624017     5.370     5.407  9 54826.95678651 18.336
  18  65.706246  65.623604     5.851     5.826  9 54836.87242521 16.802
  19  65.708351  65.624155     5.632     5.603  9 54846.78807487 15.347
  20  65.706447  65.624756     5.803     5.838  9 54856.70372359 15.391
  21  65.707991  65.626058     5.768     5.730  9 54866.61937267 14.643
  22  65.705697  65.626012     5.767     5.828  9 54876.53502080 14.397
  23  65.708866  65.625202     5.636     5.664  9 54886.45066645 14.167
  24  65.708230  65.623174     5.682     5.692  9 54896.36630826 14.528
  25  65.708693  65.621759     5.731     5.751  9 54906.28194752 14.570
  26  65.708183  65.621532     5.636     5.747 10 54916.19758556 16.120
  27  65.709491  65.622340     5.727     5.682  9 54926.11322359 15.006
  28  65.711009  65.622927    23.555    23.684  9 54936.02886097 10.001
  29  65.709760  65.622349    18.934    17.854  9 54945.94449614  9.525
  30  65.708359  65.620677     2.906     2.963  9 54955.86012866 25.811
  31  65.709348  65.619925     5.565     5.468 10 54965.77577676 31.102
  32  65.710013  65.620364     8.085     8.040 10 54975.69142470 37.484
  33  65.708205  65.621693     6.888     6.910  9 54985.60707233 31.376
  35  65.708668  65.623915     9.327     7.626 10 55005.43836648 29.073
  36  65.707127  65.624030     7.230     7.196  9 55015.35401039 28.786
  37  65.706787  65.624223     6.811     6.588  9 55025.26965299 30.532
  38  65.707820  65.625136     6.572     6.658  8 55035.18529523 43.950
  39  65.709716  65.625661     6.116     6.139  9 55045.10093675 47.880
  40  65.706921  65.624586     6.157     6.047  9 55055.01657603 25.749
  41  65.710801  65.622903     5.741     5.783  9 55064.93221362 26.894
  42  65.708194  65.621334     5.661     5.631 10 55074.84786077 29.143
  43  65.707846  65.621011     5.773     5.815  9 55084.76350863 28.251
  44  65.710263  65.621969     3.407     3.398 10 55094.67915522 52.105
  45  65.708316  65.622421     5.105     5.433 10 55104.59480125 27.841
  46  65.708903  65.622522     3.007     2.937  9 55114.51044729 51.852
  47  65.709281  65.621773     5.169     5.320  9 55124.42609082 32.953
  48  65.709179  65.620930     3.059     2.593  9 55134.34173153 36.250
  49  65.708296  65.620455     2.836     2.863  9 55144.25737003 45.487
  50  65.710679  65.621327     2.049     2.069 10 55154.17300822 33.377
  51  65.710447  65.622225     2.403     2.406 10 55164.08864651 30.722
  52  65.710163  65.623048     4.270     4.822  9 55174.00428454 24.364
  54  65.709575  65.623680     5.324     5.368  9 55193.83557428 18.122
  55  65.709211  65.624633     5.451     5.559  9 55203.75122419 16.962
  56  65.708322  65.625707     5.424     5.469  9 55213.66687343 17.202
  57  65.708012  65.625918     5.535     5.626  9 55223.58252222 16.683
  58  65.710182  65.624831     5.364     5.457  9 55233.49816961 17.358
  59  65.709948  65.622582     5.389     5.494 10 55243.41381353 16.703
  60  65.710230  65.621083     5.291     5.282  9 55253.32945434 16.745
  61  65.709985  65.621221     5.317     5.346  9 55263.24509308 15.554
  62  65.710177  65.622608     5.401     5.353  9 55273.16073093 17.408
  63  65.710880  65.623238     5.276     5.211  9 55283.07636846 14.831
  64  65.710266  65.622171     5.213     5.200 10 55292.99200451 15.926
  66  65.708016  65.619430     3.296     2.713 10 55312.82328783 32.616
  67  65.710463  65.620458     4.552     4.308  9 55322.73893349 37.248
  68  65.710618  65.622166     7.844     7.815  9 55332.65457775 37.790
  69  65.707837  65.623309     9.170     7.244  9 55342.57022168 29.304
  70  65.709526  65.623613     7.176     6.932  9 55352.48586569 26.942
  71  65.707692  65.623161     8.988     6.820  9 55362.40150717 27.112
  72  65.707340  65.623277    11.152     7.423  9 55372.31714683 25.205
  74  65.705424  65.624964     6.880     6.562  9 55392.14842255 26.062
  75  65.707470  65.624904     6.542     6.472  9 55402.06405881 25.050
  76  65.706557  65.623196     6.538     6.461  9 55411.97970930 27.715
  77  65.710648  65.621207     6.426     6.488  9 55421.89535909 28.427
  78  65.709047  65.619711     6.089     6.048  9 55431.81100560 29.199
  79  65.708973  65.620677     5.794     5.943  9 55441.72665028 26.460
  80  65.707538  65.622340     4.922     5.383  9 55451.64229337 27.193
  81  65.708355  65.623410     5.080     5.326 10 55461.55793592 31.442
  82  65.709951  65.622411     5.010     5.307 10 55471.47357699 29.095
  83  65.711042  65.620516     4.739     5.021  9 55481.38921508 32.568
  84  65.709131  65.619013     5.494     5.487 10 55491.30485055 30.914
  85  65.708886  65.619706     5.433     5.574 10 55501.22048430 27.837
  86  65.709784  65.621983     3.286     3.250 10 55511.13612797 47.793
  87  65.708998  65.623780     3.633     3.634 10 55521.05177762 41.505
  88  65.709295  65.624279     2.642     2.638  9 55530.96742619 30.824
  89  65.710511  65.623794     2.539     2.534  9 55540.88307315 27.483
  90  65.708273  65.623304     4.527     4.681  9 55550.79871767 22.879
  91  65.710798  65.624392     4.440     4.337  9 55560.71436116 22.762
  92  65.710484  65.625650     4.577     4.513  9 55570.63000361 21.553
  93  65.708477  65.625529     4.639     4.688  9 55580.54564480 21.691
  94  65.708217  65.623434     4.852     4.929 10 55590.46128315 19.814
  95  65.709083  65.620444     4.415     4.447 10 55600.37691842 21.716
  96  65.708030  65.618530     4.202     4.286 10 55610.29255129 22.252
  97  65.709437  65.619358     4.528     4.579  9 55620.20818320 19.243
  98  65.708525  65.621939     4.663     4.803  9 55630.12383443 19.559
  99  65.708108  65.623289     5.085     5.044  9 55640.03948533 18.480
 100  65.710639  65.622502     4.547     4.584  9 55649.95513393 15.694
 101  65.709852  65.620124    25.864    25.895  9 55659.87077876  9.536
 102  65.710412  65.619104     3.414     2.967 10 55669.78642022 40.030
 103  65.708947  65.620202     5.395     5.684  9 55679.70205959 37.676
 104  65.709398  65.622639     7.860     7.918  9 55689.61769730 48.520
 105  65.708598  65.624167    11.325     7.387  9 55699.53333336 31.783
 106  65.708794  65.624102     9.171     7.100  9 55709.44897168 28.637
 107  65.708114  65.623344     7.036     6.905  9 55719.36462207 24.715
 108  65.709666  65.623336     6.990     6.839  9 55729.28027032 38.013
 109  65.707927  65.623827     6.824     6.795  9 55739.19591689 53.717
 110  65.706087  65.624542     6.732     6.482  9 55749.11156222 25.642
 111  65.710755  65.624825     5.957     5.962  9 55759.02720576 24.036
 112  65.710622  65.623285     5.596     5.763  9 55768.94284599 25.661
 113  65.709795  65.620812     5.249     5.549  9 55778.85848290 28.973
 114  65.710521  65.619269     4.545     3.737  9 55788.77411747 30.215
 115  65.708540  65.619493     5.093     5.255 10 55798.68975062 30.141
 116  65.709501  65.621415     4.392     4.527  9 55808.60539617 32.914
 117  65.710210  65.622991     4.396     5.104  9 55818.52104530 36.818
 118  65.711071  65.622476     4.385     5.017  9 55828.43669024 30.792
 119  65.708490  65.620405     5.537     5.547  9 55838.35233041 29.869
 120  65.709293  65.619065     5.151     5.271  9 55848.26796784 32.393
 121  65.710775  65.620020     4.428     4.582  9 55858.18360326 30.926
 122  65.708196  65.622315     3.620     2.946  9 55868.09924981 41.536
 123  65.709461  65.624626     2.254     2.297  9 55878.01490177 39.728
 133  65.709065  65.620676     4.128     4.141 10 55977.17133105 18.604
 134  65.709047  65.621801     4.466     4.420  9 55987.08696728 18.924
 135  65.707717  65.622085     4.608     4.498  9 55997.00260538 18.712
 136  65.707597  65.621606     4.438     4.516  9 56006.91825676 18.532
 137  65.708320  65.620572     4.633     4.618 10 56016.83390407 18.070
 139  65.709157  65.621779    10.533    12.293  9 56036.66519135  9.474
 141  65.707576  65.624363     5.997     5.925  9 56056.49647010 35.496
 142  65.706885  65.624212    13.339    11.850  9 56066.41210378 29.560
 143  65.705841  65.623816     6.967     6.736  9 56076.32775112 25.671
 144  65.711288  65.624351     6.702     6.504  9 56086.24340075 25.816
 145  65.705907  65.623928     6.368     6.489  9 56096.15904692 28.886
 146  65.706333  65.623687     6.509     6.163  9 56106.07469149 26.248
 147  65.710404  65.622986     5.753     5.886  9 56115.99032192 23.830
 148  65.707582  65.621503     3.551     3.457  9 56125.90595954 54.186
 149  65.708718  65.620406     4.096     3.052 10 56135.82159359 38.999
 150  65.708539  65.620393     4.958     5.330 10 56145.73723619 30.816
 151  65.708215  65.621176     4.449     4.999 10 56155.65288595 32.433
 152  65.708407  65.622094     2.244     2.293  9 56165.56853480 42.698
 153  65.707433  65.622192     4.438     5.068  9 56175.48418127 31.650
 154  65.709882  65.621873     4.322     4.845 10 56185.39982296 33.255
 155  65.710311  65.621100     3.920     4.536  9 56195.31546065 34.042
 156  65.708976  65.621069     2.694     2.590 10 56205.23109525 45.466
 157  65.710250  65.622238     3.156     2.481  9 56215.14672864 44.629
 158  65.708722  65.623560     4.282     4.845 10 56225.06236630 35.129
 159  65.705993  65.624224     2.390     2.413  9 56234.97802165 48.947
 160  65.707343  65.624295     1.707     1.722  9 56244.89367344 43.516
 161  65.710775  65.624273     1.688     1.679  9 56254.80932039 34.906
 162  65.708701  65.624280     2.017     2.028  9 56264.72496277 31.529
 165  65.707406  65.622515     3.647     4.797  9 56294.47189929 22.842
 166  65.707752  65.620856     4.638     4.912  9 56304.38754599 19.949
 167  65.711068  65.620723     4.673     4.607  9 56314.30318918 19.929
 168  65.707645  65.621470     4.880     4.831  9 56324.21882974 20.148
 169  65.709534  65.622908     4.797     4.807  9 56334.13447010 19.923
 170  65.710982  65.623022     4.967     4.993  9 56344.05010965 17.365
 171  65.710407  65.621845     4.798     4.843  9 56353.96574665 16.968
 172  65.710606  65.620859     4.734     4.751  9 56363.88139020 16.919
 173  65.709230  65.621079     4.784     4.801 10 56373.79703904 15.247
 175  65.709419  65.624532     5.256     5.301  9 56393.62832940 14.744
 176  65.708076  65.625107    15.371    15.829  8 56403.54397159 10.756
 177  65.706699  65.624697     3.448     2.576  9 56413.45961083 29.767
 178  65.710231  65.623907     5.527     5.711  9 56423.37524554 31.925
 179  65.710379  65.623759     9.115     7.062  9 56433.29088931 28.621
 180  65.708286  65.624268     7.174     7.006 10 56443.20654149 32.690
 181  65.708610  65.625094     7.097     6.945  9 56453.12219135 27.206
 182  65.706183  65.624235     6.770     6.824  9 56463.03783824 31.626
 184  65.708413  65.620591     6.816     6.905  9 56482.86912248 29.368
 185  65.709142  65.620194     6.682     6.647  9 56492.78475943 29.066
 187  65.707557  65.622510     6.558     6.494  9 56512.61602682 29.796
 188  65.709131  65.623057     6.215     6.148  9 56522.53167493 25.132
 189  65.708537  65.622104     5.641     5.587  9 56532.44732729 26.822
 191  65.711086  65.621281     5.106     5.089  9 56552.27862107 29.638
 192  65.709590  65.623063     4.734     5.136 10 56562.19426372 31.316
 193  65.710341  65.625318     5.168     5.271  9 56572.10990540 32.400
 194  65.707998  65.626039     4.826     4.690  9 56582.02554489 31.339
 195  65.710055  65.625009     2.984     2.992  9 56591.94118036 46.900
 196  65.710911  65.623707     3.504     3.494  9 56601.85683019 38.625
 197  65.708936  65.623080     3.792     3.749 10 56611.77247960 33.165
 198  65.708538  65.624017     3.773     3.751  9 56621.68812476 29.984
 199  65.710760  65.625121     4.223     4.572  9 56631.60376722 25.376
 200  65.708427  65.624301     3.046     2.525  9 56641.51940510 25.852
 201  65.710409  65.622368     4.860     4.928  9 56651.43505359 21.490
 202  65.709273  65.620287     5.115     5.167  9 56661.35070352 20.400
 203  65.709592  65.620062     5.100     5.100 10 56671.26635049 19.353
 205  65.706784  65.623718     3.694     4.416  9 56691.09763851 22.099
 206  65.707748  65.624012     3.695     2.826  9 56701.01327809 21.372
 207  65.708106  65.622216     4.485     4.449 10 56710.92891271 19.794
 208  65.710467  65.621157     4.946     4.957  9 56720.84455635 17.750
 211  65.708392  65.626109     4.818     5.018  9 56750.59150018 13.246
 212  65.708047  65.626637    15.483    16.733  9 56760.50713910 14.907
 213  65.707731  65.625166     2.590     2.464  9 56770.42277139 22.648
 214  65.709790  65.623906     3.403     3.331  9 56780.33842408 35.300
 215  65.706779  65.623161     6.391     6.333  9 56790.25407891 34.287
 216  65.705771  65.623841     9.150     7.059  9 56800.16973077 30.213
 217  65.709128  65.625196     8.568     7.829  9 56810.08537639 51.657
 219  65.709877  65.623081    13.121    15.037  9 56829.91665287 25.916
 221  65.710078  65.619714     7.167     7.206  9 56849.74791965 29.379
 222  65.709431  65.621471     7.124     7.151  9 56859.66357420 28.792
 223  65.708525  65.623754     7.074     7.015  9 56869.57922788 27.954
 224  65.706255  65.624447     7.005     6.881  9 56879.49487893 27.221
 225  65.708440  65.623738     6.485     6.457  9 56889.41052682 24.088
 226  65.709956  65.622467     5.929     5.985 10 56899.32617185 28.374
 227  65.709472  65.622665     5.733     5.670 10 56909.24181448 26.400
 228  65.707280  65.624262     5.963     5.922  9 56919.15745520 23.351
 229  65.707807  65.626248     6.786     6.463  9 56929.07309410 24.129
 230  65.707532  65.626528     5.931     6.010  9 56938.98872838 28.153
 231  65.707181  65.625090     3.950     3.963  9 56948.90436336 47.342
 232  65.710650  65.623867     4.352     4.371  9 56958.82001641 39.000
 233  65.708689  65.622963     4.858     4.975 10 56968.73566379 28.091
 234  65.709260  65.623377     5.048     5.018  9 56978.65130758 25.901
 235  65.708533  65.623910     5.405     5.379  9 56988.56694680 22.863
 236  65.709128  65.623435     5.417     5.394  9 56998.48257991 22.280
 237  65.708940  65.622300     5.467     5.359 10 57008.39822974 22.033
 238  65.710375  65.621123     5.221     5.218 10 57018.31388286 20.588
 239  65.710365  65.620911     5.044     5.035 10 57028.22953264 19.287
 240  65.707561  65.621951     5.285     5.207  9 57038.14518050 19.092
 241  65.710091  65.623664     5.292     5.278  9 57048.06082640 17.142
 242  65.707438  65.623997     5.767     5.818  9 57057.97646794 15.240
 243  65.707618  65.623194     5.592     5.651  9 57067.89210410 16.443
 244  65.710207  65.622607     5.344     5.372  9 57077.80773619 17.750
 245  65.709868  65.622611     5.270     5.228 10 57087.72336916 18.872
 246  65.709163  65.624440     4.094     4.662  9 57097.63902782 19.732
 247  65.706904  65.625958     5.750     5.741  8 57107.55468343 15.983
 248  65.708005  65.626364     5.601     5.549  9 57117.47033431 15.257
 249  65.710487  65.625527     2.313     2.283  9 57127.38597906 25.409
 250  65.710806  65.624177     2.785     2.715  9 57137.30161814 17.286
