# NaN NaN NaN ;Mean Elev.(m), Avg Gradient(m/km), RMS Gradient(m/km) - SRTM1     
#   22.294  -2.507   3.666 ;Mean Elev.(m), Avg Gradient(m/km), RMS Gradient(m/km) - ASTER GDEM
#   23.673  -2.767   3.967 ;Mean Elev.(m), Avg Gradient(m/km), RMS Gradient(m/km) - GMTED2010 
   1  73.355900  61.222033    32.812    32.759  4 54666.43740713 33.365
   2  73.356915  61.222453    32.480    32.811  3 54676.35305170 35.904
   6  73.357353  61.222622    27.597    27.597  2 54716.01562869 47.734
   7  73.341962  61.223877     5.544     5.016 10 54725.93127704 15.263
   8  73.332334  61.225140    27.195    27.112 16 54735.84692400 43.172
   9  73.335496  61.224935    37.666    38.520 13 54745.76257141 25.192
  10  73.344004  61.223723    36.321    37.352  9 54755.67821896 27.068
  11  73.347152  61.222920    31.238    31.251  8 54765.59386452 29.988
  12  73.336541  61.224592    29.895    30.728 14 54775.50950559 34.075
  13  73.326786  61.225921    28.277    28.226 18 54785.42514435 43.016
  14  73.329974  61.225282    28.780    28.779 17 54795.34078312 42.911
  18  73.355285  61.222104    28.349    28.374  4 54835.00334706 22.217
  19  73.347844  61.223096    30.490    30.403  7 54844.91899611 20.039
  20  73.349288  61.222805    31.115    30.964  6 54854.83464525 19.338
  21  73.356950  61.221841    33.205    33.195  4 54864.75029484 17.803
  22  73.358424  61.221978    33.582    33.498  3 54874.66594337 17.524
  23  73.357089  61.221532    34.555    34.753  4 54884.58158906 16.037
  24  73.340160  61.224292    32.263    31.451 11 54894.49722953 17.545
  25  73.327393  61.225828    32.818    33.111 17 54904.41286792 16.343
  26  73.326119  61.225927    35.772    34.349 19 54914.32850646 16.948
  27  73.336411  61.224365    38.249    39.099 14 54924.24414579 23.400
  28  73.348483  61.222881    30.901    30.600  7 54934.15978451 24.550
  29  73.354272  61.222355    28.143    28.152  4 54944.07542061 41.563
  30  73.354623  61.221840    31.362    31.362  4 54953.99105400 42.602
  31  73.339628  61.224271    31.949    31.957 12 54963.90669762 35.314
  32  73.336171  61.224475    31.973    31.969 14 54973.82234562 54.145
  33  73.342422  61.223985    31.901    31.885 10 54983.73799385 38.104
  34  73.353623  61.222658    20.595    20.613  4 54993.65364243 15.162
  35  73.358007  61.222095    31.777    31.929  3 55003.56928917 35.499
  36  73.355784  61.222127    33.525    34.234  3 55013.48493326 29.157
  37  73.352368  61.222270    31.609    31.627  5 55023.40057586 31.115
  38  73.354431  61.222061    32.207    32.110  5 55033.31621838 28.262
  39  73.357973  61.222483    34.694    34.694  2 55043.23186031 26.366
  42  73.353584  61.222137    29.517    30.234  5 55072.97878272 33.766
  43  73.336210  61.224674    27.858    27.877 13 55082.89442910 54.164
  44  73.333134  61.224619    28.447    27.920 16 55092.81007544 32.470
  45  73.333522  61.225202    33.255    34.219 14 55102.72572173 29.302
  46  73.339740  61.224418    27.817    27.328 11 55112.64136840 37.518
  47  73.341884  61.223942    31.498    31.152 10 55122.55701230 30.051
  48  73.336595  61.224722    28.195    27.288 13 55132.47265249 34.402
  49  73.330901  61.225292    27.784    27.733 17 55142.38829069 49.577
  50  73.333499  61.224753    28.032    27.993 15 55152.30392928 37.044
  51  73.344416  61.223385    28.390    28.414  9 55162.21956908 32.395
  52  73.358319  61.221726    27.962    27.935  3 55172.13520885 27.266
  54  73.359398  61.222314    29.462    29.462  2 55191.96649601 21.372
  55  73.356789  61.221919    34.199    34.622  3 55201.88214598 16.983
  56  73.355749  61.221858    33.051    34.060  4 55211.79779534 17.758
  57  73.354630  61.222447    34.762    34.743  4 55221.71344411 16.079
  58  73.353796  61.221979    34.690    34.605  5 55231.62909181 15.864
  59  73.345248  61.223413    34.806    34.771  8 55241.54473538 16.032
  60  73.335620  61.224579    34.287    34.409 14 55251.46037542 15.475
  61  73.326760  61.226183    33.632    33.547 17 55261.37601330 16.472
  62  73.331589  61.225231    33.225    33.994 15 55271.29165193 17.525
  63  73.340022  61.223999    34.740    34.847 12 55281.20729087 15.734
  64  73.347515  61.222944    39.484    39.531  8 55291.12292854 13.791
  65  73.353282  61.221807    38.810    38.917  6 55301.03856376 16.705
  66  73.344269  61.223245    28.182    28.451 10 55310.95420973 42.114
  67  73.337601  61.224362    28.401    28.410 13 55320.86985456 48.690
  68  73.337767  61.224464    31.393    31.382 12 55330.78549893 49.975
  69  73.346183  61.223044    32.058    32.052  8 55340.70114411 42.175
  70  73.354166  61.221876    32.299    32.194  4 55350.61678900 32.486
  71  73.356727  61.222008    32.485    32.474  3 55360.53243111 40.223
  72  73.356788  61.222305    32.651    32.698  3 55370.44807085 38.578
  73  73.356919  61.222843    32.707    32.707  2 55380.36370915 40.381
  77  73.351565  61.222312    31.079    30.880  5 55420.02628136 38.904
  78  73.336517  61.224674    31.300    31.256 13 55429.94192686 35.816
  79  73.333579  61.224916    32.868    32.799 15 55439.85757114 27.156
  80  73.338015  61.224353    32.425    32.369 13 55449.77321465 29.907
  81  73.344500  61.223234    28.135    28.122 10 55459.68885794 53.333
  82  73.343973  61.223430    31.484    31.910 10 55469.60449952 32.540
  83  73.339228  61.224369    29.732    30.010 11 55479.52013746 34.038
  84  73.339927  61.223990    32.474    32.637 12 55489.43577334 28.352
  85  73.345183  61.223366    32.810    32.812  8 55499.35140751 28.486
  86  73.353726  61.222106    31.185    31.187  5 55509.26704876 27.095
  87  73.355257  61.222115    27.512    27.557  3 55519.18269901 42.817
  88  73.356378  61.222020    28.083    28.089  3 55529.09834833 29.640
  89  73.354794  61.222219    30.370    30.369  4 55539.01399555 24.016
  90  73.354148  61.222189    30.577    30.590  4 55548.92964060 21.428
  91  73.355194  61.222068    30.329    30.252  4 55558.84528402 21.882
  92  73.359016  61.221753    34.209    33.893  3 55568.76092679 19.325
  93  73.359688  61.221855    32.443    32.443  2 55578.67656830 19.910
  94  73.353614  61.222655    31.741    31.785  4 55588.59220672 19.701
  95  73.348743  61.222406    31.021    31.032  8 55598.50784234 19.685
  96  73.342289  61.223637    32.474    32.667 11 55608.42347513 17.789
  97  73.348325  61.222906    34.346    34.293  7 55618.33910754 18.168
  98  73.355818  61.221986    34.486    34.614  3 55628.25475539 17.316
  99  73.355526  61.222469    35.593    35.232  3 55638.17040672 16.394
 100  73.351940  61.222329    38.964    39.092  5 55648.08605573 14.510
 101  73.338163  61.224250    39.608    39.481 12 55658.00170057 19.105
 102  73.330512  61.225400    31.652    32.014 16 55667.91734194 33.950
 103  73.335896  61.224828    29.720    29.722 13 55677.83298199 54.110
 104  73.354390  61.221751    31.855    31.901  5 55687.74862154 50.685
 107  73.358513  61.222529    32.181    32.181  2 55717.49554434 31.862
 108  73.357547  61.221732    33.950    34.679  3 55727.41119279 32.564
 109  73.357503  61.222026    31.726    31.726  3 55737.32683962 31.377
 110  73.359667  61.222141    32.859    32.859  2 55747.24248548 27.621
 111  73.360582  61.221728    34.360    34.360  2 55757.15812921 24.392
 112  73.353305  61.222507    30.952    31.458  4 55767.07376944 32.891
 113  73.341956  61.223872    31.915    32.490 10 55776.98940622 33.924
 114  73.335401  61.224868    28.241    28.231 13 55786.90504073 51.447
 115  73.345394  61.223340    28.218    28.104  8 55796.82067530 45.943
 116  73.356004  61.222144    29.103    28.175  3 55806.73631814 31.196
 117  73.357685  61.222681    28.362    28.362  2 55816.65196712 45.127
 118  73.356956  61.221834    28.029    27.962  3 55826.56761282 36.961
 119  73.346224  61.223311    29.678    29.329  8 55836.48325295 31.668
 120  73.340042  61.223969    29.165    29.443 12 55846.39889039 30.034
 121  73.349327  61.222722    29.461    28.938  6 55856.31452701 29.952
 122  73.358403  61.222355    26.831    26.820  3 55866.23017062 39.130
 133  73.335981  61.224703    33.224    33.605 14 55975.30225330 18.157
 134  73.354072  61.222152    35.412    35.220  4 55985.21789169 17.927
 136  73.358585  61.221661    34.340    33.924  3 56005.04917901 17.127
 137  73.341030  61.224072    39.358    39.313 11 56014.96482545 15.112
 139  73.337170  61.224478    28.057    27.034 12 56034.79611337 35.219
 144  73.358323  61.221606    32.976    33.486  3 56084.37432281 26.044
 145  73.355525  61.222072    31.084    31.038  4 56094.28996983 29.166
 146  73.355083  61.222876    30.488    31.021  3 56104.20561492 29.227
 147  73.355051  61.222727    29.971    28.184  3 56114.12124568 30.133
 148  73.355170  61.221918    26.960    26.872  5 56124.03688432 37.653
 149  73.350566  61.222106    27.023    26.586  7 56133.95251840 36.132
 150  73.341572  61.224112    29.220    29.674 10 56143.86815674 29.608
 151  73.342781  61.223410    28.474    28.285 11 56153.78380723 29.585
 152  73.347497  61.223130    26.178    26.157  7 56163.69945664 49.075
 153  73.354773  61.221949    35.329    35.348  4 56173.61510430 28.825
 154  73.353960  61.222227    29.427    29.476  4 56183.53074599 29.755
 155  73.348372  61.222723    32.564    31.894  7 56193.44638350 27.674
 156  73.343643  61.223501    33.249    33.478 10 56203.36201835 28.692
 157  73.352302  61.222413    26.505    26.533  5 56213.27765309 41.846
 161  73.359801  61.222271    26.934    26.934  2 56252.94024322 27.327
 162  73.355724  61.222325    28.265    28.320  4 56262.85588599 23.613
 164  73.355246  61.222758    32.035    32.956  3 56282.68716946 20.043
 165  73.354623  61.221975    33.453    33.860  5 56292.60282121 18.710
 166  73.344672  61.223288    31.080    30.467 10 56302.51846743 19.617
 167  73.333863  61.225043    29.927    29.778 14 56312.43410934 20.476
 168  73.331186  61.225636    30.453    30.497 15 56322.34975009 19.189
 169  73.341293  61.223741    30.758    30.488 11 56332.26539182 18.744
 170  73.350192  61.222637    35.028    35.022  6 56342.18103293 16.138
 171  73.355938  61.222136    34.825    34.841  3 56352.09667138 16.243
 172  73.355723  61.221821    35.200    35.215  4 56362.01231206 15.558
 173  73.345501  61.223284    39.452    39.507  9 56371.92796037 13.217
 174  73.339812  61.224371    37.847    37.773 11 56381.84360639 13.373
 175  73.346624  61.223254    39.231    39.351  8 56391.75925159 15.027
 176  73.356530  61.222006    38.246    38.329  3 56401.67489544 20.287
 180  73.356518  61.222578    32.653    32.471  3 56441.33746274 35.501
 181  73.355306  61.221932    32.619    32.735  5 56451.25311309 37.619
 182  73.353842  61.221614    32.832    32.804  5 56461.16876108 36.160
 183  73.345097  61.223224    33.037    32.997 10 56471.08440486 34.170
 184  73.337106  61.224882    33.034    33.043 12 56481.00004509 36.938
 185  73.337837  61.224604    33.120    33.104 12 56490.91568242 54.221
 187  73.357107  61.221968    32.767    32.654  4 56510.74695220 32.188
 188  73.358731  61.222223    32.513    32.513  2 56520.66259622 29.891
 189  73.356821  61.221782    31.880    32.171  4 56530.57824925 28.232
 191  73.345276  61.223513    31.383    31.207  8 56550.40954230 30.583
 192  73.349770  61.222549    31.800    31.899  6 56560.32518563 28.698
 193  73.354657  61.222539    33.379    33.745  4 56570.24082794 25.911
 197  73.358123  61.221941    27.961    27.984  3 56609.90340219 40.516
 198  73.357201  61.221964    28.533    28.465  3 56619.81904775 46.836
 199  73.357673  61.222233    28.987    28.962  3 56629.73469019 45.837
 200  73.358273  61.222175    28.954    28.954  2 56639.65032933 30.831
 201  73.352691  61.222257    28.641    28.618  5 56649.56597421 27.020
 202  73.337049  61.224528    28.119    28.099 13 56659.48162349 29.219
 203  73.331033  61.225482    27.965    27.976 16 56669.39727007 28.739
 205  73.351869  61.222372    28.790    28.965  5 56689.22856087 20.313
 206  73.355780  61.222062    28.891    28.814  3 56699.14420204 20.502
 207  73.353729  61.222380    29.911    29.266  4 56709.05983795 20.299
 208  73.351285  61.222110    30.191    29.918  6 56718.97547743 20.073
 209  73.343252  61.223674    20.523    20.524 10 56728.89112900 12.890
 211  73.358133  61.222159    39.619    39.619  2 56748.72242358 14.267
 214  73.359565  61.221875    30.852    30.852  2 56778.46934478 35.995
 215  73.351383  61.222492    32.731    32.771  5 56788.38499980 43.828
 216  73.347518  61.222941    32.758    32.776  7 56798.30065183 33.987
 217  73.349999  61.222534    33.012    33.024  7 56808.21629881 35.006
 219  73.343039  61.223893    33.013    33.012  9 56828.04757626 37.306
 220  73.338763  61.224229    19.781    20.694 12 56837.96320992 26.221
 221  73.343108  61.223815    32.616    32.582 10 56847.87884156 33.988
 222  73.348685  61.222620    32.058    32.070  7 56857.79449508 50.449
 223  73.356372  61.221657    32.544    32.617  4 56867.71014922 33.356
 224  73.355063  61.222138    32.426    33.131  4 56877.62580059 34.044
 225  73.349040  61.222495    31.570    31.915  8 56887.54144835 31.522
 226  73.334411  61.225098    33.292    33.282 14 56897.45709239 29.237
 227  73.335337  61.224551    34.079    34.456 14 56907.37273558 29.368
 228  73.345662  61.223426    33.033    32.336  8 56917.28837768 29.352
 229  73.360837  61.221825    28.143    28.143  2 56927.20401837 37.112
 232  73.356114  61.222655    26.929    26.928  3 56956.95093809 43.714
 233  73.350850  61.222273    28.635    28.620  7 56966.86658626 40.493
 234  73.352183  61.222338    29.478    29.444  5 56976.78223076 36.344
 235  73.357050  61.222555    29.370    29.370  2 56986.69787101 20.870
 237  73.356992  61.221884    28.975    29.058  4 57006.52914985 20.028
 238  73.339167  61.224174    28.686    28.725 12 57016.44480211 20.474
 239  73.332236  61.225083    31.122    30.952 16 57026.36045182 18.196
 240  73.339031  61.224537    30.601    30.136 11 57036.27610108 19.515
 241  73.354452  61.221970    36.618    36.439  4 57046.19174882 14.136
 242  73.358072  61.222116    34.926    34.991  3 57056.10739176 16.454
 243  73.355340  61.222273    36.265    35.705  4 57066.02302890 15.095
 244  73.355243  61.221782    36.502    36.455  5 57075.93866181 14.727
 245  73.358269  61.222138    35.241    35.178  3 57085.85429178 16.093
 250  73.353380  61.222479    28.083    28.109  4 57135.43254158 44.012
