# NaN NaN NaN ;Mean Elev.(m), Avg Gradient(m/km), RMS Gradient(m/km) - SRTM1     
#   -0.397     NaN     NaN ;Mean Elev.(m), Avg Gradient(m/km), RMS Gradient(m/km) - ASTER GDEM
#    2.364   0.335   3.389 ;Mean Elev.(m), Avg Gradient(m/km), RMS Gradient(m/km) - GMTED2010 
   1  65.443413  65.315289     8.109     8.114  3 54661.35742690 21.567
   2  65.426503  65.313798     8.021     7.877  9 54671.27307067 25.474
   3  65.428876  65.315163     0.822     0.977  9 54681.18871477 19.110
   4  65.429720  65.315900     6.947     6.965  9 54691.10435752 29.724
   5  65.428172  65.315262     0.596     0.543 10 54701.01999764 16.705
   6  65.425057  65.313445     6.870     6.921 10 54710.93564380 25.733
   7  65.426200  65.312337     5.463     5.445  9 54720.85129501 23.105
   8  65.424211  65.311385     4.120     4.151 10 54730.76694336 40.938
   9  65.422787  65.311636     5.617     6.001  9 54740.68259024 26.000
  10  65.429925  65.313016    86.688    89.139  3 54750.59823796 11.951
  11  65.424459  65.312667     6.911     6.925  9 54760.51388428 29.055
  12  65.425659  65.312188     3.695     3.707  9 54770.42952883 46.094
  13  65.422584  65.310921    67.936    67.385  9 54780.34516966 22.780
  14  65.420752  65.309931     4.128     4.111  9 54790.26080803 39.911
  15  65.421268  65.310272     3.834     3.843  9 54800.17644555 35.025
  17  65.425140  65.312318     5.531     5.432  9 54820.00772246 23.042
  18  65.425990  65.312978     5.559     5.463 10 54829.92337480 19.789
  19  65.427132  65.313721     6.351     6.515 10 54839.83901369 16.950
  20  65.429218  65.315091     6.959     6.900  9 54849.75466298 14.915
  21  65.429741  65.316523     7.132     7.050  9 54859.67031170 15.071
  22  65.432297  65.317596     7.112     7.169 10 54869.58596073 14.402
  23  65.429585  65.316369     7.168     7.207  9 54879.50160809 14.073
  24  65.426850  65.313853     6.780     6.779  9 54889.41725221 13.941
  25  65.422387  65.311432     6.614     6.616  9 54899.33289299 14.130
  26  65.424511  65.311613     6.976     6.963  9 54909.24853218 14.090
  27  65.427002  65.312990     7.052     7.100  9 54919.16417017 14.674
  28  65.426406  65.313461     6.779     6.920 10 54929.07980755 17.015
  29  65.423869  65.312061     8.120     8.057  9 54938.99544378 11.558
  30  65.420372  65.309791     5.727     5.858  9 54948.91107822 11.613
  31  65.419895  65.308511     4.707     4.587  9 54958.82671522 32.250
  32  65.423926  65.309738     6.978     7.029  9 54968.74236416 32.896
  33  65.424295  65.311358     8.760     8.658 10 54978.65801172 30.730
  35  65.424595  65.312908     8.584     8.657 10 54998.48930676 29.202
  36  65.426831  65.313222     8.368     8.354  9 55008.40495272 25.056
  37  65.425564  65.313401     8.402     8.428 10 55018.32059645 26.238
  38  65.427242  65.314738     7.844     7.738 10 55028.23623909 28.416
  39  65.429359  65.316275     7.220     7.217  9 55038.15188126 37.622
  40  65.429775  65.316530     7.045     6.889 10 55048.06752204 25.924
  41  65.427716  65.314536     6.808     6.865  9 55057.98316047 22.252
  42  65.423049  65.311251     6.726     6.640  9 55067.89879784 24.051
  43  65.421501  65.309551     6.688     6.636  9 55077.81444771 25.667
  44  65.420218  65.309951     4.617     4.477  9 55087.73009536 35.785
  45  65.425020  65.312286     3.788     3.777  9 55097.64574213 43.705
  46  65.425532  65.313604     5.895     5.938  9 55107.56138802 27.217
  47  65.425848  65.312960     6.697     6.663 10 55117.47703307 26.560
  48  65.421411  65.310435     7.340     7.390  9 55127.39267527 25.730
  49  65.420901  65.308897     5.549     6.029 10 55137.30831561 31.543
  50  65.422602  65.309453     2.970     2.985  9 55147.22395441 47.785
  51  65.424696  65.311592     2.858     2.866  9 55157.13959262 32.543
  52  65.426683  65.313306     3.196     3.172 10 55167.05523074 26.510
  53  65.426453  65.313519     5.189     5.087  9 55176.97086813 21.518
  54  65.424571  65.312480     6.484     6.508  9 55186.88651104 17.960
  55  65.425470  65.312742     6.483     6.511 10 55196.80216206 17.979
  56  65.427903  65.314446     6.642     6.654  9 55206.71781216 17.089
  57  65.430360  65.316556     6.848     6.866 10 55216.63346172 16.205
  58  65.429054  65.316928     7.018     6.952 10 55226.54911024 16.827
  59  65.427916  65.315103     6.851     6.881  9 55236.46475614 16.031
  60  65.424709  65.311787     6.627     6.773 10 55246.38039835 16.544
  61  65.420550  65.309352     6.730     6.587  9 55256.29603787 16.279
  62  65.420753  65.309957     6.938     6.871  9 55266.21167675 16.126
  63  65.423660  65.312391     6.746     6.824  9 55276.12731523 16.334
  64  65.425438  65.313576     6.897     6.996 10 55286.04295256 16.074
  65  65.425680  65.312268     6.698     6.798  9 55295.95858754 15.293
  66  65.422534  65.309437     7.321     6.563 10 55305.87422686  9.984
  67  65.420129  65.308007     3.674     3.612  9 55315.78987350 35.179
  68  65.422364  65.309330     6.260     6.094  9 55325.70551928 35.331
  69  65.424207  65.311910     8.410     8.427  9 55335.62116394 25.782
  70  65.425809  65.313941     8.171     8.195 10 55345.53680816 28.515
  71  65.427165  65.314303     8.203     8.097  9 55355.45245121 24.530
  72  65.426348  65.313641     8.035     7.968 10 55365.36809198 24.714
  73  65.425807  65.313148     7.736     7.841  9 55375.28373122 23.404
  74  65.426873  65.313778     7.658     7.455 10 55385.19936959 23.375
  75  65.428121  65.314666     7.526     7.338  9 55395.11500709 22.670
  76  65.426259  65.314559     6.971     6.984 10 55405.03064635 42.014
  77  65.426041  65.313441     6.654     6.684  9 55414.94629771 37.895
  78  65.424678  65.311073     6.456     6.512  9 55424.86194579 27.155
  79  65.422081  65.309101     6.816     7.162 10 55434.77759116 23.648
  80  65.421163  65.309458     6.224     5.966  9 55444.69323541 25.819
  81  65.424172  65.311628     6.476     6.483 10 55454.60887908 24.899
  82  65.425384  65.313335     5.334     5.703  9 55464.52452181 31.443
  83  65.425353  65.312686     4.097     4.053 10 55474.44016164 48.224
  84  65.424471  65.310333     6.313     6.554  9 55484.35579833 22.999
  85  65.422813  65.308210     7.041     7.105  9 55494.27143285 24.977
  86  65.419116  65.308219     7.492     7.529  9 55504.18706619 24.674
  87  65.424509  65.311407     4.321     4.246 10 55514.10271578 53.178
  88  65.428114  65.314146     3.828     3.830 10 55524.01836582 42.236
  89  65.429179  65.315025     2.871     2.907 10 55533.93401377 42.031
  90  65.426591  65.314152     2.879     2.809  9 55543.84965946 33.567
  91  65.426816  65.313772     3.101     3.171 10 55553.76530350 32.036
  92  65.427937  65.314457     3.135     3.103  9 55563.68094662 26.818
  93  65.429344  65.315247     3.076     3.080  9 55573.59658918 24.492
  94  65.428122  65.314636     2.896     2.864  9 55583.51223004 26.583
  95  65.424042  65.312382     2.769     2.769 10 55593.42786714 22.670
  96  65.422788  65.310023     2.744     2.753 10 55603.34350114 23.816
  97  65.422938  65.308796     2.639     2.632  9 55613.25913320 24.135
  98  65.421016  65.308953     2.537     2.525  9 55623.17476945 23.690
  99  65.421779  65.310775     2.488     2.465  9 55633.09042238 21.289
 100  65.423672  65.311861     3.075     3.235 10 55643.00607310 19.609
 101  65.424575  65.311630     3.065     3.290  9 55652.92172080 17.892
 102  65.423929  65.310175     2.458     2.464  9 55662.83736403 18.718
 103  65.422095  65.309377     4.255     4.197 10 55672.75300419 37.374
 104  65.421504  65.309964     6.607     6.389  9 55682.66864308 32.084
 105  65.422803  65.311677     8.202     8.147  9 55692.58428075 31.842
 106  65.424535  65.313104     8.248     8.236  9 55702.49991687 52.570
 107  65.425831  65.313767     8.147     8.131 10 55712.41556022 26.987
 108  65.427972  65.314087     8.048     8.011 10 55722.33120993 24.203
 109  65.428287  65.314254     7.856     7.859 10 55732.24685743 22.563
 110  65.428602  65.314501     7.544     7.362  9 55742.16250365 23.498
 111  65.426177  65.314223     6.994     6.739 10 55752.07814830 27.291
 112  65.425437  65.313269     7.022     6.938 10 55761.99379074 24.024
 113  65.423486  65.311656     6.106     6.121  9 55771.90943020 24.403
 114  65.424213  65.310136     4.552     4.582  9 55781.82506643 51.977
 115  65.423290  65.309463     5.436     5.603  9 55791.74069997 24.932
 116  65.420839  65.309458     3.425     3.463  9 55801.65633263 33.939
 117  65.422769  65.310872     3.826     3.833  9 55811.57198309 54.289
 118  65.425530  65.311595     5.468     5.877  9 55821.48763204 22.835
 119  65.422608  65.310653     4.386     3.976  9 55831.40327559 33.675
 120  65.422002  65.309515     5.143     4.916 10 55841.31891478 28.041
 121  65.419693  65.308964     5.483     5.780  9 55851.23455075 24.424
 122  65.421567  65.310212     7.360     7.439  9 55861.15018511 26.281
 123  65.424897  65.312552     3.670     3.693  9 55871.06583841 43.008
 133  65.423340  65.310526     3.352     3.570  9 55970.22227826 21.072
 134  65.423530  65.311595     4.463     5.011  9 55980.13791456 18.726
 135  65.422982  65.311416     4.506     4.400  9 55990.05354978 19.221
 136  65.420874  65.310429     3.443     3.602  9 55999.96919329 19.666
 137  65.421578  65.309713     3.531     3.833  9 56009.88484395 19.885
 138  65.422079  65.309773     8.183     8.254 10 56019.80049057 13.262
 139  65.423035  65.310982     3.746     3.665 10 56029.71613438 14.961
 141  65.427309  65.314019     5.426     5.435  9 56049.54741651 30.282
 142  65.427600  65.314177     7.796     7.728  9 56059.46305364 36.403
 143  65.424399  65.312964     8.108     8.097 10 56069.37868824 28.846
 144  65.427131  65.313522     7.592     7.302  9 56079.29433962 26.945
 145  65.426837  65.314240     7.067     6.856  9 56089.20998798 42.011
 146  65.429247  65.315294     6.280     6.319  9 56099.12563409 52.335
 147  65.426901  65.314446     5.640     5.656  9 56109.04126570 54.506
 148  65.424923  65.312157     4.451     4.439  9 56118.95690593 37.489
 149  65.423714  65.309663     4.635     4.666  9 56128.87254256 31.782
 150  65.421949  65.308427     3.376     3.394  9 56138.78817584 37.439
 151  65.423712  65.310226     4.920     5.719  9 56148.70382432 26.203
 152  65.424898  65.312388     4.800     5.185 10 56158.61947368 26.200
 153  65.425407  65.313084     3.757     2.669 10 56168.53512175 33.186
 154  65.423091  65.311549     4.417     4.991 10 56178.45076643 26.747
 155  65.421075  65.309668     3.015     2.697  9 56188.36640668 34.128
 156  65.420294  65.309127     5.100     5.611  9 56198.28204370 28.375
 157  65.422974  65.310836     3.838     3.458 10 56208.19767829 50.304
 158  65.425408  65.313092     4.692     5.109 10 56218.11331120 30.356
 159  65.428723  65.314807     6.815     6.894  9 56228.02895648 25.890
 160  65.427147  65.314434     2.955     2.915  9 56237.94461053 48.755
 161  65.424914  65.313407     2.272     2.252 10 56247.86026063 39.060
 162  65.425666  65.313131     2.508     2.479  9 56257.77590608 33.088
 163  65.425593  65.313965     2.710     2.728  9 56267.69154827 29.375
 164  65.428888  65.315028     2.731     2.698  9 56277.60718911 24.360
 165  65.429016  65.314854     4.472     4.403 10 56287.52283749 22.256
 166  65.426172  65.312507     4.810     5.559  9 56297.43848642 20.737
 167  65.422048  65.309806     5.347     5.399 10 56307.35413127 19.316
 168  65.421852  65.309125     5.205     5.237  9 56317.26977374 19.832
 169  65.422802  65.310935     5.889     6.019 10 56327.18541495 19.312
 170  65.425984  65.313189     5.367     5.541 10 56337.10105536 19.559
 171  65.426938  65.313585     6.364     6.360 10 56347.01669382 18.077
 172  65.424467  65.311541     6.128     6.173 10 56356.93232928 17.349
 173  65.422949  65.309821     5.587     5.575  9 56366.84797717 17.227
 176  65.429723  65.315370     6.521     6.630 10 56396.59491580 15.362
 177  65.429953  65.316475     2.293     2.283 10 56406.51055724 16.444
 178  65.427756  65.315442     3.533     3.480 10 56416.42619478 38.455
 179  65.424530  65.313084     7.167     7.172  9 56426.34182739 31.408
 180  65.424618  65.312605     8.193     8.175 10 56436.25747769 30.590
 181  65.425713  65.313585     7.962     7.898  9 56446.17312956 24.115
 182  65.427572  65.315096     7.519     7.454  9 56456.08877918 25.623
 183  65.427289  65.314942     7.873     7.755 10 56466.00442539 34.358
 184  65.424409  65.312727     7.858     7.872  9 56475.92006740 51.817
 185  65.422005  65.309915     7.787     7.934  9 56485.83570589 23.737
 187  65.421845  65.310012     7.856     7.836 10 56505.66697639 25.167
 188  65.425062  65.312110     7.300     6.993  9 56515.58260982 21.548
 189  65.425237  65.313216     6.892     6.941 10 56525.49826429 26.892
 190  65.425440  65.312370     5.772     5.850 10 56535.41391508 27.130
 192  65.421790  65.310483     3.822     3.844  9 56555.24520591 37.781
 193  65.426056  65.312735     6.574     6.877 10 56565.16084919 25.776
 194  65.428831  65.315352     6.946     6.853  9 56575.07649099 25.193
 195  65.431502  65.316605     5.525     5.516 10 56584.99212974 26.297
 196  65.429108  65.315299     3.977     3.968 10 56594.90776559 37.299
 197  65.425414  65.313786     4.250     4.239  9 56604.82341802 46.407
 198  65.426645  65.313178     4.570     4.524 10 56614.73906618 27.561
 199  65.425332  65.313311     5.144     4.301  9 56624.65471036 26.845
 200  65.426878  65.313907     5.181     5.665  9 56634.57035206 24.162
 201  65.427490  65.313631     5.560     6.017  9 56644.48598926 22.607
 202  65.425565  65.312405     6.150     6.384 10 56654.40164197 23.408
 203  65.424728  65.310810     5.790     5.860  9 56664.31729048 23.052
 205  65.423617  65.311264     6.597     6.529 10 56684.14858110 17.761
 206  65.424723  65.312883     6.329     6.221 10 56694.06422394 17.126
 207  65.426549  65.313599     6.265     6.322  9 56703.97986243 17.146
 208  65.423337  65.312074     6.427     6.387  9 56713.89549500 16.291
 210  65.426197  65.312104    19.629    23.116  9 56733.72679537 10.392
 211  65.428315  65.314187     6.200     6.279  9 56743.64244276 13.291
 212  65.429325  65.316053     5.819     6.223 10 56753.55808574 13.788
 213  65.430149  65.316496     2.772     2.725  9 56763.47372323 35.013
 214  65.428158  65.315084     3.207     3.230 10 56773.38935662 23.449
 215  65.427359  65.314409     4.896     4.616 10 56783.30501397 35.939
 216  65.426952  65.314161     8.453     8.382  9 56793.22066771 31.485
 217  65.426649  65.314488     8.411     8.492 10 56803.13631861 28.417
 218  65.426251  65.314415     8.411     8.444  9 56813.05196157 27.353
 219  65.427526  65.313772     8.427     8.474 10 56822.96760114 27.454
 220  65.425098  65.312072    62.179    61.671  9 56832.88323615 15.098
 221  65.423450  65.310523     8.536     8.493  9 56842.79886783 48.895
 222  65.422487  65.310365     8.421     8.414  9 56852.71450818 22.852
 223  65.424774  65.311779     8.295     8.380 10 56862.63016262 23.855
 224  65.424395  65.312927     8.033     7.976  9 56872.54581626 24.986
 225  65.425931  65.313487     7.746     7.710  9 56882.46146695 51.956
 226  65.426141  65.313357     7.252     7.088  9 56892.37711389 20.490
 227  65.424708  65.313019     6.508     6.623  9 56902.29275756 26.328
 228  65.425803  65.314042     5.816     6.152  9 56912.20839958 26.836
 229  65.429013  65.315438     5.759     5.996  9 56922.12404017 27.843
 230  65.430184  65.316262     5.610     6.002 10 56932.03967828 27.596
 231  65.430180  65.315712     6.815     6.999  9 56941.95531099 24.104
 232  65.428086  65.314585     4.753     4.738  9 56951.87095327 42.778
 233  65.425974  65.313856     4.924     4.953 10 56961.78660411 41.098
 234  65.426594  65.313925     5.704     6.246  9 56971.70225033 26.372
 235  65.427814  65.314067     6.416     6.392  9 56981.61789254 22.212
 236  65.425157  65.313157     6.357     6.430  9 56991.53352989 21.269
 237  65.424217  65.311468     6.658     6.452  9 57001.44916175 20.324
 238  65.425287  65.311100     5.971     6.021  9 57011.36481941 21.413
 239  65.423596  65.310771     6.176     6.025  9 57021.28047096 20.125
 240  65.424798  65.311861     6.549     6.495  9 57031.19611994 19.218
 241  65.426747  65.313075     6.430     6.647 10 57041.11176707 20.144
 242  65.426921  65.313599     6.573     6.506  9 57051.02741189 17.924
 243  65.425029  65.312782     6.429     6.483  9 57060.94305228 17.785
 244  65.424960  65.312069     6.323     6.528 10 57070.85868731 17.833
 245  65.423221  65.311894     6.156     6.251  9 57080.77431793 18.896
 246  65.426686  65.313713     6.338     6.351  9 57090.68995979 18.671
 247  65.429009  65.316023     5.683     5.704 10 57100.60561784 18.516
 248  65.432367  65.317079     6.685     6.898 10 57110.52127279 16.247
 249  65.427735  65.315519     7.960     7.862 10 57120.43692124  9.942
 250  65.428240  65.314122     3.002     3.013 10 57130.35256436 18.910
