# NaN NaN NaN ;Mean Elev.(m), Avg Gradient(m/km), RMS Gradient(m/km) - SRTM1     
#   56.518  -0.911   4.012 ;Mean Elev.(m), Avg Gradient(m/km), RMS Gradient(m/km) - ASTER GDEM
#   58.832  -0.804   1.871 ;Mean Elev.(m), Avg Gradient(m/km), RMS Gradient(m/km) - GMTED2010 
   2    64.207 54672.12830023 47.96  84.242363  57.255690   -100 -100.00 -100.00 -100.00
   2    64.050 54672.12830083 51.82  84.245899  57.257492   -100 -100.00 -100.00 -100.00
   3   -31.654 54682.04394347  0.87  84.238295  57.255604  3.874 -100.00 -100.00 -100.00
   3   -30.607 54682.04394406  1.38  84.241832  57.257406  3.581 -100.00 -100.00 -100.00
   4    63.890 54691.95958585 46.99  84.238334  57.255664   -100 -100.00 -100.00 -100.00
   4    63.497 54691.95958644 53.03  84.241870  57.257466 12.399 -100.00 -100.00 -100.00
   5   -28.742 54701.87522594  1.51  84.241299  57.254825  2.369 -100.00 -100.00 -100.00
   5   -27.913 54701.87522653  1.77  84.244835  57.256627  3.013 -100.00 -100.00 -100.00
   6    63.728 54711.79087377 43.86  84.244621  57.254291   -100 -100.00 -100.00 -100.00
   6    63.320 54711.79087436 47.16  84.248157  57.256093 15.930 -100.00 -100.00 -100.00
   7   -24.224 54721.70652511  4.76  84.247290  57.255096  3.165 -100.00 -100.00 -100.00
   7   -24.244 54721.70652570  4.61  84.250826  57.256898  3.255 -100.00 -100.00 -100.00
   8    66.614 54731.62217350 28.43  84.245557  57.255318 26.566 -100.00 -100.00 -100.00
   8    66.104 54731.62217409 26.84  84.249093  57.257120 21.804 -100.00 -100.00 -100.00
   9    64.871 54741.53781990 47.93  84.239864  57.254756 32.278 -100.00 -100.00 -100.00
   9    64.589 54741.53782049 52.84  84.243400  57.256558   -100 -100.00 -100.00 -100.00
  10    67.333 54751.45346676 26.00  84.237993  57.255071 19.879 -100.00 -100.00 -100.00
  10    67.246 54751.45346735 26.18  84.241529  57.256873 21.605 -100.00 -100.00 -100.00
  10    66.721 54751.45346794 25.35  84.245066  57.258675 16.897 -100.00 -100.00 -100.00
  11    63.767 54761.36911371 42.93  84.238992  57.255403  3.222 -100.00 -100.00 -100.00
  11    63.882 54761.36911430 45.30  84.242529  57.257205 14.741 -100.00 -100.00 -100.00
  12    67.346 54771.28475848 28.16  84.242838  57.255567 21.616 -100.00 -100.00 -100.00
  12    63.541 54771.28475907 32.96  84.246375  57.257370   -100 -100.00 -100.00 -100.00
  13    67.930 54781.20039966 23.00  84.244131  57.254489 11.401 -100.00 -100.00 -100.00
  13    67.955 54781.20040025 23.27  84.247668  57.256292 11.981 -100.00 -100.00 -100.00
  14    64.342 54791.11603819 41.88  84.244906  57.253845   -100 -100.00 -100.00 -100.00
  14    64.091 54791.11603878 43.70  84.248443  57.255648   -100 -100.00 -100.00 -100.00
  17    64.215 54820.86295271 26.48  84.243184  57.253552 16.018 -100.00 -100.00 -100.00
  17    64.421 54820.86295330 27.24  84.246720  57.255354 16.123 -100.00 -100.00 -100.00
  17    64.166 54820.86295389 31.90  84.250257  57.257156   -100 -100.00 -100.00 -100.00
  18    64.000 54830.77860480 24.32  84.242544  57.254077 13.573 -100.00 -100.00 -100.00
  18    63.955 54830.77860539 25.11  84.246080  57.255880 14.323 -100.00 -100.00 -100.00
  19    63.901 54840.69424344 22.74  84.240978  57.255025 12.266 -100.00 -100.00 -100.00
  19    63.823 54840.69424403 25.83  84.244514  57.256827 20.345 -100.00 -100.00 -100.00
  20    63.608 54850.60989183 27.92  84.234752  57.254897 26.952 -100.00 -100.00 -100.00
  20    63.784 54850.60989242 26.36  84.238288  57.256699 18.319 -100.00 -100.00 -100.00
  20    63.494 54850.60989301 27.11  84.241825  57.258501 24.355 -100.00 -100.00 -100.00
  21    63.478 54860.52554041 30.24  84.231732  57.256341   -100 -100.00 -100.00 -100.00
  21    63.527 54860.52554100 29.08  84.235269  57.258144 30.699 -100.00 -100.00 -100.00
  21    63.382 54860.52554159 31.33  84.238805  57.259946   -100 -100.00 -100.00 -100.00
  22    63.526 54870.44118898 28.95  84.229228  57.256439 32.232 -100.00 -100.00 -100.00
  22    63.492 54870.44118957 28.95  84.232764  57.258241 31.822 -100.00 -100.00 -100.00
  22    63.248 54870.44119016 30.17  84.236301  57.260043   -100 -100.00 -100.00 -100.00
  23    63.434 54880.35683674 23.92  84.232308  57.256269 15.828 -100.00 -100.00 -100.00
  23    65.754 54880.35683733 22.22  84.235844  57.258072 12.737 -100.00 -100.00 -100.00
  23    66.004 54880.35683792 20.14  84.239382  57.259874  7.951 -100.00 -100.00 -100.00
  24    63.417 54890.27248108 22.70  84.236080  57.254500 13.788 -100.00 -100.00 -100.00
  24    66.340 54890.27248167 21.35  84.239616  57.256303 11.652 -100.00 -100.00 -100.00
  24    66.089 54890.27248226 20.66  84.243154  57.258105  9.844 -100.00 -100.00 -100.00
  25    66.185 54900.18812277 22.33  84.241474  57.254822 13.503 -100.00 -100.00 -100.00
  25    66.084 54900.18812336 20.20  84.245011  57.256624  8.902 -100.00 -100.00 -100.00
  26    63.766 54910.10376152 25.20  84.239696  57.254607 20.430 -100.00 -100.00 -100.00
  26    63.921 54910.10376211 25.93  84.243233  57.256409 22.098 -100.00 -100.00 -100.00
  26    63.742 54910.10376270 25.88  84.246771  57.258211 22.707 -100.00 -100.00 -100.00
  27    63.921 54920.01939892 35.35  84.236824  57.254953  1.131 -100.00 -100.00 -100.00
  27    64.216 54920.01939951 34.75  84.240361  57.256756   -100 -100.00 -100.00 -100.00
  27    64.110 54920.01940010 35.25  84.243898  57.258558   -100 -100.00 -100.00 -100.00
  28    66.470 54929.93503621 38.33  84.237658  57.255289   -100 -100.00 -100.00 -100.00
  28    66.434 54929.93503680 38.80  84.241194  57.257091   -100 -100.00 -100.00 -100.00
  28    66.406 54929.93503739 36.76  84.244731  57.258894   -100 -100.00 -100.00 -100.00
  29    67.492 54939.85067288 31.67  84.244099  57.255302 26.841 -100.00 -100.00 -100.00
  29    67.719 54939.85067347 27.85  84.247636  57.257104 15.076 -100.00 -100.00 -100.00
  30    68.296 54949.76630777 47.97  84.250589  57.254236   -100 -100.00 -100.00 -100.00
  30    68.077 54949.76630836 49.93  84.254125  57.256037 15.432 -100.00 -100.00 -100.00
  31    69.905 54959.68194604 40.02  84.251240  57.252344   -100 -100.00 -100.00 -100.00
  31    69.923 54959.68194663 34.40  84.254776  57.254146 15.922 -100.00 -100.00 -100.00
  31    69.967 54959.68194722 35.11  84.258313  57.255948 19.240 -100.00 -100.00 -100.00
  32    68.925 54969.59759431 37.63  84.247690  57.252678 31.271 -100.00 -100.00 -100.00
  32    68.883 54969.59759490 34.56  84.251226  57.254480 21.798 -100.00 -100.00 -100.00
  32    68.869 54969.59759549 38.68  84.254762  57.256282   -100 -100.00 -100.00 -100.00
  33    68.955 54979.51324205 29.27  84.246563  57.255060 11.947 -100.00 -100.00 -100.00
  33    69.697 54979.51324264 27.50  84.250100  57.256862  9.376 -100.00 -100.00 -100.00
  34    67.884 54989.42888919 35.85  84.243225  57.255556   -100 -100.00 -100.00 -100.00
  34    67.964 54989.42888978 40.50  84.246761  57.257358   -100 -100.00 -100.00 -100.00
  35    67.090 54999.34453617 33.19  84.240121  57.254506 26.166 -100.00 -100.00 -100.00
  35    66.980 54999.34453676 36.10  84.243657  57.256308   -100 -100.00 -100.00 -100.00
  35    67.118 54999.34453735 39.76  84.247194  57.258110   -100 -100.00 -100.00 -100.00
  36    68.279 55009.26018190 24.68  84.240727  57.254991 10.982 -100.00 -100.00 -100.00
  36    68.692 55009.26018249 23.30  84.244263  57.256793  8.814 -100.00 -100.00 -100.00
  37    66.531 55019.17582571 33.01  84.240485  57.255137 14.855 -100.00 -100.00 -100.00
  37    66.367 55019.17582630 34.33  84.244022  57.256940 21.680 -100.00 -100.00 -100.00
  38    66.161 55029.09146813 49.30  84.239101  57.256083  7.657 -100.00 -100.00 -100.00
  38    66.271 55029.09146872 53.31  84.242637  57.257885 22.862 -100.00 -100.00 -100.00
  39    65.746 55039.00710958 48.26  84.235654  57.256048   -100 -100.00 -100.00 -100.00
  39    65.426 55039.00711017 52.33  84.239191  57.257851 19.843 -100.00 -100.00 -100.00
  39    65.520 55039.00711076 53.96  84.242727  57.259653   -100 -100.00 -100.00 -100.00
  40    67.726 55048.92275001 24.15  84.235748  57.255783 13.154 -100.00 -100.00 -100.00
  40    64.572 55048.92275060 28.50  84.239284  57.257585 27.012 -100.00 -100.00 -100.00
  40    64.790 55048.92275119 33.93  84.242821  57.259387   -100 -100.00 -100.00 -100.00
  41    64.719 55058.83838879 44.13  84.241070  57.255138   -100 -100.00 -100.00 -100.00
  41    64.842 55058.83838938 51.45  84.244605  57.256940   -100 -100.00 -100.00 -100.00
  42    64.911 55068.75402824 43.82  84.247421  57.254187   -100 -100.00 -100.00 -100.00
  42    64.782 55068.75402883 49.44  84.250957  57.255989   -100 -100.00 -100.00 -100.00
  43    65.175 55078.66967813 43.34  84.248933  57.253875   -100 -100.00 -100.00 -100.00
  43    65.164 55078.66967872 45.11  84.252469  57.255677   -100 -100.00 -100.00 -100.00
  44    64.735 55088.58532557 46.09  84.245504  57.254172   -100 -100.00 -100.00 -100.00
  44    64.527 55088.58532616 49.41  84.249040  57.255974   -100 -100.00 -100.00 -100.00
  45    64.362 55098.50097174 49.39  84.241127  57.255465   -100 -100.00 -100.00 -100.00
  45    64.031 55098.50097233 53.39  84.244664  57.257267   -100 -100.00 -100.00 -100.00
  46    67.559 55108.41661734 24.79  84.237335  57.255676 13.091 -100.00 -100.00 -100.00
  46    67.115 55108.41661793 25.85  84.240872  57.257478 16.477 -100.00 -100.00 -100.00
  47    67.175 55118.33226261 28.63  84.240432  57.256040 26.448 -100.00 -100.00 -100.00
  47    66.945 55118.33226320 26.70  84.243968  57.257842 16.152 -100.00 -100.00 -100.00
  48    67.782 55128.24790526 28.30  84.244005  57.254593 17.424 -100.00 -100.00 -100.00
  48    68.113 55128.24790586 26.81  84.247542  57.256395 13.365 -100.00 -100.00 -100.00
  49    66.196 55138.16354568 37.00  84.246460  57.253514 30.966 -100.00 -100.00 -100.00
  49    65.769 55138.16354627 40.08  84.249997  57.255316  3.945 -100.00 -100.00 -100.00
  50    67.916 55148.07918452 36.97  84.247248  57.254267   -100 -100.00 -100.00 -100.00
  50    68.190 55148.07918511 38.14  84.250785  57.256069   -100 -100.00 -100.00 -100.00
  51    66.291 55157.99482221 33.68  84.243796  57.254530   -100 -100.00 -100.00 -100.00
  51    66.331 55157.99482280 35.01  84.247333  57.256332   -100 -100.00 -100.00 -100.00
  52    66.476 55167.91046008 27.71  84.243443  57.255589 16.374 -100.00 -100.00 -100.00
  52    66.509 55167.91046067 28.63  84.246979  57.257391 18.646 -100.00 -100.00 -100.00
  53    66.073 55177.82609732 27.70  84.244967  57.255671 19.653 -100.00 -100.00 -100.00
  53    65.914 55177.82609791 27.95  84.248504  57.257473 19.244 -100.00 -100.00 -100.00
  54    66.185 55187.74174157 24.23  84.245781  57.255080 14.032 -100.00 -100.00 -100.00
  54    67.605 55187.74174216 22.39  84.249318  57.256882 11.174 -100.00 -100.00 -100.00
  55    66.741 55197.65739229 21.20  84.244210  57.255671  8.892 -100.00 -100.00 -100.00
  55    66.011 55197.65739288 21.12  84.247747  57.257473  9.578 -100.00 -100.00 -100.00
  56    65.337 55207.57304149 22.91  84.237945  57.255375 13.400 -100.00 -100.00 -100.00
  56    66.387 55207.57304208 20.89  84.241481  57.257177  9.704 -100.00 -100.00 -100.00
  56    65.979 55207.57304267 20.48  84.245018  57.258980  8.212 -100.00 -100.00 -100.00
  57    66.396 55217.48869040 20.56  84.233029  57.255654  9.677 -100.00 -100.00 -100.00
  57    65.991 55217.48869099 22.44  84.236566  57.257457 12.478 -100.00 -100.00 -100.00
  57    66.472 55217.48869158 19.79  84.240103  57.259259  7.641 -100.00 -100.00 -100.00
  58    66.361 55227.40433883 18.84  84.230722  57.255319  7.550 -100.00 -100.00 -100.00
  58    66.287 55227.40433942 18.98  84.234258  57.257121  7.351 -100.00 -100.00 -100.00
  58    66.433 55227.40434001 18.93  84.237795  57.258924  7.333 -100.00 -100.00 -100.00
  59    66.710 55237.31998497 18.34  84.233971  57.254993  6.930 -100.00 -100.00 -100.00
  59    66.636 55237.31998556 18.13  84.237508  57.256796  6.081 -100.00 -100.00 -100.00
  59    66.993 55237.31998615 18.95  84.241045  57.258598  7.434 -100.00 -100.00 -100.00
  60    66.607 55247.23562771 19.85  84.239348  57.254117  9.376 -100.00 -100.00 -100.00
  60    66.429 55247.23562830 18.69  84.242885  57.255919  8.552 -100.00 -100.00 -100.00
  60    66.706 55247.23562889 17.91  84.246423  57.257721  6.925 -100.00 -100.00 -100.00
  61    67.008 55257.15126795 16.67  84.244004  57.254373  4.975 -100.00 -100.00 -100.00
  61    67.701 55257.15126854 16.76  84.247542  57.256175  5.201 -100.00 -100.00 -100.00
  62    66.421 55267.06690692 16.77  84.244999  57.255550  5.677 -100.00 -100.00 -100.00
  62    66.219 55267.06690751 16.31  84.248536  57.257352  5.207 -100.00 -100.00 -100.00
  63    66.567 55276.98254441 19.36  84.239808  57.254963 10.213 -100.00 -100.00 -100.00
  63    66.437 55276.98254500 18.37  84.243345  57.256765  7.729 -100.00 -100.00 -100.00
  64    65.110 55286.89818145 18.17  84.240570  57.255395 12.927 -100.00 -100.00 -100.00
  64    65.225 55286.89818204 17.81  84.244107  57.257197 12.790 -100.00 -100.00 -100.00
  65    68.263 55296.81381607 10.20  84.243063  57.253627  3.596 -100.00 -100.00 -100.00
  65    67.854 55296.81381666 11.65  84.246599  57.255429  5.501 -100.00 -100.00 -100.00
  65    68.286 55296.81381725 10.82  84.250136  57.257231  4.202 -100.00 -100.00 -100.00
  66    66.376 55306.72945700 38.92  84.247478  57.252570   -100 -100.00 -100.00 -100.00
  66    64.989 55306.72945759 39.00  84.251015  57.254372   -100 -100.00 -100.00 -100.00
  66    64.779 55306.72945818 41.27  84.254551  57.256174  9.617 -100.00 -100.00 -100.00
  67    71.396 55316.64510373 40.29  84.248696  57.252610 30.502 -100.00 -100.00 -100.00
  67    71.472 55316.64510432 41.31  84.252232  57.254412   -100 -100.00 -100.00 -100.00
  67    71.233 55316.64510491 45.12  84.255769  57.256214  2.557 -100.00 -100.00 -100.00
  68    70.778 55326.56074942 37.10  84.248550  57.254371 20.898 -100.00 -100.00 -100.00
  68    70.710 55326.56075001 36.04  84.252087  57.256172 20.364 -100.00 -100.00 -100.00
  69    70.366 55336.47639326 51.24  84.241810  57.253928   -100 -100.00 -100.00 -100.00
  69    70.351 55336.47639385 53.41  84.245347  57.255730 14.584 -100.00 -100.00 -100.00
  69    70.357 55336.47639444 56.27  84.248883  57.257532 30.423 -100.00 -100.00 -100.00
  70    69.794 55346.39203720 36.27  84.239113  57.254733 30.667 -100.00 -100.00 -100.00
  70    69.729 55346.39203779 35.91  84.242649  57.256535 27.826 -100.00 -100.00 -100.00
  70    69.788 55346.39203838 34.92  84.246185  57.258337 21.541 -100.00 -100.00 -100.00
  71    70.182 55356.30767980 37.24  84.237854  57.254420 28.098 -100.00 -100.00 -100.00
  71    70.190 55356.30768039 35.25  84.241390  57.256223 19.901 -100.00 -100.00 -100.00
  71    70.237 55356.30768098 34.64  84.244926  57.258025 17.479 -100.00 -100.00 -100.00
  72    69.376 55366.22332096 43.38  84.241121  57.255511   -100 -100.00 -100.00 -100.00
  72    69.406 55366.22332155 36.78  84.244658  57.257314 29.091 -100.00 -100.00 -100.00
  73    68.376 55376.13895984 49.63  84.240144  57.254277   -100 -100.00 -100.00 -100.00
  73    68.119 55376.13896044 52.66  84.243681  57.256079   -100 -100.00 -100.00 -100.00
  73    68.071 55376.13896103 54.44  84.247217  57.257881   -100 -100.00 -100.00 -100.00
  74    68.892 55386.05459827 48.11  84.242131  57.255143   -100 -100.00 -100.00 -100.00
  74    68.822 55386.05459886 49.55  84.245667  57.256945 14.075 -100.00 -100.00 -100.00
  75    69.742 55395.97023530 28.79  84.241439  57.254657 13.241 -100.00 -100.00 -100.00
  75    69.412 55395.97023589 28.21  84.244975  57.256459 13.522 -100.00 -100.00 -100.00
  76    69.321 55405.88587653 28.58  84.244808  57.255590 15.298 -100.00 -100.00 -100.00
  76    69.252 55405.88587712 27.82  84.248344  57.257392 15.489 -100.00 -100.00 -100.00
  77    66.081 55415.80152735 44.33  84.242834  57.254224   -100 -100.00 -100.00 -100.00
  77    65.996 55415.80152794 48.41  84.246370  57.256026  7.657 -100.00 -100.00 -100.00
  78    65.944 55425.71717562 46.19  84.246009  57.254356   -100 -100.00 -100.00 -100.00
  78    66.164 55425.71717621 50.54  84.249545  57.256158   -100 -100.00 -100.00 -100.00
  79    64.666 55435.63282130 36.10  84.248551  57.254753 27.058 -100.00 -100.00 -100.00
  79    64.727 55435.63282189 38.82  84.252087  57.256555   -100 -100.00 -100.00 -100.00
  80    64.023 55445.54846492 45.41  84.244323  57.253743  2.520 -100.00 -100.00 -100.00
  80    64.049 55445.54846551 46.35  84.247859  57.255545  3.045 -100.00 -100.00 -100.00
  81    63.788 55455.46410862 38.84  84.243915  57.255752   -100 -100.00 -100.00 -100.00
  81    63.846 55455.46410921 35.13  84.247452  57.257554   -100 -100.00 -100.00 -100.00
  82    63.823 55465.37975104 34.74  84.240859  57.255474   -100 -100.00 -100.00 -100.00
  82    63.831 55465.37975163 32.50  84.244396  57.257276   -100 -100.00 -100.00 -100.00
  83    63.952 55475.29539104 34.96  84.243365  57.255122   -100 -100.00 -100.00 -100.00
  83    63.949 55475.29539163 33.73  84.246901  57.256925   -100 -100.00 -100.00 -100.00
  84    64.054 55485.21102797 46.20  84.247639  57.253952   -100 -100.00 -100.00 -100.00
  84    64.204 55485.21102856 49.61  84.251176  57.255754   -100 -100.00 -100.00 -100.00
  85    63.799 55495.12666265 43.25  84.250872  57.253019  1.832 -100.00 -100.00 -100.00
  85    63.813 55495.12666324 40.86  84.254409  57.254821   -100 -100.00 -100.00 -100.00
  85    63.929 55495.12666383 46.04  84.257946  57.256623 23.025 -100.00 -100.00 -100.00
  86    68.099 55505.04229594 36.98  84.249433  57.252257   -100 -100.00 -100.00 -100.00
  86    67.864 55505.04229653 31.28  84.252969  57.254060 31.977 -100.00 -100.00 -100.00
  86    67.931 55505.04229712 28.04  84.256506  57.255862 20.446 -100.00 -100.00 -100.00
  87    63.702 55514.95794628 42.31  84.245614  57.254180   -100 -100.00 -100.00 -100.00
  87    63.507 55514.95794687 43.26  84.249151  57.255982  0.772 -100.00 -100.00 -100.00
  88    64.328 55524.87359560 41.18  84.241922  57.255227   -100 -100.00 -100.00 -100.00
  88    64.318 55524.87359619 43.48  84.245458  57.257029 11.092 -100.00 -100.00 -100.00
  89    66.695 55534.78924265 24.90  84.237512  57.254300 11.787 -100.00 -100.00 -100.00
  89    67.690 55534.78924324 23.88  84.241048  57.256102 10.278 -100.00 -100.00 -100.00
  89    64.525 55534.78924383 25.16  84.244585  57.257905 12.842 -100.00 -100.00 -100.00
  90    66.396 55544.70488858 23.61  84.238856  57.255175 13.456 -100.00 -100.00 -100.00
  90    64.328 55544.70488917 24.93  84.242392  57.256977 15.681 -100.00 -100.00 -100.00
  91    64.336 55554.62053211 24.30  84.236522  57.254465 16.491 -100.00 -100.00 -100.00
  91    65.976 55554.62053270 24.54  84.240058  57.256268 17.161 -100.00 -100.00 -100.00
  91    64.310 55554.62053329 24.19  84.243595  57.258070 15.925 -100.00 -100.00 -100.00
  92    66.224 55564.53617543 21.96  84.237830  57.256068 12.017 -100.00 -100.00 -100.00
  92    66.306 55564.53617602 20.74  84.241367  57.257870  8.816 -100.00 -100.00 -100.00
  93    66.791 55574.45181790 20.97  84.238343  57.256100 10.681 -100.00 -100.00 -100.00
  93    67.409 55574.45181849 19.52  84.241880  57.257903  7.605 -100.00 -100.00 -100.00
  94    67.025 55584.36745867 19.95  84.239178  57.254610  8.012 -100.00 -100.00 -100.00
  94    67.162 55584.36745926 20.85  84.242715  57.256412  9.636 -100.00 -100.00 -100.00
  94    67.756 55584.36745986 20.16  84.246252  57.258214  8.504 -100.00 -100.00 -100.00
  95    66.398 55594.28309668 21.54  84.244905  57.254490 12.056 -100.00 -100.00 -100.00
  95    67.532 55594.28309727 20.82  84.248442  57.256292 10.070 -100.00 -100.00 -100.00
  96    63.917 55604.19873128 22.21  84.250107  57.254331 12.759 -100.00 -100.00 -100.00
  96    63.886 55604.19873187 23.23  84.253644  57.256133 14.927 -100.00 -100.00 -100.00
  97    64.019 55614.11436331 24.33  84.252083  57.253724 16.779 -100.00 -100.00 -100.00
  97    63.834 55614.11436390 27.59  84.255620  57.255526 28.087 -100.00 -100.00 -100.00
  98    64.211 55624.03000125 25.15  84.251420  57.253685 19.400 -100.00 -100.00 -100.00
  98    64.015 55624.03000184 24.78  84.254956  57.255487 19.401 -100.00 -100.00 -100.00
  99    64.486 55633.94565332 25.80  84.246878  57.253947 21.777 -100.00 -100.00 -100.00
  99    64.227 55633.94565391 27.29  84.250415  57.255749 29.591 -100.00 -100.00 -100.00
 100    64.398 55643.86130323 25.78  84.244252  57.253658 25.668 -100.00 -100.00 -100.00
 100    64.601 55643.86130382 27.85  84.247788  57.255461 31.659 -100.00 -100.00 -100.00
 100    64.357 55643.86130441 25.88  84.251325  57.257263 26.448 -100.00 -100.00 -100.00
 101    64.367 55653.77695105 20.32  84.247242  57.254952 21.813 -100.00 -100.00 -100.00
 101    64.488 55653.77695164 19.09  84.250779  57.256754 17.511 -100.00 -100.00 -100.00
 102    65.370 55663.69259399 38.60  84.248096  57.254371   -100 -100.00 -100.00 -100.00
 102    65.229 55663.69259458 40.93  84.251632  57.256173  2.329 -100.00 -100.00 -100.00
 103    69.918 55673.60823400 48.52  84.247663  57.254146  1.776 -100.00 -100.00 -100.00
 103    69.944 55673.60823459 50.69  84.251200  57.255948 11.946 -100.00 -100.00 -100.00
 104    69.573 55683.52387234 31.68  84.244878  57.253629 13.964 -100.00 -100.00 -100.00
 104    69.408 55683.52387293 32.33  84.248415  57.255431 17.768 -100.00 -100.00 -100.00
 104    69.379 55683.52387352 31.61  84.251951  57.257232 16.144 -100.00 -100.00 -100.00
 105    69.544 55693.43951003 30.63  84.245941  57.254950 16.269 -100.00 -100.00 -100.00
 105    70.015 55693.43951062 28.76  84.249478  57.256752 11.073 -100.00 -100.00 -100.00
 106    68.470 55703.35514598 48.39  84.246370  57.254986   -100 -100.00 -100.00 -100.00
 106    68.418 55703.35514657 54.45  84.249907  57.256788  2.811 -100.00 -100.00 -100.00
 107    69.223 55713.27079038 32.50  84.243911  57.254138 29.313 -100.00 -100.00 -100.00
 107    69.255 55713.27079097 28.56  84.247447  57.255941 16.961 -100.00 -100.00 -100.00
 108    66.996 55723.18643949 45.49  84.241273  57.254287 30.482 -100.00 -100.00 -100.00
 108    66.659 55723.18644008 50.51  84.244809  57.256089   -100 -100.00 -100.00 -100.00
 109    68.865 55733.10208656 20.25  84.238620  57.254554  6.737 -100.00 -100.00 -100.00
 109    68.986 55733.10208715 18.99  84.242156  57.256356  5.057 -100.00 -100.00 -100.00
 109    68.678 55733.10208774 20.17  84.245693  57.258158  6.463 -100.00 -100.00 -100.00
 110    65.570 55743.01773247 31.40  84.237607  57.255050 17.042 -100.00 -100.00 -100.00
 110    65.384 55743.01773306 34.66  84.241143  57.256852 31.723 -100.00 -100.00 -100.00
 110    65.712 55743.01773365 33.46  84.244680  57.258654 19.280 -100.00 -100.00 -100.00
 111    65.686 55752.93337693 48.54  84.237451  57.254683   -100 -100.00 -100.00 -100.00
 111    65.251 55752.93337752 52.81  84.240987  57.256485 30.158 -100.00 -100.00 -100.00
 111    65.204 55752.93337811 55.77  84.244524  57.258287   -100 -100.00 -100.00 -100.00
 112    65.084 55762.84901986 31.11  84.243637  57.255539 25.914 -100.00 -100.00 -100.00
 112    65.000 55762.84902045 36.59  84.247173  57.257341   -100 -100.00 -100.00 -100.00
 113    64.421 55772.76465944 45.33  84.246880  57.254474   -100 -100.00 -100.00 -100.00
 113    64.441 55772.76466003 50.62  84.250416  57.256275   -100 -100.00 -100.00 -100.00
 114    64.411 55782.68029521 46.42  84.247285  57.252666 28.006 -100.00 -100.00 -100.00
 114    64.293 55782.68029580 46.46  84.250821  57.254468 31.853 -100.00 -100.00 -100.00
 114    63.683 55782.68029639 52.81  84.254358  57.256270 29.251 -100.00 -100.00 -100.00
 115    63.834 55792.59592894 43.69  84.248652  57.252914   -100 -100.00 -100.00 -100.00
 115    63.740 55792.59592953 40.24  84.252188  57.254716   -100 -100.00 -100.00 -100.00
 115    63.891 55792.59593012 45.66  84.255724  57.256518   -100 -100.00 -100.00 -100.00
 116    63.228 55802.51156321 45.76  84.248060  57.252612   -100 -100.00 -100.00 -100.00
 116    63.442 55802.51156380 34.96  84.251596  57.254414   -100 -100.00 -100.00 -100.00
 116    64.005 55802.51156439 33.09  84.255132  57.256216 31.403 -100.00 -100.00 -100.00
 117    64.876 55812.42721363 46.56  84.248020  57.254389   -100 -100.00 -100.00 -100.00
 117    64.300 55812.42721422 50.91  84.251557  57.256191 30.158 -100.00 -100.00 -100.00
 118    63.470 55822.34286178 45.79  84.245913  57.253286  9.126 -100.00 -100.00 -100.00
 118    63.514 55822.34286237 44.43  84.249449  57.255088   -100 -100.00 -100.00 -100.00
 118    63.534 55822.34286296 49.87  84.252986  57.256891 20.624 -100.00 -100.00 -100.00
 119    63.062 55832.25850586 37.66  84.249352  57.253710  4.465 -100.00 -100.00 -100.00
 119    67.964 55832.25850645 29.05  84.252889  57.255512 20.794 -100.00 -100.00 -100.00
 120    63.050 55842.17414511 39.65  84.250740  57.253252 13.796 -100.00 -100.00 -100.00
 120    67.967 55842.17414570 28.55  84.254277  57.255055 18.690 -100.00 -100.00 -100.00
 121    63.082 55852.08978088 39.36  84.249097  57.252592  2.073 -100.00 -100.00 -100.00
 121    67.821 55852.08978147 33.02  84.252634  57.254394   -100 -100.00 -100.00 -100.00
 121    63.661 55852.08978206 34.74  84.256171  57.256197   -100 -100.00 -100.00 -100.00
 122    67.675 55862.00541499 32.37  84.250232  57.254276   -100 -100.00 -100.00 -100.00
 122    67.570 55862.00541558 30.75  84.253769  57.256079   -100 -100.00 -100.00 -100.00
 123    67.529 55871.92106905 28.13  84.244702  57.255081 15.800 -100.00 -100.00 -100.00
 123    63.588 55871.92106964 31.30  84.248239  57.256883 23.348 -100.00 -100.00 -100.00
 133    66.360 55971.07750826 24.97  84.245639  57.254398 14.964 -100.00 -100.00 -100.00
 133    66.103 55971.07750885 23.97  84.249176  57.256200 13.849 -100.00 -100.00 -100.00
 134    62.991 55980.99314390 26.52  84.242870  57.253882 19.059 -100.00 -100.00 -100.00
 134    63.211 55980.99314449 26.71  84.246407  57.255684 19.173 -100.00 -100.00 -100.00
 135    63.273 55990.90877925 27.89  84.247778  57.254654 23.984 -100.00 -100.00 -100.00
 135    65.907 55990.90877984 23.67  84.251314  57.256457 12.000 -100.00 -100.00 -100.00
 136    63.675 56000.82442436 25.39  84.248954  57.253802 18.456 -100.00 -100.00 -100.00
 136    63.605 56000.82442495 24.68  84.252490  57.255604 16.789 -100.00 -100.00 -100.00
 137    63.672 56010.74007476 23.76  84.250589  57.254062   -100 -100.00 -100.00 -100.00
 137    63.555 56010.74007535 21.37  84.254126  57.255864   -100 -100.00 -100.00 -100.00
 138    63.832 56020.65572098 30.57  84.248888  57.254088   -100 -100.00 -100.00 -100.00
 138    63.962 56020.65572157 27.35  84.252424  57.255890 31.935 -100.00 -100.00 -100.00
 139    67.574 56030.57136440 45.79  84.246026  57.255145 24.487 -100.00 -100.00 -100.00
 139    66.791 56030.57136499 57.04  84.249562  57.256947   -100 -100.00 -100.00 -100.00
 141    68.763 56050.40264483 26.72  84.238869  57.254750 14.346 -100.00 -100.00 -100.00
 141    69.640 56050.40264542 24.73  84.242405  57.256552  8.361 -100.00 -100.00 -100.00
 141    70.274 56050.40264601 25.77  84.245942  57.258354  8.846 -100.00 -100.00 -100.00
 142    68.331 56060.31828176 29.22  84.240640  57.254257 20.061 -100.00 -100.00 -100.00
 142    69.019 56060.31828235 26.34  84.244176  57.256060 11.472 -100.00 -100.00 -100.00
 142    70.179 56060.31828294 27.15  84.247713  57.257862 14.093 -100.00 -100.00 -100.00
 143    65.304 56070.23391870 44.69  84.245127  57.253872   -100 -100.00 -100.00 -100.00
 143    65.173 56070.23391929 45.94  84.248664  57.255674   -100 -100.00 -100.00 -100.00
 144    64.841 56080.14956940 44.82  84.242710  57.254014   -100 -100.00 -100.00 -100.00
 144    64.648 56080.14956999 45.49  84.246246  57.255816  7.551 -100.00 -100.00 -100.00
 145    64.347 56090.06521753 46.83  84.240856  57.255351   -100 -100.00 -100.00 -100.00
 145    63.939 56090.06521813 53.03  84.244392  57.257153 30.850 -100.00 -100.00 -100.00
 146    64.206 56099.98086287 47.74  84.237751  57.255540   -100 -100.00 -100.00 -100.00
 146    63.619 56099.98086346 53.06  84.241287  57.257343 29.419 -100.00 -100.00 -100.00
 147    63.511 56109.89649434 37.61  84.238325  57.255065   -100 -100.00 -100.00 -100.00
 147    63.681 56109.89649493 38.50  84.241862  57.256868   -100 -100.00 -100.00 -100.00
 147    63.597 56109.89649552 40.74  84.245398  57.258670 12.437 -100.00 -100.00 -100.00
 148    63.592 56119.81213503 44.45  84.245598  57.255232   -100 -100.00 -100.00 -100.00
 148    63.697 56119.81213562 49.77  84.249134  57.257034   -100 -100.00 -100.00 -100.00
 149    64.482 56129.72777174 44.62  84.251500  57.253898   -100 -100.00 -100.00 -100.00
 149    64.143 56129.72777233 51.05  84.255036  57.255700 23.700 -100.00 -100.00 -100.00
 150    63.912 56139.64340530 36.66  84.255024  57.253505   -100 -100.00 -100.00 -100.00
 150    64.205 56139.64340589 37.81  84.258561  57.255307   -100 -100.00 -100.00 -100.00
 151    63.667 56149.55905440 42.42  84.246521  57.252873   -100 -100.00 -100.00 -100.00
 151    63.403 56149.55905499 39.40  84.250057  57.254675   -100 -100.00 -100.00 -100.00
 151    63.516 56149.55905558 43.84  84.253593  57.256476 15.806 -100.00 -100.00 -100.00
 152    63.125 56159.47470378 34.80  84.244174  57.255314   -100 -100.00 -100.00 -100.00
 152    63.724 56159.47470437 30.82  84.247710  57.257116 31.090 -100.00 -100.00 -100.00
 153    63.735 56169.39035114 43.45  84.239999  57.254179   -100 -100.00 -100.00 -100.00
 153    63.817 56169.39035173 46.80  84.243536  57.255981   -100 -100.00 -100.00 -100.00
 153    63.295 56169.39035232 52.06  84.247072  57.257783 24.200 -100.00 -100.00 -100.00
 154    63.336 56179.30599606 41.95  84.244290  57.254331 13.868 -100.00 -100.00 -100.00
 154    63.384 56179.30599666 37.31  84.247827  57.256133   -100 -100.00 -100.00 -100.00
 155    63.491 56189.22163683 34.93  84.249621  57.254483  2.020 -100.00 -100.00 -100.00
 155    63.945 56189.22163742 33.65  84.253157  57.256285   -100 -100.00 -100.00 -100.00
 156    67.618 56199.13727384 29.25  84.250332  57.254025   -100 -100.00 -100.00 -100.00
 156    63.769 56199.13727443 33.75  84.253869  57.255827  3.888 -100.00 -100.00 -100.00
 157    63.591 56209.05290749 44.97  84.245821  57.253010 31.551 -100.00 -100.00 -100.00
 157    63.615 56209.05290808 39.08  84.249358  57.254813 12.051 -100.00 -100.00 -100.00
 157    63.833 56209.05290867 31.82  84.252894  57.256615   -100 -100.00 -100.00 -100.00
 158    64.322 56218.96854002 41.50  84.245362  57.254261 25.596 -100.00 -100.00 -100.00
 158    63.862 56218.96854061 44.79  84.248898  57.256064   -100 -100.00 -100.00 -100.00
 159    65.913 56228.88418662 34.72  84.242169  57.254708   -100 -100.00 -100.00 -100.00
 159    66.645 56228.88418721 28.50  84.245705  57.256511 18.286 -100.00 -100.00 -100.00
 160    63.896 56238.79984005 39.82  84.240081  57.254147   -100 -100.00 -100.00 -100.00
 160    64.482 56238.79984064 40.58  84.243617  57.255949 22.002 -100.00 -100.00 -100.00
 160    64.274 56238.79984123 43.71  84.247154  57.257751   -100 -100.00 -100.00 -100.00
 161    64.769 56248.71549036 37.12  84.242969  57.255367   -100 -100.00 -100.00 -100.00
 161    64.512 56248.71549095 37.28  84.246505  57.257169   -100 -100.00 -100.00 -100.00
 162    63.989 56258.63113523 26.67  84.242161  57.254678 15.604 -100.00 -100.00 -100.00
 162    64.132 56258.63113582 26.70  84.245697  57.256480 15.947 -100.00 -100.00 -100.00
 163    66.092 56268.54677700 21.90  84.239090  57.254145  9.765 -100.00 -100.00 -100.00
 163    66.331 56268.54677759 22.44  84.242627  57.255947  9.849 -100.00 -100.00 -100.00
 163    66.082 56268.54677818 22.18  84.246163  57.257749  9.838 -100.00 -100.00 -100.00
 164    67.072 56278.46241798 20.89  84.241460  57.256031  8.682 -100.00 -100.00 -100.00
 164    67.502 56278.46241857 20.87  84.244997  57.257833  7.741 -100.00 -100.00 -100.00
 165    66.969 56288.37806735 19.68  84.239556  57.255737  6.284 -100.00 -100.00 -100.00
 165    67.251 56288.37806794 19.58  84.243093  57.257539  6.999 -100.00 -100.00 -100.00
 166    67.323 56298.29371622 19.74  84.240407  57.254258  7.428 -100.00 -100.00 -100.00
 166    67.343 56298.29371681 19.88  84.243943  57.256060  6.760 -100.00 -100.00 -100.00
 166    67.712 56298.29371740 19.59  84.247480  57.257862  6.972 -100.00 -100.00 -100.00
 167    67.127 56308.20936177 19.50  84.245693  57.254460  8.105 -100.00 -100.00 -100.00
 167    67.801 56308.20936236 18.04  84.249230  57.256263  5.713 -100.00 -100.00 -100.00
 168    67.271 56318.12500395 18.73  84.245540  57.253511  6.467 -100.00 -100.00 -100.00
 168    67.604 56318.12500454 17.97  84.249077  57.255313  5.874 -100.00 -100.00 -100.00
 168    68.015 56318.12500513 18.32  84.252615  57.257115  5.652 -100.00 -100.00 -100.00
 169    67.391 56328.04064501 19.35  84.244481  57.254894  7.348 -100.00 -100.00 -100.00
 169    68.170 56328.04064561 18.25  84.248018  57.256696  5.240 -100.00 -100.00 -100.00
 170    66.444 56337.95628445 20.54  84.240110  57.254391  8.519 -100.00 -100.00 -100.00
 170    63.303 56337.95628504 22.61  84.243646  57.256193 11.848 -100.00 -100.00 -100.00
 170    65.928 56337.95628563 20.93  84.247183  57.257996  8.438 -100.00 -100.00 -100.00
 171    64.243 56347.87192251 20.36  84.240891  57.254131 10.523 -100.00 -100.00 -100.00
 171    66.399 56347.87192310 20.02  84.244428  57.255933  9.459 -100.00 -100.00 -100.00
 171    65.969 56347.87192369 20.53  84.247965  57.257735  9.983 -100.00 -100.00 -100.00
 172    67.935 56357.78755824 15.82  84.246433  57.253584  5.814 -100.00 -100.00 -100.00
 172    68.122 56357.78755883 17.03  84.249970  57.255386  7.405 -100.00 -100.00 -100.00
 173    64.072 56367.70320781 18.83  84.248951  57.254123 12.742 -100.00 -100.00 -100.00
 173    64.272 56367.70320840 17.89  84.252488  57.255925 10.229 -100.00 -100.00 -100.00
 176    65.868 56397.45014438 27.98  84.237542  57.255927   -100 -100.00 -100.00 -100.00
 176    65.996 56397.45014497 29.15  84.241078  57.257729  3.878 -100.00 -100.00 -100.00
 177    68.741 56407.36578543 34.97  84.235667  57.255697   -100 -100.00 -100.00 -100.00
 177    68.886 56407.36578602 30.64  84.239204  57.257500 16.916 -100.00 -100.00 -100.00
 177    69.055 56407.36578661 29.50  84.242740  57.259302 13.451 -100.00 -100.00 -100.00
 178    70.516 56417.28142323 34.77  84.239912  57.255847 22.228 -100.00 -100.00 -100.00
 178    70.471 56417.28142382 34.24  84.243448  57.257650 18.387 -100.00 -100.00 -100.00
 179    70.441 56427.19705598 36.71  84.244040  57.254145 27.658 -100.00 -100.00 -100.00
 179    70.421 56427.19705657 33.69  84.247577  57.255948 13.970 -100.00 -100.00 -100.00
 180    69.843 56437.11270818 31.69  84.243663  57.254855 13.403 -100.00 -100.00 -100.00
 180    69.781 56437.11270877 31.25  84.247199  57.256657 14.013 -100.00 -100.00 -100.00
 181    69.648 56447.02835961 32.09  84.241568  57.256021 17.007 -100.00 -100.00 -100.00
 181    69.648 56447.02836020 30.20  84.245104  57.257823 10.179 -100.00 -100.00 -100.00
 182    69.276 56456.94400849 32.07  84.238371  57.256267 11.801 -100.00 -100.00 -100.00
 182    69.251 56456.94400908 30.63  84.241907  57.258070 10.168 -100.00 -100.00 -100.00
 183    67.594 56466.85965433 49.96  84.238049  57.255956   -100 -100.00 -100.00 -100.00
 183    67.563 56466.85965492 55.06  84.241585  57.257758  9.900 -100.00 -100.00 -100.00
 184    66.915 56476.77529632 43.91  84.240422  57.254784  4.513 -100.00 -100.00 -100.00
 184    67.072 56476.77529691 37.59  84.243958  57.256586 29.236 -100.00 -100.00 -100.00
 185    66.882 56486.69093537 47.12  84.247717  57.255075  8.409 -100.00 -100.00 -100.00
 185    67.042 56486.69093596 44.41  84.251254  57.256877   -100 -100.00 -100.00 -100.00
 187    66.015 56506.52220569 47.18  84.250010  57.254421 13.868 -100.00 -100.00 -100.00
 187    66.050 56506.52220628 50.29  84.253546  57.256223 20.532 -100.00 -100.00 -100.00
 188    66.096 56516.43784005 45.13  84.246634  57.253107   -100 -100.00 -100.00 -100.00
 188    66.542 56516.43784064 48.05  84.250170  57.254909   -100 -100.00 -100.00 -100.00
 188    66.360 56516.43784123 52.30  84.253706  57.256711   -100 -100.00 -100.00 -100.00
 189    68.303 56526.35349479 24.67  84.244802  57.254323 16.933 -100.00 -100.00 -100.00
 189    68.000 56526.35349538 24.97  84.248338  57.256126 17.171 -100.00 -100.00 -100.00
 190    68.139 56536.26914544 25.86  84.245260  57.254534 20.233 -100.00 -100.00 -100.00
 190    68.556 56536.26914603 22.71  84.248797  57.256336 12.427 -100.00 -100.00 -100.00
 192    67.307 56556.10043628 26.42  84.245901  57.255362 21.457 -100.00 -100.00 -100.00
 192    67.767 56556.10043687 27.48  84.249438  57.257165 26.480 -100.00 -100.00 -100.00
 193    64.427 56566.01607833 45.06  84.240440  57.254617   -100 -100.00 -100.00 -100.00
 193    64.494 56566.01607892 47.25  84.243976  57.256419   -100 -100.00 -100.00 -100.00
 194    67.423 56575.93171967 25.93  84.239230  57.255904 19.539 -100.00 -100.00 -100.00
 194    67.500 56575.93172026 25.06  84.242767  57.257706 14.329 -100.00 -100.00 -100.00
 195    64.973 56585.84735766 44.11  84.239335  57.255661   -100 -100.00 -100.00 -100.00
 195    64.855 56585.84735825 35.53  84.242871  57.257463   -100 -100.00 -100.00 -100.00
 196    66.582 56595.76299541 31.94  84.241270  57.254525 30.429 -100.00 -100.00 -100.00
 196    65.994 56595.76299600 31.49  84.244806  57.256328 30.017 -100.00 -100.00 -100.00
 197    66.833 56605.67864769 41.95  84.240323  57.254381 17.598 -100.00 -100.00 -100.00
 197    65.562 56605.67864828 49.28  84.243859  57.256183 19.888 -100.00 -100.00 -100.00
 197    65.619 56605.67864887 35.83  84.247395  57.257985   -100 -100.00 -100.00 -100.00
 198    65.155 56615.59429567 44.05  84.242294  57.255637 32.747 -100.00 -100.00 -100.00
 198    64.936 56615.59429626 49.02  84.245831  57.257439   -100 -100.00 -100.00 -100.00
 199    63.944 56625.50993923 40.62  84.238929  57.254173   -100 -100.00 -100.00 -100.00
 199    64.003 56625.50993982 42.37  84.242465  57.255975   -100 -100.00 -100.00 -100.00
 199    63.925 56625.50994041 47.17  84.246002  57.257778  4.211 -100.00 -100.00 -100.00
 200    64.641 56635.42558092 41.98  84.241080  57.255045 24.420 -100.00 -100.00 -100.00
 200    64.066 56635.42558151 53.12  84.244616  57.256847  6.084 -100.00 -100.00 -100.00
 201    64.791 56645.34121989 27.16  84.243278  57.254548 22.108 -100.00 -100.00 -100.00
 201    65.101 56645.34122048 25.03  84.246815  57.256350 15.173 -100.00 -100.00 -100.00
 202    66.363 56655.25687291 22.02  84.244884  57.255425 11.480 -100.00 -100.00 -100.00
 202    65.694 56655.25687350 23.30  84.248422  57.257227 14.271 -100.00 -100.00 -100.00
 203    67.492 56665.17252139 18.92  84.245913  57.255271  7.700 -100.00 -100.00 -100.00
 203    66.065 56665.17252198 20.79  84.249450  57.257074 10.550 -100.00 -100.00 -100.00
 205    66.535 56685.00381097 24.32  84.242161  57.254656 15.243 -100.00 -100.00 -100.00
 205    66.509 56685.00381156 20.66  84.245698  57.256458  8.567 -100.00 -100.00 -100.00
 206    67.508 56694.91945306 17.79  84.239967  57.254353  6.270 -100.00 -100.00 -100.00
 206    66.449 56694.91945365 19.28  84.243504  57.256156  8.210 -100.00 -100.00 -100.00
 206    66.310 56694.91945424 18.25  84.247041  57.257958  6.323 -100.00 -100.00 -100.00
 207    67.246 56704.83509129 19.26  84.243177  57.254905  6.787 -100.00 -100.00 -100.00
 207    66.357 56704.83509188 19.93  84.246713  57.256708  8.771 -100.00 -100.00 -100.00
 208    67.904 56714.75072388 16.20  84.246439  57.253816  5.240 -100.00 -100.00 -100.00
 208    67.748 56714.75072447 16.61  84.249975  57.255618  5.634 -100.00 -100.00 -100.00
 209    64.735 56724.66637548 20.52  84.246318  57.255142 12.989 -100.00 -100.00 -100.00
 209    65.791 56724.66637607 19.37  84.249854  57.256944 10.561 -100.00 -100.00 -100.00
 210    68.443 56734.58202497 14.51  84.240859  57.254905  6.169 -100.00 -100.00 -100.00
 210    68.697 56734.58202556 14.33  84.244396  57.256707  6.046 -100.00 -100.00 -100.00
 211    65.017 56744.49767144 25.61  84.236607  57.255582   -100 -100.00 -100.00 -100.00
 211    65.139 56744.49767203 25.89  84.240144  57.257385   -100 -100.00 -100.00 -100.00
 211    64.929 56744.49767262 28.29  84.243681  57.259187   -100 -100.00 -100.00 -100.00
 212    68.777 56754.41331405 41.62  84.236472  57.256406 10.744 -100.00 -100.00 -100.00
 212    68.797 56754.41331464 38.25  84.240009  57.258208   -100 -100.00 -100.00 -100.00
 213    69.022 56764.32895072 51.52  84.236015  57.254431 27.271 -100.00 -100.00 -100.00
 213    69.009 56764.32895131 52.53  84.239551  57.256234   -100 -100.00 -100.00 -100.00
 213    68.988 56764.32895190 54.49  84.243088  57.258036   -100 -100.00 -100.00 -100.00
 214    69.719 56774.24458729 30.75  84.241671  57.254766 16.265 -100.00 -100.00 -100.00
 214    69.727 56774.24458788 28.75  84.245208  57.256568 10.332 -100.00 -100.00 -100.00
 215    67.808 56784.16024429 50.51  84.239265  57.255385   -100 -100.00 -100.00 -100.00
 215    67.588 56784.16024488 53.48  84.242802  57.257188   -100 -100.00 -100.00 -100.00
 216    69.413 56794.07589741 25.90  84.235831  57.255683  9.783 -100.00 -100.00 -100.00
 216    69.393 56794.07589800 26.63  84.239368  57.257486 12.600 -100.00 -100.00 -100.00
 216    69.540 56794.07589859 27.48  84.242905  57.259288 13.807 -100.00 -100.00 -100.00
 217    69.289 56803.99154727 26.98  84.233642  57.255966 11.476 -100.00 -100.00 -100.00
 217    69.561 56803.99154786 26.81  84.237179  57.257768  8.719 -100.00 -100.00 -100.00
 217    69.731 56803.99154845 25.96  84.240716  57.259571  8.831 -100.00 -100.00 -100.00
 218    68.612 56813.90718988 41.54  84.235126  57.255473   -100 -100.00 -100.00 -100.00
 218    68.836 56813.90719047 37.39  84.238662  57.257276 31.835 -100.00 -100.00 -100.00
 218    68.895 56813.90719106 34.62  84.242199  57.259078 20.521 -100.00 -100.00 -100.00
 219    68.382 56823.82282922 52.48  84.239098  57.254932 25.013 -100.00 -100.00 -100.00
 219    68.328 56823.82282981 56.50  84.242634  57.256734   -100 -100.00 -100.00 -100.00
 219    68.272 56823.82283041 56.51  84.246171  57.258536   -100 -100.00 -100.00 -100.00
 220    68.549 56833.73846456 46.48  84.243483  57.254240   -100 -100.00 -100.00 -100.00
 220    68.396 56833.73846515 51.30  84.247019  57.256042  4.578 -100.00 -100.00 -100.00
 221    67.663 56843.65409627 48.30  84.245898  57.253051  5.292 -100.00 -100.00 -100.00
 221    67.675 56843.65409686 48.29  84.249434  57.254853  0.498 -100.00 -100.00 -100.00
 221    67.850 56843.65409745 52.16  84.252970  57.256655   -100 -100.00 -100.00 -100.00
 222    67.093 56853.56973880 44.96  84.245679  57.253504   -100 -100.00 -100.00 -100.00
 222    66.953 56853.56973939 48.35  84.249215  57.255306  7.791 -100.00 -100.00 -100.00
 222    67.205 56853.56973998 50.30  84.252751  57.257108   -100 -100.00 -100.00 -100.00
 223    65.863 56863.48539310 43.68  84.244897  57.255610  3.112 -100.00 -100.00 -100.00
 223    65.952 56863.48539369 39.67  84.248434  57.257411   -100 -100.00 -100.00 -100.00
 224    65.350 56873.40104624 44.88  84.241276  57.255386   -100 -100.00 -100.00 -100.00
 224    65.167 56873.40104683 49.52  84.244813  57.257188   -100 -100.00 -100.00 -100.00
 225    65.260 56883.31669631 31.86  84.239144  57.254800 27.464 -100.00 -100.00 -100.00
 225    65.436 56883.31669690 39.62  84.242680  57.256602   -100 -100.00 -100.00 -100.00
 225    65.405 56883.31669749 38.87  84.246217  57.258404   -100 -100.00 -100.00 -100.00
 226    64.923 56893.23234343 43.88  84.240192  57.255500   -100 -100.00 -100.00 -100.00
 226    65.119 56893.23234402 46.34  84.243729  57.257302   -100 -100.00 -100.00 -100.00
 227    64.233 56903.14798663 45.28  84.236464  57.254506 16.938 -100.00 -100.00 -100.00
 227    64.279 56903.14798722 43.50  84.240000  57.256308 28.030 -100.00 -100.00 -100.00
 227    64.530 56903.14798781 37.46  84.243537  57.258110   -100 -100.00 -100.00 -100.00
 228    63.649 56913.06362828 45.26  84.234705  57.255663 10.909 -100.00 -100.00 -100.00
 228    63.916 56913.06362887 51.57  84.238241  57.257465   -100 -100.00 -100.00 -100.00
 228    63.851 56913.06362946 50.21  84.241778  57.259267   -100 -100.00 -100.00 -100.00
 229    63.766 56922.97926788 35.81  84.232176  57.255291   -100 -100.00 -100.00 -100.00
 229    63.566 56922.97926847 35.29  84.235713  57.257094   -100 -100.00 -100.00 -100.00
 229    63.420 56922.97926906 33.75  84.239249  57.258896   -100 -100.00 -100.00 -100.00
 230    63.768 56932.89490543 44.96  84.233517  57.254941   -100 -100.00 -100.00 -100.00
 230    63.580 56932.89490602 50.48  84.237053  57.256744 16.055 -100.00 -100.00 -100.00
 230    63.612 56932.89490661 52.56  84.240590  57.258546   -100 -100.00 -100.00 -100.00
 231    67.246 56942.81053838 26.67  84.241002  57.255420 17.759 -100.00 -100.00 -100.00
 231    66.178 56942.81053897 28.95  84.244538  57.257222 24.910 -100.00 -100.00 -100.00
 232    66.344 56952.72618291 34.50  84.241645  57.254212 29.067 -100.00 -100.00 -100.00
 232    66.219 56952.72618350 33.53  84.245181  57.256014 27.134 -100.00 -100.00 -100.00
 233    66.736 56962.64183345 45.04  84.240146  57.254429 30.407 -100.00 -100.00 -100.00
 233    66.146 56962.64183404 50.58  84.243682  57.256231 25.788 -100.00 -100.00 -100.00
 233    66.229 56962.64183463 53.32  84.247218  57.258033  9.652 -100.00 -100.00 -100.00
 234    65.410 56972.55747944 44.07  84.239427  57.255559   -100 -100.00 -100.00 -100.00
 234    65.614 56972.55748003 50.61  84.242963  57.257361   -100 -100.00 -100.00 -100.00
 235    66.870 56982.47312082 26.39  84.237101  57.254598 10.764 -100.00 -100.00 -100.00
 235    66.502 56982.47312141 28.15  84.240637  57.256400 14.034 -100.00 -100.00 -100.00
 235    65.877 56982.47312200 28.84  84.244174  57.258202 16.373 -100.00 -100.00 -100.00
 236    67.921 56992.38875864 21.34  84.242800  57.255236  7.887 -100.00 -100.00 -100.00
 236    68.006 56992.38875923 22.09  84.246336  57.257039  8.842 -100.00 -100.00 -100.00
 237    67.834 57002.30439344 23.56  84.248873  57.254111 14.827 -100.00 -100.00 -100.00
 237    64.960 57002.30439403 24.06  84.252410  57.255913 16.688 -100.00 -100.00 -100.00
 238    65.291 57012.22005056 24.64  84.247396  57.253931 19.551 -100.00 -100.00 -100.00
 238    67.403 57012.22005115 23.72  84.250933  57.255733 16.991 -100.00 -100.00 -100.00
 239    65.351 57022.13570217 24.35  84.246837  57.254997 16.759 -100.00 -100.00 -100.00
 239    67.503 57022.13570276 20.98  84.250374  57.256799 10.190 -100.00 -100.00 -100.00
 240    65.324 57032.05135053 25.51  84.243014  57.255617 17.772 -100.00 -100.00 -100.00
 240    65.075 57032.05135112 25.81  84.246551  57.257419 17.808 -100.00 -100.00 -100.00
 241    66.191 57041.96699669 21.50  84.239831  57.255596 11.629 -100.00 -100.00 -100.00
 241    65.182 57041.96699728 23.79  84.243368  57.257399 16.888 -100.00 -100.00 -100.00
 242    65.048 57051.88264094 24.27  84.239664  57.255339 26.098 -100.00 -100.00 -100.00
 242    65.845 57051.88264153 19.74  84.243201  57.257142 12.397 -100.00 -100.00 -100.00
 243    65.914 57061.79828145 18.70  84.244577  57.255570 12.130 -100.00 -100.00 -100.00
 243    67.099 57061.79828204 17.06  84.248114  57.257372  9.491 -100.00 -100.00 -100.00
 244    66.016 57071.71391596 18.89  84.245676  57.253973 12.075 -100.00 -100.00 -100.00
 244    65.945 57071.71391655 17.32  84.249213  57.255775  8.756 -100.00 -100.00 -100.00
 245    66.264 57081.62954670 17.73  84.247289  57.254127  7.853 -100.00 -100.00 -100.00
 245    66.491 57081.62954729 17.37  84.250826  57.255930  7.818 -100.00 -100.00 -100.00
 246    64.826 57091.54519060 25.67  84.243864  57.255356 28.002 -100.00 -100.00 -100.00
 246    64.956 57091.54519119 21.75  84.247400  57.257158 16.064 -100.00 -100.00 -100.00
 247    64.689 57101.46084714 28.33  84.233799  57.254745   -100 -100.00 -100.00 -100.00
 247    64.755 57101.46084773 26.12  84.237335  57.256547 28.509 -100.00 -100.00 -100.00
 247    64.667 57101.46084832 26.33  84.240871  57.258350 29.566 -100.00 -100.00 -100.00
 248    64.858 57111.37650124 22.03  84.232015  57.255000 24.900 -100.00 -100.00 -100.00
 248    65.022 57111.37650183 22.84  84.235551  57.256802 26.258 -100.00 -100.00 -100.00
 248    64.940 57111.37650242 19.61  84.239087  57.258605 16.237 -100.00 -100.00 -100.00
 249    65.763 57121.29215019 25.54  84.236901  57.255459 28.813 -100.00 -100.00 -100.00
 249    65.767 57121.29215078 27.32  84.240438  57.257262   -100 -100.00 -100.00 -100.00
 249    65.846 57121.29215137 29.46  84.243975  57.259064   -100 -100.00 -100.00 -100.00
 250    71.048 57131.20779326 40.25  84.240994  57.255302   -100 -100.00 -100.00 -100.00
 250    70.863 57131.20779385 36.80  84.244531  57.257104 32.653 -100.00 -100.00 -100.00
