# NaN NaN NaN ;Mean Elev.(m), Avg Gradient(m/km), RMS Gradient(m/km) - SRTM1     
#   43.098  -2.118  15.407 ;Mean Elev.(m), Avg Gradient(m/km), RMS Gradient(m/km) - ASTER GDEM
#    4.209  -1.791   4.832 ;Mean Elev.(m), Avg Gradient(m/km), RMS Gradient(m/km) - GMTED2010 
   1  65.218793  63.422294    14.472    14.475  4 54666.43642457 33.343
   2  65.219551  63.422947    13.862    13.771  4 54676.35206912 31.095
   3  65.225510  63.423535   -72.353   -81.748  4 54686.26771281 11.226
   4  65.229430  63.424341    13.415    12.942  4 54696.18335467 33.183
   5  65.228783  63.424201   -88.032   -88.069  4 54706.09899434  6.121
   6  65.218457  63.423256    13.837    13.770  4 54716.01464589 28.651
   7  65.216229  63.420449   -59.831   -59.819  4 54725.93029585  9.327
   8  65.213882  63.419524    10.938    10.469  4 54735.84594372 47.138
   9  65.217102  63.419840    12.303    12.810  4 54745.76159111 38.339
  10  65.215811  63.421679    13.831    13.834  4 54755.67723747 28.843
  11  65.216354  63.421667    13.790    13.971  4 54765.59288275 29.022
  12  65.216716  63.419742    13.437    13.364  4 54775.50852524 32.562
  13  65.211750  63.418997    11.717    11.738  3 54785.42416468 40.710
  14  65.210848  63.419493    13.423    13.390  4 54795.33980296 28.934
  17  65.223842  63.422894    13.931    13.983  4 54825.08672522 17.267
  18  65.217770  63.422592    13.991    14.053  4 54835.00236442 17.197
  19  65.216670  63.421816    13.968    13.991  4 54844.91801422 15.396
  20  65.219344  63.421608    13.652    13.716  4 54854.83366346 16.168
  21  65.219503  63.423105    13.962    13.930  4 54864.74931211 15.125
  22  65.221525  63.423251    13.738    13.750  4 54874.66496072 15.733
  23  65.220221  63.422644    13.786    13.750  4 54884.58060644 14.563
  24  65.218179  63.420489    13.441    13.391  4 54894.49624883 14.555
  25  65.212481  63.419332    13.609    13.629  4 54904.41188817 14.144
  26  65.211931  63.419155    13.449    13.543  3 54914.32752679 14.517
  27  65.213042  63.420510    14.855    14.886  4 54924.24316493  8.313
  28  65.217882  63.421512    14.669    14.714  3 54934.15880268 10.324
  29  65.219765  63.422012    14.489    14.506  4 54944.07443827 12.968
  30  65.218120  63.421616    11.914    11.959  3 54953.99007143 18.861
  31  65.213967  63.420339    14.392    14.333  4 54963.90571643 37.204
  32  65.213553  63.419808    14.700    14.744  3 54973.82136478 30.222
  33  65.216298  63.420777    14.440    14.515  4 54983.73701257 32.504
  34  65.218698  63.422423   -34.739   -34.606  4 54993.65266006 12.076
  35  65.223368  63.422236    14.751    14.726  4 55003.56830681 33.289
  36  65.222222  63.421943    14.565    14.671  4 55013.48395105 31.918
  37  65.217740  63.422123    14.366    14.417  4 55023.39959358 29.136
  38  65.219852  63.422137    13.937    13.961  4 55033.31523608 31.586
  39  65.223537  63.422700    14.141    14.315  4 55043.23087800 28.490
  40  65.225352  63.423429    12.770    12.653  4 55053.14651816 42.786
  41  65.223680  63.423105    11.943    11.897  4 55063.06215589 51.993
  42  65.218140  63.421791    13.391    13.205  3 55072.97780030 31.623
  43  65.213966  63.420111    11.906    11.317  4 55082.89344835 38.938
  44  65.212144  63.419785    13.897    13.991  4 55092.80909484 26.223
  45  65.214865  63.419961    13.982    14.021  4 55102.72474143 23.649
  46  65.216182  63.420823    11.720    11.735  4 55112.64038751 32.240
  47  65.216746  63.420786    11.482    11.431  4 55122.55603125 37.255
  48  65.213689  63.420456    10.784    10.873  4 55132.47167181 41.119
  49  65.212716  63.419427    10.037    10.046  3 55142.38731062 44.068
  50  65.212235  63.419810     9.588     9.551  4 55152.30294882 37.303
  51  65.214043  63.421333     9.838     9.864  4 55162.21858745 33.795
  52  65.217941  63.422923    12.264    12.363  4 55172.13422592 26.450
  53  65.224260  63.423171    12.972    12.883  4 55182.04986316 22.572
  54  65.221534  63.423013    13.475    13.523  4 55191.96551331 17.764
  55  65.220212  63.422520    13.323    13.267  3 55201.88116338 18.529
  56  65.220445  63.422348    13.344    13.445  4 55211.79681287 18.055
  57  65.220430  63.422616    13.415    13.345  4 55221.71246180 16.057
  58  65.217254  63.422601    13.427    13.414  4 55231.62810926 15.774
  59  65.215597  63.421615    13.506    13.529  4 55241.54375375 16.746
  60  65.213739  63.420228    13.116    13.121  4 55251.45939479 16.697
  61  65.212964  63.419317    13.359    13.274  4 55261.37503368 16.148
  62  65.213582  63.419751    13.518    13.537  3 55271.29067174 16.339
  63  65.214018  63.420889    13.486    13.473  4 55281.20630967 16.039
  64  65.217628  63.421080    13.114    13.146  4 55291.12194680 15.696
  65  65.217339  63.421486    12.506    12.299  3 55301.03758125 16.130
  66  65.214189  63.420897     9.687     9.691  4 55310.95322795 38.254
  67  65.215670  63.419772    11.790    11.790  4 55320.86887375 43.489
  68  65.213156  63.420639    13.429    13.429  4 55330.78451782 48.716
  69  65.216934  63.421097    14.016    14.002  4 55340.70016240 32.910
  70  65.217255  63.422279    14.130    14.153  4 55350.61580636 29.391
  71  65.222017  63.422011    14.374    14.445  4 55360.53144875 31.500
  72  65.219665  63.422805    14.287    14.359  4 55370.44708825 28.437
  73  65.222247  63.422774    14.528    14.574  4 55380.36272685 32.532
  74  65.221377  63.423880    14.535    14.495  4 55390.27836436 27.179
  75  65.223666  63.424013    14.422    14.431  4 55400.19400116 35.470
  76  65.220409  63.423460    14.229    14.227  4 55410.10964882 39.249
  77  65.219799  63.420958    13.976    13.958  4 55420.02529937 41.827
  78  65.212351  63.420465    13.118    13.099  4 55429.94094588 40.135
  79  65.211615  63.420237    12.457    12.549  4 55439.85659042 34.973
  80  65.213256  63.420836    13.421    13.194  4 55449.77223357 29.543
  81  65.215854  63.421122    10.697    10.442  4 55459.68787638 51.736
  82  65.217862  63.420513    12.971    13.029  4 55469.60351831 33.897
  83  65.214590  63.420445    10.228    10.228  4 55479.51915655 41.184
  84  65.215201  63.419992    11.540    11.523  4 55489.43479245 37.837
  85  65.216283  63.420636    10.211    10.206  3 55499.35042611 52.382
  86  65.218143  63.421708     9.975     9.906  3 55509.26606648 38.441
  87  65.217234  63.422614    10.046    10.038  4 55519.18171640 44.966
  88  65.219636  63.422436    10.631    10.009  4 55529.09736580 33.468
  89  65.219581  63.422212    10.110    10.079  4 55539.01301318 31.988
  90  65.217558  63.422518    10.703    10.179  4 55548.92865805 30.753
  91  65.220581  63.422208    10.677    10.059  4 55558.84430166 28.342
  92  65.219878  63.423287    11.043    10.908  4 55568.75994389 26.648
  93  65.221388  63.423135    11.585    12.094  4 55578.67558553 24.957
  94  65.221684  63.421733    12.612    12.598  4 55588.59122478 21.154
  95  65.214624  63.421285    12.484    12.463  4 55598.50686024 21.162
  96  65.215809  63.420040    12.530    12.574  4 55608.42249400 20.423
  97  65.216529  63.420930    12.730    12.699  3 55618.33812575 20.176
  98  65.217555  63.422349    12.615    12.602  4 55628.25377273 18.099
  99  65.221651  63.421971    12.813    12.747  4 55638.16942451 16.807
 100  65.220057  63.421144    13.011    13.075  4 55648.08507372 14.976
 101  65.215564  63.419792     9.257     9.233  4 55658.00071974 32.503
 102  65.211570  63.419497    14.114    14.072  4 55667.91636158 34.149
 103  65.213514  63.420212    12.086    11.968  4 55677.83200118 38.277
 104  65.218685  63.421739    13.833    13.754  4 55687.74763901 40.096
 105  65.224430  63.422721    14.305    14.289  4 55697.66327565 33.368
 106  65.223337  63.423753    14.381    14.410  5 55707.57891070 48.796
 107  65.223076  63.422444    14.326    14.366  4 55717.49456195 47.497
 108  65.221282  63.422026    14.328    14.273  4 55727.41021029 34.206
 109  65.220409  63.422660    14.189    14.128  4 55737.32585702 31.495
 110  65.224178  63.422704    13.636    13.649  4 55747.24150302 44.429
 111  65.222035  63.423051    12.806    12.758  5 55757.15714637 36.723
 112  65.218772  63.422133    12.650    12.823  4 55767.07278712 33.087
 113  65.216683  63.420248    12.483    12.716  4 55776.98842507 35.288
 114  65.214127  63.419623    11.158    11.144  3 55786.90406012 48.593
 115  65.216058  63.420684    13.294    13.139  4 55796.81969369 29.051
 116  65.219213  63.422117    12.253    12.707  4 55806.73533559 33.032
 117  65.218848  63.423288    11.084    10.703  4 55816.65098438 36.378
 118  65.219350  63.422114    13.949    14.052  3 55826.56663024 22.790
 119  65.216127  63.420882    11.204    10.801  4 55836.48227139 43.996
 120  65.215113  63.419824    13.152    13.211  4 55846.39790950 26.170
 121  65.217946  63.420784    10.716    10.072  4 55856.31354529 31.531
 122  65.219930  63.422832    13.494    13.535  4 55866.22918799 25.040
 123  65.223057  63.423635     9.702     9.673  4 55876.14484082 38.537
 133  65.212872  63.420216    11.757    11.632  4 55975.30127257 19.667
 134  65.217072  63.422212    11.391    12.157  4 55985.21690915 19.079
 135  65.222735  63.423219    11.979    11.927  5 55995.13254412 18.765
 136  65.221561  63.421946    11.183    11.653  4 56005.04819636 19.832
 137  65.216875  63.420107    11.468    12.226  4 56014.96384440 18.995
 139  65.214391  63.420251     9.523     9.514  3 56034.79513248 35.373
 141  65.222301  63.423950    14.422    14.386  4 56054.62641207 28.227
 142  65.225656  63.424038    14.228    14.478  5 56064.54204687 28.876
 143  65.222466  63.423399    14.229    14.280  5 56074.45769055 28.638
 144  65.218376  63.422851    13.704    13.648  4 56084.37333986 29.445
 145  65.220282  63.422166    14.022    14.003  4 56094.28898742 23.924
 146  65.221516  63.422494    13.603    13.569  4 56104.20463271 30.299
 147  65.218117  63.422999    13.510    13.554  4 56114.12026307 29.671
 148  65.219242  63.421878    10.901    10.431  4 56124.03590179 39.252
 149  65.215700  63.421247     9.948     9.958  4 56133.95153604 37.081
 150  65.216176  63.420278    10.615    10.047  4 56143.86717558 43.914
 151  65.215737  63.420336    11.089    11.130  4 56153.78282585 34.753
 152  65.217681  63.421193     9.254     9.289  4 56163.69847493 44.273
 153  65.217040  63.422421    10.711    10.663  4 56173.61412165 34.284
 154  65.217942  63.422113    10.030     9.270  4 56183.52976360 36.568
 155  65.215104  63.421442    10.748    10.721  4 56193.44540151 37.926
 156  65.217359  63.420219    11.517    12.244  4 56203.36103723 34.605
 157  65.219669  63.421191    10.198     9.543  4 56213.27667116 43.008
 158  65.222657  63.423714     9.936     9.923  4 56223.19230423 48.602
 159  65.223792  63.424609    12.381    12.281  4 56233.10796056 31.750
 160  65.223527  63.424298     8.637     8.647  4 56243.02361286 37.588
 161  65.223543  63.422776     9.336     9.367  4 56252.93926069 34.100
 162  65.219902  63.422509     9.465     9.451  4 56262.85490353 27.599
 164  65.221301  63.422376     9.817     9.238  4 56282.68618727 25.919
 165  65.217225  63.422441     9.058     9.078  4 56292.60183863 24.297
 166  65.217843  63.420589    10.672    10.634  4 56302.51748617 22.022
 167  65.215364  63.419577    12.360    12.083  4 56312.43312917 19.528
 168  65.212969  63.419890    11.601    12.228  4 56322.34876998 19.127
 169  65.213337  63.421054    12.528    12.521  4 56332.26441045 18.708
 170  65.218342  63.421433    12.482    12.357  4 56342.18005099 16.704
 171  65.220073  63.422033    12.494    12.580  4 56352.09568892 16.850
 172  65.217194  63.422196    12.725    12.743  4 56362.01132926 16.984
 173  65.216132  63.420997    12.857    12.877  4 56371.92697867 17.102
 174  65.217475  63.420312    13.370    13.314  4 56381.84262552 16.372
 175  65.218793  63.421197    13.410    13.440  4 56391.75827002 16.511
 176  65.222038  63.422198     8.722     8.701  4 56401.67391304 17.184
 177  65.224733  63.422887     9.616     9.626  4 56411.58955328 40.990
 178  65.225372  63.423303    13.368    13.344  4 56421.50518841 47.469
 179  65.222169  63.423753    14.567    14.465  4 56431.42082752 29.140
 180  65.221667  63.422612    14.436    14.442  4 56441.33648041 43.996
 181  65.217699  63.422778    14.345    14.433  4 56451.25213040 30.412
 182  65.216402  63.422339    14.316    14.366  4 56461.16777838 29.927
 183  65.218579  63.420628    14.461    14.460  4 56471.08342349 31.972
 184  65.215010  63.420423    14.946    14.941  4 56480.99906432 45.907
 185  65.215389  63.420210    14.695    14.717  4 56490.91470159 41.742
 187  65.221705  63.421739    14.287    14.312  4 56510.74596977 30.401
 188  65.222682  63.422153    13.472    13.432  4 56520.66161377 49.921
 189  65.220343  63.421837    12.905    12.710  4 56530.57726677 30.533
 191  65.218908  63.420568    13.260    13.330  4 56550.40856114 28.280
 192  65.218465  63.421323    12.640    12.716  4 56560.32420384 26.752
 193  65.218776  63.422783    11.395    11.293  4 56570.23984557 33.229
 194  65.223735  63.423423    11.510    11.788  4 56580.15548644 34.342
 195  65.225008  63.424028    11.601    11.703  5 56590.07112298 24.517
 196  65.223510  63.423439    10.977    10.836  5 56599.98676922 45.791
 197  65.218081  63.423137    12.092    12.086  4 56609.90241925 40.707
 198  65.222888  63.422033    12.540    12.387  4 56619.81806543 27.310
 199  65.221172  63.422859    12.932    12.827  5 56629.73370765 25.887
 200  65.220100  63.423017    13.186    13.156  4 56639.64934664 22.199
 201  65.216065  63.422156    13.032    13.073  4 56649.56499179 22.245
 202  65.212457  63.420475    13.192    13.186  4 56659.48064263 20.427
 203  65.212920  63.419624    13.333    13.325  3 56669.39629000 18.539
 205  65.219667  63.421649    12.633    12.678  4 56689.22757889 21.835
 206  65.217274  63.422873    12.893    12.986  4 56699.14321929 21.225
 207  65.220022  63.421630    12.718    12.685  4 56709.05885575 22.052
 208  65.217374  63.421154    12.532    12.231  3 56718.97449518 22.052
 209  65.218236  63.420379   -28.847   -29.008  4 56728.89014781 11.559
 211  65.223720  63.422646    14.804    14.874  4 56748.72144115 12.780
 212  65.223568  63.423868    14.548    14.582  5 56758.63708096 14.932
 213  65.222473  63.424194    12.576    12.997  4 56768.55271463 25.531
 214  65.219397  63.423154    11.399    11.425  4 56778.46836182 36.277
 215  65.218170  63.421905    14.397    14.411  4 56788.38401767 39.084
 216  65.219093  63.421328    14.628    14.638  4 56798.29967023 32.697
 217  65.218724  63.421925    15.105    15.073  4 56808.21531683 33.190
 219  65.215547  63.421314    14.992    14.953  4 56828.04659480 30.078
 220  65.213251  63.420493   -30.976   -31.460  4 56837.96222873 14.416
 221  65.215439  63.420626    15.167    15.219  3 56847.87786011 31.121
 222  65.215132  63.421578    14.934    14.878  4 56857.79351288 33.194
 223  65.219206  63.422330    14.758    14.794  4 56867.70916653 30.258
 224  65.220378  63.422232    14.365    14.385  4 56877.62481823 29.376
 225  65.218260  63.421284    13.014    12.884  4 56887.54046652 53.713
 226  65.213874  63.420336    13.582    13.563  4 56897.45611193 30.745
 227  65.213085  63.420406    13.597    13.421  4 56907.37175491 28.948
 228  65.219991  63.421007    14.168    14.173  4 56917.28739650 26.213
 229  65.221655  63.423595    14.496    14.501  4 56927.20303549 21.856
 230  65.227834  63.423996    11.537    11.157  4 56937.11867137 42.375
 231  65.226912  63.424121    13.296    13.225  4 56947.03430195 30.012
 232  65.220419  63.422613    11.392    11.411  4 56956.94995565 39.570
 233  65.218197  63.421391    11.356    10.936  4 56966.86560417 34.888
 234  65.218180  63.421972    12.851    12.782  4 56976.78124851 18.318
 235  65.219303  63.423313    12.861    12.939  4 56986.69688834 18.144
 236  65.222628  63.423323    12.910    12.810  5 56996.61252268 15.817
 237  65.218844  63.422314    13.284    13.237  4 57006.52816722 15.429
 238  65.214538  63.420244    13.378    13.441  3 57016.44382121 16.242
 239  65.213573  63.419438    13.319    13.411  4 57026.35947165 16.072
 240  65.214518  63.420924    13.410    13.487  4 57036.27512014 15.250
 241  65.217725  63.422480    13.516    13.565  4 57046.19076627 16.199
 242  65.223480  63.422294    13.417    13.482  4 57056.10640940 14.603
 243  65.221108  63.421942    13.268    13.339  4 57066.02204659 13.613
 244  65.216510  63.422300    13.584    13.505  4 57075.93767897 13.465
 245  65.219202  63.422693    14.212    14.240  4 57085.85330890 15.790
 246  65.223800  63.422812    14.426    14.468  4 57095.76896629 15.004
 247  65.224780  63.423890    14.443    14.447  4 57105.68462249 12.650
 248  65.226993  63.423763    14.569    14.581  4 57115.60027435 12.252
 249  65.222176  63.423405    13.620    13.653  4 57125.51591936  4.311
 250  65.220335  63.421943    10.352    10.383  4 57135.43155947 14.013
