# NaN NaN NaN ;Mean Elev.(m), Avg Gradient(m/km), RMS Gradient(m/km) - SRTM1     
#    7.821   0.244   2.674 ;Mean Elev.(m), Avg Gradient(m/km), RMS Gradient(m/km) - ASTER GDEM
#   11.020  -0.399   2.042 ;Mean Elev.(m), Avg Gradient(m/km), RMS Gradient(m/km) - GMTED2010 
   1  66.476431  62.344897    19.192    19.205  6 54659.32573790 44.617
   2  66.475198  62.344594    18.173    18.248  6 54669.24138392 40.419
   3  66.474854  62.345746   -13.188   -13.101  6 54679.15702815 12.093
   4  66.473399  62.346559    18.059    18.209  6 54689.07267104 30.632
   5  66.474906  62.346895   -10.874   -10.454  6 54698.98831203 15.704
   6  66.473968  62.345129    13.781    13.814  6 54708.90395537 52.595
   7  66.477384  62.344711    -3.696    -2.875  5 54718.81960711 17.498
   8  66.477699  62.343650    15.906    17.713  5 54728.73525595 29.894
   9  66.477569  62.343950    17.789    17.752  6 54738.65090340 28.241
  10  66.478307  62.345507    13.643    13.653  6 54748.56655103 40.841
  11  66.473936  62.345559    17.908    17.919  6 54758.48219775 27.026
  12  66.477529  62.346377    16.343    17.567  6 54768.39784306 30.207
  13  66.476896  62.344470    16.917    17.740  6 54778.31348430 34.825
  14  66.477901  62.342894    13.596    13.603  6 54788.22912325 34.524
  15  66.478130  62.342462    15.256    15.227  6 54798.14476115 49.852
  17  66.478197  62.344312    15.493    15.471  6 54817.97603645 32.570
  18  66.475145  62.344797    15.235    15.241  6 54827.89168671 26.841
  19  66.476614  62.346056    14.865    14.878  6 54837.80732588 21.685
  20  66.473432  62.346503    15.563    15.521  6 54847.72297492 17.433
  21  66.474187  62.348064    15.259    15.656  7 54857.63862395 17.557
  22  66.473497  62.349041    16.337    16.506  6 54867.55427290 16.560
  23  66.472454  62.348494    16.581    16.279  7 54877.46992099 15.946
  24  66.472532  62.346810    16.745    17.335  6 54887.38556601 14.683
  25  66.477533  62.346213    16.507    17.243  6 54897.30120820 14.740
  26  66.475758  62.344847    17.362    17.212  6 54907.21684700 15.066
  27  66.474211  62.344559    17.157    17.781  6 54917.13248466 13.330
  28  66.477692  62.345755    14.389    14.744  6 54927.04812277 15.814
  29  66.477063  62.344885    12.976    13.070  6 54936.96375963 18.687
  30  66.479342  62.343877    14.198    14.093  6 54946.87939492 30.917
  31  66.479919  62.341874    16.789    16.771  6 54956.79502827 32.302
  32  66.480336  62.342127    18.889    18.931  6 54966.71067689 26.916
  33  66.477893  62.342679    18.499    18.472  5 54976.62632440 25.113
  34  66.476156  62.343900    18.532    18.494  6 54986.54197209 26.685
  35  66.475670  62.344871    18.416    18.427  6 54996.45761998 25.155
  36  66.477165  62.345915    18.360    18.410  6 55006.37326641 29.926
  37  66.473928  62.345631    18.384    18.344  6 55016.28891005 29.373
  38  66.476133  62.347125    18.176    18.183  6 55026.20455292 26.839
  39  66.473430  62.347615    17.656    17.738  6 55036.12019472 48.961
  40  66.473025  62.347405    17.925    18.122  6 55046.03583577 30.023
  41  66.473073  62.345370    17.188    17.470  6 55055.95147482 31.755
  42  66.477383  62.343440    18.071    18.061  5 55065.86711197 24.438
  43  66.479150  62.343050    14.800    14.702  5 55075.78276092 50.356
  44  66.479382  62.344021    17.770    17.673  6 55085.69840889 23.497
  45  66.476244  62.344896    15.186    15.421  6 55095.61405498 30.310
  46  66.477125  62.345966    15.408    15.662  6 55105.52970125 33.615
  47  66.475346  62.344973    16.339    17.652  6 55115.44534680 32.765
  48  66.477712  62.344130    16.359    16.228  6 55125.36099034 29.402
  49  66.477972  62.343092    13.368    13.336  6 55135.27663103 35.146
  50  66.478025  62.342972    12.789    12.775  5 55145.19226961 46.206
  51  66.478607  62.344169    13.320    13.351  6 55155.10790761 39.773
  52  66.477259  62.344593    13.516    13.501  5 55165.02354558 37.172
  53  66.475279  62.344242    13.539    13.518  6 55174.93918317 27.466
  54  66.477415  62.344205    13.253    13.249  6 55184.85482341 23.332
  55  66.476419  62.345010    13.042    13.036  6 55194.77047449 21.805
  56  66.474986  62.346628    13.240    13.177  6 55204.68612439 15.570
  57  66.472340  62.347959    13.614    13.143  6 55214.60177353 15.760
  58  66.472022  62.348404    13.036    13.225  6 55224.51742232 15.430
  59  66.475639  62.347681    13.051    12.930  6 55234.43306954 15.143
  60  66.477134  62.345031    13.182    13.230  6 55244.34871308 15.397
  61  66.478758  62.343667    13.637    12.762  5 55254.26435375 13.587
  62  66.477771  62.344135    13.077    13.250  5 55264.17999245 13.481
  63  66.475496  62.345442    13.831    13.444  6 55274.09563014 13.285
  64  66.477809  62.346413    14.191    13.692  6 55284.01126766 13.794
  65  66.477986  62.344269    17.566    17.733  5 55293.92690316  8.446
  66  66.479052  62.341662    11.965    12.004  5 55303.84254016 18.664
  67  66.480541  62.341448    13.785    13.755  5 55313.75818767 32.963
  68  66.478543  62.342440    18.225    18.331  5 55323.67383302 25.149
  69  66.477578  62.344634    18.117    18.117  6 55333.58947737 30.236
  70  66.476543  62.346072    18.323    18.272  6 55343.50512150 33.427
  71  66.476460  62.345977    18.190    18.083  6 55353.42076511 31.366
  72  66.474210  62.344678    18.315    18.271  6 55363.33640624 31.724
  73  66.477977  62.345591    18.398    18.320  6 55373.25204630 29.762
  74  66.474183  62.345404    18.436    18.473  6 55383.16768419 31.101
  75  66.476054  62.346744    18.788    18.685  6 55393.08332195 29.861
  76  66.476979  62.346323    18.177    18.082  6 55402.99895796 25.700
  77  66.476148  62.344724    18.461    18.478  5 55412.91460960 53.838
  78  66.477399  62.342788    17.687    17.633  6 55422.83025856 51.048
  79  66.479704  62.342092    16.592    16.645  6 55432.74590515 31.026
  80  66.477644  62.342981    17.292    17.837  5 55442.66154971 28.269
  81  66.476264  62.344917    15.827    16.451  5 55452.57719302 29.451
  82  66.476749  62.346328    13.558    13.536  6 55462.49283569 38.558
  83  66.476911  62.344801    15.950    17.491  5 55472.40847618 30.982
  84  66.478147  62.342334    14.324    13.307  5 55482.32411381 32.441
  85  66.480956  62.341043    17.788    17.812  5 55492.23974946 23.087
  86  66.480910  62.341484    13.619    13.566  5 55502.15538329 48.827
  87  66.477225  62.343402    16.259    15.890  5 55512.07102831 29.052
  88  66.474239  62.345239    13.102    13.078  6 55521.98667775 44.469
  89  66.474152  62.346037    13.018    12.983  6 55531.90232603 35.951
  90  66.476868  62.346162    13.307    13.339  6 55541.81797287 25.071
  91  66.473800  62.344997    13.282    13.255  6 55551.73361700 24.831
  92  66.474464  62.346244    13.199    13.202  6 55561.64926037 23.652
  93  66.472156  62.346877    13.902    13.137  6 55571.56490271 20.008
  94  66.474161  62.347213    12.785    12.781  6 55581.48054429 19.621
  95  66.475023  62.344867    12.836    12.815  6 55591.39618232 19.240
  96  66.479122  62.342315    12.485    12.477  6 55601.31181738 19.397
  97  66.483107  62.341077    12.311    12.309  5 55611.22745034 19.617
  98  66.480948  62.340809    12.228    12.206  5 55621.14308231 19.079
  99  66.478499  62.343590    12.489    12.326  6 55631.05873514 17.448
 100  66.478001  62.345198    13.720    14.177  6 55640.97438595 16.926
 101  66.477532  62.344230    12.795    12.618  5 55650.89003382 17.846
 102  66.478898  62.342328    12.583    12.519  5 55660.80567809 47.031
 103  66.480701  62.341906    13.687    13.739  5 55670.72131928 33.756
 104  66.479237  62.342684    17.739    17.613  6 55680.63695862 40.694
 105  66.475660  62.343823    18.358    18.269  6 55690.55259603 28.287
 106  66.477027  62.345387    18.333    18.315  6 55700.46823236 23.004
 107  66.476167  62.345049    18.399    18.369  5 55710.38387209 35.544
 108  66.475430  62.344806    18.467    18.463  6 55720.29952216 29.529
 109  66.476589  62.345475    18.366    18.356  6 55730.21517025 44.993
 110  66.473703  62.345375    17.910    17.834  6 55740.13081652 42.859
 111  66.473162  62.345921    17.325    17.193  6 55750.04646181 47.245
 112  66.476641  62.346436    17.678    17.842  6 55759.96210507 26.553
 113  66.477522  62.344995    17.084    17.201  6 55769.87774504 26.909
 114  66.479258  62.342923    17.108    17.666  6 55779.79338171 26.760
 115  66.480558  62.341434    17.709    17.710  6 55789.70901590 20.080
 116  66.481372  62.341432    15.491    15.599  6 55799.62464910 23.952
 117  66.479706  62.343030    17.464    17.604  5 55809.54029628 24.139
 118  66.477666  62.344095    16.109    16.502  5 55819.45594526 30.518
 119  66.476981  62.343356    13.949    13.943  6 55829.37158971 42.398
 120  66.479138  62.342029    13.750    13.690  5 55839.28722989 43.215
 121  66.481235  62.341286    16.646    17.247  6 55849.20286701 25.411
 122  66.481183  62.341937    17.544    17.562  6 55859.11850200 23.233
 123  66.479066  62.344311    15.118    14.871  6 55869.03415070 22.185
 133  66.477949  62.342707    12.807    12.843  6 55968.19059345 15.792
 134  66.477830  62.343157    12.024    12.015  6 55978.10623009 16.224
 135  66.478073  62.343305    12.339    12.038  5 55988.02186605 15.708
 136  66.479886  62.343361    13.041    13.065  6 55997.93750617 15.278
 137  66.478084  62.342766    13.578    13.524  5 56007.85315703 14.641
 138  66.479744  62.342949    18.748    18.714  5 56017.76880413  8.937
 139  66.478975  62.343573    11.815    11.826  6 56027.68444821 45.529
 141  66.476047  62.345423    17.444    17.184  5 56047.51573122 33.026
 142  66.476932  62.345980    17.255    17.432  6 56057.43136916 36.880
 143  66.478011  62.345280    17.660    17.656  6 56067.34700263 26.902
 144  66.477253  62.345603    17.536    17.643  6 56077.26265189 34.597
 145  66.473090  62.345415    17.187    17.371  6 56087.17830033 44.364
 146  66.475236  62.346476    17.181    17.293  6 56097.09394697 31.068
 147  66.476939  62.346243    16.585    16.887  6 56107.00959123 28.854
 148  66.476946  62.344393    14.251    14.119  6 56116.92522076 40.394
 149  66.478568  62.342798    16.519    17.512  5 56126.84085834 24.116
 150  66.479287  62.341584    12.781    12.743  5 56136.75649209 39.193
 151  66.479414  62.342555    13.307    12.367  5 56146.67213653 29.891
 152  66.478073  62.343827    12.315    12.214  5 56156.58778607 35.697
 153  66.477691  62.344618    12.801    11.791  6 56166.50343475 40.639
 154  66.477487  62.344116    14.746    15.666  6 56176.41908092 31.560
 155  66.477255  62.342941    14.974    15.092  6 56186.33472208 29.003
 156  66.478358  62.342489    13.106    12.131  6 56196.25035967 41.058
 157  66.478985  62.343198    12.111    12.082  5 56206.16599428 40.007
 158  66.479234  62.344422    15.198    16.187  6 56216.08162736 34.790
 159  66.476929  62.344939    16.571    17.485  6 56225.99726721 29.585
 160  66.475964  62.345462    12.468    12.541  6 56235.91292232 49.325
 161  66.477772  62.345906    12.199    12.142  6 56245.82857381 33.975
 162  66.473928  62.344956    12.711    12.728  6 56255.74421956 28.593
 163  66.475097  62.346091    12.828    12.711  6 56265.65986221 21.743
 164  66.473632  62.346263    12.965    12.970  6 56275.57550285 18.606
 165  66.475603  62.346193    14.041    14.202  6 56285.49114906 18.033
 166  66.475634  62.344329    13.094    12.356  6 56295.40679941 18.336
 167  66.477646  62.342897    12.640    12.381  5 56305.32244584 16.352
 168  66.479614  62.343280    13.340    12.976  6 56315.23808889 15.641
 169  66.476465  62.344117    12.969    12.320  6 56325.15372954 15.417
 170  66.473780  62.344802    12.716    12.731  6 56335.06936934 15.402
 171  66.476865  62.345032    12.527    12.395  5 56344.98500862 14.142
 172  66.479877  62.343601    12.712    12.651  6 56354.90064537 13.455
 173  66.480044  62.342469    13.304    13.252  6 56364.81629028 13.595
 174  66.480028  62.343471    12.806    12.843  6 56374.73193919 12.829
 176  66.474310  62.346968    18.089    18.319  7 56394.56322891 11.172
 177  66.472235  62.346940    11.709    11.706  6 56404.47887072 29.731
 178  66.474048  62.346381    13.900    13.910  6 56414.39450979 41.503
 179  66.475043  62.344334    17.927    17.924  6 56424.31014370 32.571
 180  66.476496  62.344684    18.182    18.210  6 56434.22578975 30.889
 181  66.473343  62.345502    18.365    18.424  6 56444.14144167 30.242
 182  66.473572  62.347231    19.225    19.284  7 56454.05709144 54.816
 183  66.473982  62.346910    18.545    18.615  6 56463.97273819 31.294
 184  66.475006  62.344841    18.678    18.670  6 56473.88838135 32.004
 185  66.478300  62.342832    19.494    19.438  6 56483.80402134 52.692
 187  66.479343  62.343165    18.763    18.740  5 56503.63529267 25.406
 188  66.476355  62.343492    18.392    18.385  6 56513.55092540 39.049
 189  66.476587  62.344400    18.224    18.264  5 56523.46657552 25.797
 190  66.477050  62.343686    16.911    16.950  6 56533.38222749 25.875
 192  66.477128  62.342961    15.115    13.773  6 56553.21352044 28.828
 193  66.474843  62.344772    15.912    16.149  6 56563.12916315 30.304
 194  66.473216  62.346859    14.792    15.075  6 56573.04480465 35.038
 195  66.473746  62.347616    13.097    13.149  7 56582.96044401 38.987
 196  66.474839  62.345670    12.925    12.893  6 56592.87607863 29.787
 197  66.474921  62.344564    13.694    13.677  6 56602.79173003 42.455
 198  66.476522  62.344870    14.440    14.483  6 56612.70737938 36.688
 199  66.477915  62.346421    15.746    15.726  6 56622.62302464 49.946
 200  66.476301  62.346921    15.409    15.441  6 56632.53866663 32.979
 201  66.475706  62.345808    15.769    15.759  6 56642.45430415 28.715
 202  66.476952  62.344285    15.808    15.832  5 56652.36995407 25.890
 203  66.479352  62.343179    15.615    15.628  5 56662.28560385 24.212
 204  66.479569  62.343024    15.333    15.300  5 56672.20125056 27.569
 205  66.475259  62.344013    16.691    16.801  6 56682.11689525 18.251
 206  66.474941  62.345720    16.474    16.390  6 56692.03253832 16.382
 207  66.475625  62.345828    16.848    17.498  6 56701.94817734 16.303
 208  66.477033  62.343749    17.816    17.760  5 56711.86381123 17.136
 209  66.478716  62.343261    17.085    17.740  5 56721.77945670 17.422
 210  66.477601  62.344081    16.759    16.677  6 56731.69510815 17.454
 211  66.476440  62.346582    18.880    18.879  6 56741.61075616  8.420
 212  66.473172  62.348042    18.246    18.152  6 56751.52639960 11.092
 213  66.473232  62.348168    18.367    18.319  7 56761.44203808 10.329
 214  66.473084  62.345766    14.473    14.477  6 56771.35766954 26.706
 215  66.474825  62.345571    17.735    17.686  6 56781.27332482 35.863
 216  66.473764  62.345441    18.699    18.641  6 56791.18897940 31.551
 217  66.474151  62.346835    18.557    18.548  7 56801.10463120 34.623
 218  66.473139  62.347481    18.925    18.898  7 56811.02027569 36.390
 219  66.475533  62.347530    19.646    19.433  6 56820.93591584 35.028
 220  66.477871  62.345635    19.220    19.126  6 56830.85155170 28.437
 221  66.478854  62.342717    19.066    19.012  6 56840.76718408 30.447
 222  66.479865  62.341738    19.063    18.967  5 56850.68281996 27.291
 223  66.476497  62.343229    18.884    18.842  6 56860.59847433 29.496
 224  66.475619  62.345681    19.066    19.056  6 56870.51412832 44.871
 225  66.474900  62.346602    18.317    18.340  6 56880.42977945 27.446
 226  66.473272  62.345622    17.258    17.194  6 56890.34542663 32.586
 227  66.473693  62.344835    18.136    18.276  6 56900.26107114 33.968
 228  66.473170  62.345427    17.732    18.094  6 56910.17671357 34.030
 229  66.474160  62.347222    17.750    18.047  7 56920.09235455 34.865
 230  66.472433  62.347911    16.003    16.230  6 56930.00799301 31.919
 231  66.474617  62.347728    17.558    17.879  6 56939.92362694 29.442
 232  66.472988  62.345482    18.106    18.079  6 56949.83926390 29.830
 233  66.475178  62.345420    14.898    14.977  6 56959.75491626 46.324
 234  66.476826  62.345732    14.554    14.588  6 56969.67056359 44.017
 235  66.477548  62.346065    15.531    15.526  6 56979.58620698 35.247
 236  66.477016  62.345699    15.921    15.905  6 56989.50184578 30.498
 237  66.477677  62.344219    15.728    15.711  5 56999.41747829 25.321
 238  66.478509  62.344052    15.227    15.241  6 57009.33313095 21.961
 239  66.476634  62.343102    14.517    14.506  6 57019.24878325 22.915
 240  66.478559  62.344037    13.749    13.725  6 57029.16443296 20.715
 241  66.476981  62.344856    13.528    13.444  5 57039.08008059 19.282
 242  66.475400  62.345571    14.957    14.158  6 57048.99572585 16.749
 243  66.477452  62.346080    14.019    13.376  6 57058.91136747 18.465
 244  66.477030  62.344843    13.359    13.351  6 57068.82700302 17.166
 245  66.476693  62.343778    13.293    13.313  6 57078.74263434 17.650
 246  66.477305  62.344195    15.507    15.766  6 57088.65827007 16.463
 247  66.475212  62.346441    18.751    18.796  6 57098.57392854 13.631
 248  66.474859  62.348277    17.779    17.604  6 57108.48958418 12.821
 249  66.473413  62.347758    19.133    19.285  6 57118.40523428  7.682
 250  66.474737  62.346892    13.370    13.091  6 57128.32087848 18.807
