# NaN NaN NaN ;Mean Elev.(m), Avg Gradient(m/km), RMS Gradient(m/km) - SRTM1     
#  -12.838     NaN     NaN ;Mean Elev.(m), Avg Gradient(m/km), RMS Gradient(m/km) - ASTER GDEM
#    2.233   0.066   2.082 ;Mean Elev.(m), Avg Gradient(m/km), RMS Gradient(m/km) - GMTED2010 
   1  65.544219  64.884992     9.251     9.259  9 54665.42057118 29.037
   2  65.545148  64.885785     8.940     8.874  8 54675.33621586 45.668
   3  65.547493  64.887097     0.102     0.169  8 54685.25185926 27.468
   4  65.548296  64.888250     8.114     7.966  9 54695.16750103 30.154
   5  65.550038  64.887566     2.473     2.884  9 54705.08314050 28.256
   6  65.547124  64.885203     8.248     8.164  9 54714.99879216 28.668
   7  65.543768  64.882905     6.738     7.419  8 54724.91444228 31.299
   8  65.541733  64.882067     8.197     8.277  8 54734.83009032 25.544
   9  65.542670  64.883050     6.626     6.645  9 54744.74573735 41.989
  10  65.543517  64.884347     5.149     4.946  9 54754.66138392 44.436
  11  65.542608  64.884357     6.577     7.076  8 54764.57702939 30.794
  12  65.541272  64.882607     5.154     5.030  8 54774.49267218 49.811
  13  65.539127  64.881165     5.996     5.950  8 54784.40831231 48.222
  14  65.541950  64.881143     5.325     5.297  8 54794.32395101 41.493
  17  65.546000  64.885958     6.122     6.235  9 54824.07087071 21.773
  18  65.545566  64.884640     6.242     6.087  8 54833.98651076 20.020
  19  65.545466  64.883975     6.649     6.169  8 54843.90216078 19.247
  20  65.546586  64.884563     6.598     5.691  8 54853.81780982 18.806
  21  65.548297  64.885995     7.266     7.381  9 54863.73345860 17.818
  22  65.545999  64.886989     7.240     7.400  9 54873.64910683 17.939
  23  65.547522  64.885704     7.329     7.379  9 54883.56475318 16.429
  24  65.543139  64.883656     6.097     6.113  8 54893.48039566 16.338
  25  65.542352  64.881410     7.040     6.537  9 54903.39603581 16.347
  26  65.539912  64.881598     6.931     6.970  8 54913.31167443 16.655
  27  65.543787  64.882712     5.262     5.312  9 54923.22731283 18.714
  28  65.544123  64.884505     7.275     7.221  9 54933.14295009 15.837
  29  65.546214  64.884551     8.180     8.203  8 54943.05858577 13.758
  30  65.544059  64.883603     4.751     4.791  9 54952.97421919 20.481
  31  65.542193  64.881879     6.980     6.957  8 54962.88986288 43.138
  32  65.541289  64.881832     9.940     9.862  8 54972.80551135 42.266
  33  65.543252  64.883291     9.119     9.112  9 54982.72115902 31.351
  34  65.546782  64.884888     8.781     8.776  9 54992.63680654 30.618
  35  65.546202  64.885570     9.224     9.120  9 55002.55245290 34.336
  36  65.546681  64.884967     8.947     8.901  9 55012.46809759 26.900
  37  65.544322  64.884546     9.094     8.942  9 55022.38374060 26.296
  38  65.546404  64.884839     8.307     8.249  9 55032.29938316 27.845
  39  65.547659  64.886062     8.146     7.945  9 55042.21502490 30.709
  40  65.549193  64.886937     7.591     7.596  8 55052.13066517 31.494
  41  65.548355  64.886286     8.020     7.995  8 55062.04630314 29.011
  42  65.544603  64.884292     8.183     8.191  8 55071.96194629 25.561
  43  65.541440  64.882156     7.321     7.856  9 55081.87759475 34.916
  44  65.540973  64.881586     8.268     8.307  9 55091.79324166 23.160
  45  65.543884  64.882309     6.754     6.782  8 55101.70888830 38.790
  46  65.544268  64.883757     7.952     8.216  8 55111.62453427 26.190
  47  65.544738  64.883751     7.383     7.884  8 55121.54017820 28.979
  48  65.541449  64.882747     4.474     4.396  8 55131.45581903 36.664
  49  65.541213  64.881116     4.771     4.744  9 55141.37145820 47.957
  50  65.541048  64.881351     3.684     3.720  9 55151.28709661 37.753
  51  65.544371  64.883010     4.107     3.986  8 55161.20273539 35.632
  52  65.546354  64.885159     4.719     4.843  8 55171.11837363 31.673
  53  65.546307  64.886471     6.153     5.990  8 55181.03401025 25.803
  54  65.545298  64.885842     5.547     5.817  8 55190.94965905 29.702
  55  65.544836  64.885245     4.950     4.341  9 55200.86530933 27.020
  56  65.546806  64.885060     5.959     5.898  9 55210.78095910 18.050
  57  65.545199  64.885905     6.215     6.013  9 55220.69660799 17.489
  58  65.546547  64.885304     5.198     5.555  8 55230.61225619 26.054
  59  65.544443  64.884391     5.295     5.324  8 55240.52790087 24.424
  60  65.541358  64.882923     6.512     6.456  8 55250.44354194 16.419
  61  65.539819  64.881838     6.521     6.469  8 55260.35918088 15.882
  62  65.542561  64.881668     6.347     6.304  9 55270.27481937 16.139
  63  65.543618  64.882705     6.551     6.399  9 55280.19045757 14.725
  64  65.542957  64.883887     7.800     7.865  9 55290.10609438 15.609
  65  65.545351  64.883922     8.107     8.105  8 55300.02172918 14.353
  66  65.542945  64.883037     3.501     3.559  8 55309.93737437 41.337
  67  65.541253  64.882141     5.826     5.744  8 55319.85302004 38.778
  68  65.542814  64.881996     9.582     9.503  8 55329.76866485 46.516
  69  65.544703  64.883163     8.947     8.868  8 55339.68430935 24.662
  70  65.546357  64.884528     8.941     8.937  8 55349.59995351 24.095
  71  65.545929  64.885504     8.715     8.690  8 55359.51559549 23.609
  72  65.545296  64.885685     9.267     9.126  9 55369.43123536 47.381
  73  65.546247  64.885660     8.999     8.954  9 55379.34687393 47.618
  74  65.547151  64.886105     8.446     8.432  8 55389.26251178 23.394
  75  65.548207  64.886514     8.535     8.532  8 55399.17814866 26.162
  76  65.545843  64.886124     8.431     8.454  8 55409.09379477 26.671
  77  65.545603  64.884109     8.263     8.138  8 55419.00944558 29.556
  78  65.541975  64.882631     8.020     8.131  8 55428.92509265 35.720
  79  65.540904  64.882145     7.992     7.966  8 55438.84073723 25.982
  80  65.540864  64.882808     7.019     6.912  8 55448.75638037 31.456
  81  65.543881  64.883149     5.198     5.213  8 55458.67202348 46.988
  82  65.543691  64.883329     8.063     8.005  9 55468.58766556 26.173
  83  65.542133  64.882968     8.137     8.209  9 55478.50330429 26.232
  84  65.542916  64.882412     7.369     7.625  8 55488.41894028 27.903
  85  65.543709  64.882524     7.769     7.825  8 55498.33457399 27.171
  86  65.542618  64.883838     7.199     6.956  9 55508.25021242 23.109
  87  65.543842  64.884492     5.406     5.308  8 55518.16586278 43.197
  88  65.545448  64.885020     4.566     4.530  9 55528.08151227 34.791
  89  65.545738  64.885135     4.188     4.198  8 55537.99715975 33.893
  90  65.545973  64.885095     4.405     4.436  8 55547.91280496 24.644
  91  65.546969  64.885217     4.346     4.364  9 55557.82844842 22.841
  92  65.545092  64.886110     4.870     4.686  9 55567.74409067 20.701
  93  65.547403  64.885773     4.437     4.283  9 55577.65973258 21.204
  94  65.544732  64.884878     5.596     5.041  9 55587.57537194 18.895
  95  65.543571  64.883240     5.081     5.236  9 55597.49100841 18.974
  96  65.543562  64.882342     5.212     5.509  9 55607.40664217 20.089
  97  65.541619  64.883254     4.227     4.191  8 55617.32227367 20.604
  98  65.545805  64.884071     4.325     4.158  8 55627.23791874 20.014
  99  65.543736  64.884705     5.124     5.220  9 55637.15357015 18.696
 100  65.542548  64.884045     5.665     5.518  8 55647.06921969 15.203
 101  65.542917  64.882292     9.126     8.959  9 55656.98486660 11.362
 102  65.540279  64.881845     3.860     3.857  8 55666.90050882 45.986
 103  65.543270  64.882201     6.320     6.292  8 55676.81614861 40.902
 104  65.542685  64.884248     9.307     9.293  8 55686.73178606 41.486
 105  65.544669  64.885730     8.816     8.955  9 55696.64742259 26.922
 106  65.547815  64.886072     9.258     9.258  8 55706.56305801 54.978
 107  65.546466  64.885539     9.142     9.140  9 55716.47870793 55.137
 108  65.546561  64.885074     8.173     8.167  8 55726.39435664 25.530
 109  65.545829  64.885659     8.947     8.911  8 55736.31000345 54.939
 110  65.548641  64.886031     8.416     8.404  9 55746.22564937 25.958
 111  65.546113  64.886141     7.674     7.697  9 55756.14129293 32.416
 112  65.546103  64.884435     8.017     8.074  9 55766.05693437 23.709
 113  65.544145  64.882450     7.745     7.828  8 55775.97257273 25.109
 114  65.539941  64.881917     7.407     7.820  8 55785.88820788 26.487
 115  65.543455  64.882782     7.892     7.835  9 55795.80384164 23.942
 116  65.543900  64.884773     5.986     5.578  9 55805.71948143 32.832
 117  65.545147  64.885402     4.658     4.593  8 55815.63513062 43.418
 118  65.544726  64.884255     7.739     7.893  8 55825.55077704 24.998
 119  65.543915  64.882571     5.156     5.093  9 55835.46641898 38.401
 120  65.541424  64.882017     7.623     7.915  9 55845.38205721 26.406
 121  65.543574  64.883224     7.772     7.912  8 55855.29769301 25.454
 122  65.545792  64.885253     5.005     4.384  9 55865.21333359 32.552
 123  65.547254  64.886306     4.050     4.035  8 55875.12898671 40.189
 133  65.541982  64.882061     6.558     6.622  9 55974.28542054 17.488
 134  65.544454  64.884449     6.312     6.139  9 55984.20105688 17.641
 135  65.546870  64.885916     5.755     5.761  8 55994.11669101 17.404
 136  65.545878  64.884654     6.391     5.926  8 56004.03234206 18.199
 137  65.541640  64.882540     6.447     6.557  9 56013.94799066 16.502
 139  65.543878  64.882282     4.364     4.433  8 56033.77927972 21.601
 141  65.546370  64.886940     7.986     7.937  9 56053.61055917 42.986
 142  65.547853  64.887087     8.962     8.854  8 56063.52619435 25.862
 143  65.547307  64.885879     8.662     8.615  8 56073.44183650 28.151
 144  65.543809  64.885201     8.328     8.257  8 56083.35748618 26.325
 145  65.544630  64.885179     7.807     7.755  8 56093.27313383 53.882
 146  65.545687  64.885893     7.589     7.729  8 56103.18877926 35.957
 147  65.547505  64.885438     7.310     7.707  8 56113.10441040 29.666
 148  65.543799  64.884710     6.565     6.856  9 56123.02004891 33.451
 149  65.543936  64.882826     7.356     7.389  9 56132.93568393 23.761
 150  65.540992  64.882321     6.199     5.792  9 56142.85132141 32.901
 151  65.543121  64.882417     5.141     5.153  8 56152.76697223 32.335
 152  65.544580  64.883879     6.487     5.708  8 56162.68262136 27.688
 153  65.545470  64.884893     7.170     7.566  8 56172.59826847 21.177
 154  65.545061  64.884461     8.010     8.106  8 56182.51391072 21.907
 155  65.544912  64.882902     7.712     7.903  8 56192.42954933 23.470
 156  65.540933  64.882587     7.958     7.913  8 56202.34518483 22.272
 157  65.545245  64.883455     4.313     4.283  8 56212.26081919 48.559
 158  65.545878  64.886352     7.379     8.067  9 56222.17645116 25.265
 159  65.550663  64.887183     5.969     5.306  9 56232.09210639 26.381
 160  65.547028  64.887384     3.410     3.327  9 56242.00775859 38.424
 161  65.546764  64.885991     3.314     3.203  9 56251.92340690 30.238
 162  65.544861  64.885093     4.050     3.718  9 56261.83905036 26.358
 163  65.543866  64.885210     3.568     3.579  8 56271.75469167 31.082
 164  65.545499  64.885468     4.226     4.296  8 56281.67033296 22.745
 165  65.546667  64.884936     4.261     4.227  8 56291.58598520 21.791
 166  65.544715  64.883689     5.208     5.472  8 56301.50163273 18.814
 167  65.542377  64.882182     5.723     5.233  8 56311.41727606 18.569
 168  65.542571  64.881460     5.823     5.671  9 56321.33291741 17.654
 169  65.541773  64.882623     6.585     7.122  8 56331.24855798 17.300
 170  65.543504  64.884101     6.034     5.466  8 56341.16419827 15.863
 171  65.545067  64.885079     6.556     5.548  8 56351.07983632 16.239
 172  65.546403  64.884443     5.966     5.581  8 56360.99547537 16.057
 173  65.543735  64.883181     6.702     6.544  9 56370.91112490 15.032
 174  65.542675  64.882711     7.247     7.723  9 56380.82677185 14.754
 175  65.542678  64.883956     6.093     6.078  9 56390.74241654 16.848
 176  65.544997  64.885586     7.157     7.187  9 56400.65805973 11.262
 177  65.549079  64.886390     3.241     3.241  9 56410.57370045 35.742
 178  65.548251  64.886780     7.508     7.506  8 56420.48933593 35.593
 179  65.546192  64.886578     9.160     9.300  9 56430.40497292 34.060
 180  65.546588  64.885420     8.637     8.639  9 56440.32062615 26.344
 181  65.546550  64.884855     8.871     8.807  9 56450.23627687 24.905
 182  65.545561  64.884623     8.427     8.514  9 56460.15192525 24.257
 183  65.543095  64.884006     9.132     9.149  8 56470.06757021 37.856
 184  65.544283  64.882964     8.513     8.531  9 56479.98321174 23.572
 185  65.543383  64.882589     8.575     8.603  9 56489.89884905 23.152
 187  65.543462  64.884262     8.600     8.506  9 56509.73011722 41.748
 188  65.546158  64.884749     8.113     8.127  8 56519.64575930 29.271
 189  65.544038  64.884806     7.302     7.116  9 56529.56141271 26.793
 190  65.543688  64.884294     7.633     7.622  8 56539.47706227 23.090
 191  65.544891  64.883492     7.498     7.634  9 56549.39270776 21.988
 192  65.544135  64.883869     7.024     7.329  8 56559.30835064 24.849
 193  65.545536  64.884841     7.434     6.979  9 56569.22399277 24.280
 194  65.548478  64.886102     4.688     4.636  9 56579.13963373 36.673
 195  65.547420  64.887225     4.080     4.092  8 56589.05527051 35.931
 196  65.547496  64.886774     5.341     5.351  8 56598.97091484 47.522
 197  65.545685  64.885724     5.612     5.634  8 56608.88656569 34.005
 198  65.545172  64.885483     5.612     5.585  8 56618.80221166 32.139
 199  65.546997  64.885371     5.040     5.018  8 56628.71785456 26.318
 200  65.545302  64.885453     5.836     5.438  8 56638.63349411 21.189
 201  65.544878  64.884245     5.345     4.889  9 56648.54913806 19.930
 202  65.543588  64.882526     5.818     5.743  9 56658.46478955 19.251
 203  65.543146  64.881857     6.696     7.020  8 56668.38043695 17.356
 205  65.542742  64.884492     7.731     7.857  8 56688.21172535 16.638
 206  65.545631  64.884656     7.424     7.572  9 56698.12736690 17.351
 207  65.545141  64.884302     7.713     7.409  9 56708.04300357 17.566
 208  65.543451  64.883852     7.385     7.228  8 56717.95864085 16.107
 209  65.542740  64.883617     8.404     8.375  8 56727.87429354 16.063
 211  65.546843  64.885966     7.285     7.429  8 56747.70558756 13.658
 212  65.546755  64.886914     6.636     6.369  9 56757.62122807 13.730
 213  65.547475  64.886776     3.739     3.745  9 56767.53686279 31.664
 214  65.545203  64.885916     4.619     4.733  8 56777.45250725 28.089
 215  65.546563  64.884723     7.596     7.619  9 56787.36816361 40.991
 216  65.544617  64.884840     9.299     9.305  9 56797.28381605 30.630
 217  65.545932  64.884916     9.138     8.982  9 56807.19946360 32.457
 219  65.543742  64.883434     9.891     9.837  9 56827.03074258 53.037
 220  65.543137  64.882286     9.082     9.060  9 56836.94637705 28.731
 221  65.542109  64.882976     9.196     9.236  8 56846.86200831 26.316
 222  65.544981  64.883626     8.837     8.655  8 56856.77765884 26.683
 223  65.546758  64.884724     8.929     9.007  8 56866.69331228 26.446
 224  65.543947  64.885074     9.423     9.380  9 56876.60896399 53.405
 225  65.545306  64.883794     8.389     8.407  8 56886.52461307 40.638
 226  65.542166  64.882867     6.723     6.664  9 56896.44025897 33.231
 227  65.544034  64.882784     7.147     7.249  8 56906.35590238 24.304
 228  65.545761  64.884370     7.650     7.736  8 56916.27154353 23.734
 229  65.548212  64.886386     7.756     7.722  8 56926.18718283 24.806
 230  65.549198  64.887506     6.513     6.325  9 56936.10281873 37.658
 231  65.549508  64.887125     6.796     6.997  9 56946.01844937 35.042
 232  65.545601  64.885404     6.135     6.091  9 56955.93410162 39.785
 233  65.545471  64.884098     5.670     5.682  9 56965.84975083 34.910
 234  65.544605  64.884839     5.533     5.461  9 56975.76539543 31.408
 235  65.545760  64.886017     6.327     6.052  8 56985.68103567 23.607
 236  65.548030  64.885938     6.561     6.496  9 56995.59667060 24.620
 237  65.544651  64.884564     6.476     6.242  9 57005.51231261 21.786
 238  65.543051  64.882088     7.199     6.633  8 57015.42796759 18.216
 239  65.542202  64.881575     7.290     7.653  9 57025.34361826 18.222
 240  65.542511  64.883437     7.365     7.366  8 57035.25926675 17.901
 241  65.546301  64.885054     7.585     7.504  8 57045.17491305 16.141
 242  65.546084  64.885712     7.742     7.737  8 57055.09055597 14.843
 243  65.543575  64.884840     7.758     7.899  8 57065.00619384 15.112
 244  65.544335  64.883903     7.731     7.617  9 57074.92182729 14.649
 245  65.544845  64.884770     6.294     6.337  8 57084.83745730 15.438
 246  65.545798  64.886380     7.565     7.570  9 57094.75311112 14.167
 247  65.548982  64.887432     8.687     8.644  8 57104.66876786 12.436
 248  65.548512  64.887704     8.923     8.843  9 57114.58442002 11.606
 249  65.545999  64.886485     9.023     8.875  9 57124.50006591  3.159
 250  65.544652  64.884809     8.760     8.809  9 57134.41570666  6.848
