# NaN NaN NaN ;Mean Elev.(m), Avg Gradient(m/km), RMS Gradient(m/km) - SRTM1     
#   44.993  -2.057   5.345 ;Mean Elev.(m), Avg Gradient(m/km), RMS Gradient(m/km) - ASTER GDEM
#   46.277  -1.386   4.578 ;Mean Elev.(m), Avg Gradient(m/km), RMS Gradient(m/km) - GMTED2010 
   1    54.114 54666.19501827 29.74  81.636631  58.708801 22.667 -100.00 -100.00 -100.00
   1    54.118 54666.19501886 24.44  81.640483  58.710504  8.199 -100.00 -100.00 -100.00
   1    54.404 54666.19501945 24.46  81.644336  58.712206 10.201 -100.00 -100.00 -100.00
   1    55.201 54666.19502004 31.96  81.648189  58.713908 27.026 -100.00 -100.00 -100.00
   2    53.318 54676.11066292 33.04  81.635372  58.710123   -100 -100.00 -100.00 -100.00
   2    50.866 54676.11066351 32.53  81.639225  58.711825   -100 -100.00 -100.00 -100.00
   2    50.561 54676.11066410 33.93  81.643078  58.713527   -100 -100.00 -100.00 -100.00
   2    55.545 54676.11066469 31.01  81.646932  58.715230 24.024 -100.00 -100.00 -100.00
   3   -27.065 54686.02630565  8.18  81.630777  58.710285  3.993  261.58  261.56  259.54
   3   -25.958 54686.02630624  8.18  81.634630  58.711987  4.218  261.58  261.56  259.54
   3   -24.864 54686.02630683  8.92  81.638482  58.713690  5.015  261.58  261.56  259.54
   3   -24.080 54686.02630742  6.42  81.642336  58.715392  4.562  261.58  261.56  259.54
   4    50.178 54695.94194719 41.20  81.630934  58.710767   -100 -100.00 -100.00 -100.00
   4    50.042 54695.94194778 41.83  81.634787  58.712470  9.931 -100.00 -100.00 -100.00
   4    50.099 54695.94194837 38.06  81.638639  58.714172   -100 -100.00 -100.00 -100.00
   4    54.547 54695.94194897 34.36  81.642492  58.715875   -100 -100.00 -100.00 -100.00
   5   -22.775 54705.85758660  5.24  81.634421  58.709883  3.058 -100.00 -100.00 -100.00
   5   -21.951 54705.85758719  5.14  81.638273  58.711586  2.200 -100.00 -100.00 -100.00
   5   -21.766 54705.85758778  5.33  81.642126  58.713288  2.259 -100.00 -100.00 -100.00
   5   -21.494 54705.85758837  5.30  81.645979  58.714990  2.198 -100.00 -100.00 -100.00
   6    49.950 54715.77323861 40.15  81.634375  58.707738   -100  264.52  265.22  263.60
   6    49.721 54715.77323920 39.88  81.638226  58.709441  6.052  264.52  265.22  263.60
   6    49.835 54715.77323979 35.41  81.642079  58.711143   -100  264.52  265.22  263.60
   6    49.762 54715.77324038 34.31  81.645931  58.712845   -100 -100.00 -100.00 -100.00
   7    12.275 54725.68888869 10.42  81.637174  58.707154  6.856 -100.00 -100.00 -100.00
   7    12.443 54725.68888928  8.01  81.641026  58.708856  3.669 -100.00 -100.00 -100.00
   7    12.405 54725.68888987  8.66  81.644879  58.710558  4.014 -100.00 -100.00 -100.00
   7    12.407 54725.68889046  8.35  81.648732  58.712260  2.958 -100.00 -100.00 -100.00
   8    50.805 54735.60453672 49.28  81.635771  58.707508   -100 -100.00 -100.00 -100.00
   8    50.706 54735.60453732 47.19  81.639623  58.709210   -100 -100.00 -100.00 -100.00
   8    50.402 54735.60453791 43.27  81.643476  58.710912  5.113 -100.00 -100.00 -100.00
   8    50.466 54735.60453850 42.48  81.647329  58.712614   -100 -100.00 -100.00 -100.00
   9    50.997 54745.52018410 48.02  81.633149  58.709615   -100 -100.00 -100.00 -100.00
   9    50.863 54745.52018469 48.92  81.637001  58.711317   -100 -100.00 -100.00 -100.00
   9    50.452 54745.52018528 53.23  81.640854  58.713020 24.808 -100.00 -100.00 -100.00
   9    50.524 54745.52018587 55.16  81.644708  58.714721 18.986 -100.00 -100.00 -100.00
  10    50.388 54755.43583089 43.82  81.630041  58.710738   -100  259.53  260.19  260.49
  10    50.478 54755.43583148 43.52  81.633894  58.712440   -100  259.53  260.19  260.49
  10    50.110 54755.43583207 45.23  81.637747  58.714142 10.078  259.53  260.19  260.49
  10    50.087 54755.43583266 41.35  81.641600  58.715844   -100  259.53  260.19  260.49
  11    50.279 54765.35147655 44.01  81.631083  58.710518   -100 -100.00 -100.00 -100.00
  11    50.868 54765.35147714 43.91  81.634936  58.712220 22.952 -100.00 -100.00 -100.00
  11    50.531 54765.35147773 46.99  81.638789  58.713923 32.006 -100.00 -100.00 -100.00
  11    49.995 54765.35147832 52.23  81.642643  58.715625 14.504 -100.00 -100.00 -100.00
  12    49.969 54775.26711937 35.38  81.635171  58.708958   -100  257.21  257.24  258.08
  12    50.178 54775.26711996 33.75  81.639024  58.710660 30.755 -100.00 -100.00 -100.00
  12    50.067 54775.26712055 34.30  81.642877  58.712363   -100 -100.00 -100.00 -100.00
  12    50.024 54775.26712114 38.84  81.646731  58.714065   -100 -100.00 -100.00 -100.00
  13    52.121 54785.18275923 39.74  81.636147  58.706543 21.119 -100.00 -100.00 -100.00
  13    51.704 54785.18275982 42.04  81.640000  58.708245 29.261 -100.00 -100.00 -100.00
  13    51.642 54785.18276041 46.99  81.643854  58.709947   -100 -100.00 -100.00 -100.00
  13    51.309 54785.18276100 50.32  81.647707  58.711649  9.999 -100.00 -100.00 -100.00
  14    52.691 54795.09839761 35.95  81.635887  58.706184 24.349 -100.00 -100.00 -100.00
  14    52.321 54795.09839820 36.90  81.639740  58.707886 25.441 -100.00 -100.00 -100.00
  14    52.018 54795.09839879 44.16  81.643593  58.709588 25.013 -100.00 -100.00 -100.00
  14    52.101 54795.09839938 39.09  81.647447  58.711291  5.778 -100.00 -100.00 -100.00
  17    51.827 54824.84531803 23.38  81.632691  58.708150  9.012 -100.00 -100.00 -100.00
  17    52.625 54824.84531862 22.06  81.636543  58.709853  6.207 -100.00 -100.00 -100.00
  17    52.501 54824.84531922 22.31  81.640396  58.711556  6.481 -100.00 -100.00 -100.00
  17    51.296 54824.84531981 23.53  81.644249  58.713258  8.450 -100.00 -100.00 -100.00
  17    51.366 54824.84532040 23.83  81.648102  58.714960  8.707 -100.00 -100.00 -100.00
  18    52.361 54834.76095764 21.64  81.632433  58.708314  9.008 -100.00 -100.00 -100.00
  18    52.109 54834.76095824 21.03  81.636285  58.710016  7.499 -100.00 -100.00 -100.00
  18    52.014 54834.76095883 20.53  81.640138  58.711719  6.772 -100.00 -100.00 -100.00
  18    51.309 54834.76095942 21.58  81.643992  58.713421  9.273 -100.00 -100.00 -100.00
  18    51.058 54834.76096001 22.14  81.647845  58.715123  9.609 -100.00 -100.00 -100.00
  19    52.434 54844.67660762 18.91  81.632501  58.709749  5.324 -100.00 -100.00 -100.00
  19    52.183 54844.67660821 19.69  81.636354  58.711451  5.666 -100.00 -100.00 -100.00
  19    52.299 54844.67660880 19.29  81.640207  58.713154  6.202 -100.00 -100.00 -100.00
  19    52.534 54844.67660939 19.13  81.644060  58.714856  6.051 -100.00 -100.00 -100.00
  20    52.079 54854.59225674 18.91  81.631165  58.711359  4.706  246.81  240.34  225.71
  20    52.268 54854.59225733 19.21  81.635018  58.713061  5.010  246.81  240.34  225.71
  20    52.461 54854.59225792 18.69  81.638872  58.714764  4.911  246.81  240.34  225.71
  20    52.978 54854.59225851 18.73  81.642726  58.716466  4.361  246.81  240.34  225.71
  21    51.858 54864.50790551 19.66  81.628013  58.712514  6.724  245.58  238.46  219.97
  21    51.801 54864.50790610 20.02  81.631866  58.714217  6.959  245.58  238.46  219.97
  21    52.078 54864.50790670 19.33  81.635720  58.715919  6.732  245.58  238.46  219.97
  21    52.415 54864.50790729 18.59  81.639574  58.717621  5.015  245.58  238.46  219.97
  21    52.881 54864.50790788 18.11  81.643428  58.719323  4.496 -100.00 -100.00 -100.00
  22    51.933 54874.42355460 17.95  81.630019  58.714275  4.668 -100.00 -100.00 -100.00
  22    52.519 54874.42355578 18.07  81.637726  58.717680  5.227 -100.00 -100.00 -100.00
  22    51.276 54874.42355637 18.16  81.641581  58.719382  5.054 -100.00 -100.00 -100.00
  23    52.036 54884.33920006 17.86  81.627553  58.711694  5.291 -100.00 -100.00 -100.00
  23    52.116 54884.33920065 16.96  81.631406  58.713397  4.796 -100.00 -100.00 -100.00
  23    51.907 54884.33920124 17.55  81.635260  58.715099  4.955 -100.00 -100.00 -100.00
  23    52.078 54884.33920183 17.52  81.639114  58.716801  4.223 -100.00 -100.00 -100.00
  23    52.535 54884.33920242 16.77  81.642968  58.718504  3.872 -100.00 -100.00 -100.00
  24    52.057 54894.25484294 17.23  81.632215  58.710685  4.700 -100.00 -100.00 -100.00
  24    52.004 54894.25484353 17.09  81.636068  58.712387  4.378 -100.00 -100.00 -100.00
  24    52.273 54894.25484412 16.90  81.639922  58.714090  3.973 -100.00 -100.00 -100.00
  24    52.161 54894.25484471 17.06  81.643776  58.715792  4.360 -100.00 -100.00 -100.00
  25    53.024 54904.17048298 16.47  81.635495  58.709792  4.789 -100.00 -100.00 -100.00
  25    52.817 54904.17048357 16.17  81.639348  58.711494  4.228 -100.00 -100.00 -100.00
  25    52.930 54904.17048416 16.01  81.643202  58.713197  4.127 -100.00 -100.00 -100.00
  25    53.030 54904.17048475 16.11  81.647057  58.714899  4.221 -100.00 -100.00 -100.00
  26    53.286 54914.08612133 16.78  81.634264  58.708932  5.078 -100.00 -100.00 -100.00
  26    52.903 54914.08612192 16.26  81.638117  58.710634  4.536 -100.00 -100.00 -100.00
  26    52.966 54914.08612251 15.96  81.641971  58.712337  4.239 -100.00 -100.00 -100.00
  26    52.878 54914.08612310 16.20  81.645825  58.714039  4.372 -100.00 -100.00 -100.00
  27    52.767 54924.00175936 27.55  81.633937  58.709973 21.480 -100.00 -100.00 -100.00
  27    50.776 54924.00175995 29.24  81.637790  58.711675 24.960 -100.00 -100.00 -100.00
  27    50.557 54924.00176054 27.56  81.641644  58.713378 19.342 -100.00 -100.00 -100.00
  27    54.909 54924.00176113 25.31  81.645498  58.715080 13.790 -100.00 -100.00 -100.00
  28    51.932 54933.91739623 33.81  81.631953  58.709545 26.813  253.66  250.20  243.54
  28    51.607 54933.91739682 35.53  81.635805  58.711247   -100  253.66  250.20  243.54
  28    51.672 54933.91739741 34.36  81.639659  58.712950 31.732  253.66  250.20  243.54
  28    51.731 54933.91739800 31.38  81.643512  58.714652 19.370  253.66  250.20  243.54
  29    56.152 54943.83303161 53.22  81.635173  58.708949 12.021 -100.00 -100.00 -100.00
  29    56.176 54943.83303220 54.77  81.639026  58.710651 20.001 -100.00 -100.00 -100.00
  29    56.306 54943.83303279 54.64  81.642879  58.712353   -100 -100.00 -100.00 -100.00
  29    55.996 54943.83303338 56.49  81.646732  58.714056   -100 -100.00 -100.00 -100.00
  30    54.790 54953.74866475 30.57  81.639260  58.706732 19.819 -100.00 -100.00 -100.00
  30    54.691 54953.74866535 27.91  81.643112  58.708435 12.659 -100.00 -100.00 -100.00
  30    54.929 54953.74866594 29.76  81.646965  58.710137 18.724 -100.00 -100.00 -100.00
  30    55.142 54953.74866653 32.07  81.650817  58.711839 25.477 -100.00 -100.00 -100.00
  31    55.085 54963.66430928 35.68  81.639320  58.705092   -100 -100.00 -100.00 -100.00
  31    54.705 54963.66430987 30.68  81.643172  58.706794 18.061 -100.00 -100.00 -100.00
  31    54.824 54963.66431046 28.17  81.647025  58.708496 10.705 -100.00 -100.00 -100.00
  31    55.488 54963.66431105 27.35  81.650877  58.710198  8.166 -100.00 -100.00 -100.00
  32    55.274 54973.57995790 32.25  81.639436  58.706455 22.857 -100.00 -100.00 -100.00
  32    54.902 54973.57995849 31.01  81.643288  58.708157 19.492 -100.00 -100.00 -100.00
  32    55.043 54973.57995908 29.74  81.647141  58.709859 14.181 -100.00 -100.00 -100.00
  32    55.559 54973.57995967 28.66  81.650994  58.711561 12.243 -100.00 -100.00 -100.00
  33    55.319 54983.49560555 38.94  81.636016  58.707778   -100 -100.00 -100.00 -100.00
  33    55.412 54983.49560614 30.21  81.639869  58.709480 13.241 -100.00 -100.00 -100.00
  33    55.236 54983.49560673 30.23  81.643722  58.711183 14.347 -100.00 -100.00 -100.00
  33    55.248 54983.49560732 39.01  81.647575  58.712885   -100 -100.00 -100.00 -100.00
  34    55.634 54993.41125294 39.18  81.632452  58.708692   -100 -100.00 -100.00 -100.00
  34    55.173 54993.41125354 35.81  81.636305  58.710394   -100 -100.00 -100.00 -100.00
  34    55.007 54993.41125413 31.69  81.640157  58.712096 21.333 -100.00 -100.00 -100.00
  34    55.240 54993.41125472 31.21  81.644011  58.713799 16.987 -100.00 -100.00 -100.00
  35    54.788 55003.32689978 34.90  81.633294  58.710285   -100 -100.00 -100.00 -100.00
  35    54.748 55003.32690037 30.87  81.637147  58.711987 20.065 -100.00 -100.00 -100.00
  35    55.211 55003.32690096 28.63  81.641000  58.713690 12.296 -100.00 -100.00 -100.00
  35    55.583 55003.32690155 33.69  81.644853  58.715392 24.423 -100.00 -100.00 -100.00
  36    54.837 55013.24254439 31.93  81.633603  58.710690 22.968 -100.00 -100.00 -100.00
  36    54.567 55013.24254498 29.68  81.637456  58.712392 18.137 -100.00 -100.00 -100.00
  36    55.127 55013.24254557 27.18  81.641310  58.714094 12.364 -100.00 -100.00 -100.00
  36    55.902 55013.24254616 33.62  81.645163  58.715797 24.327 -100.00 -100.00 -100.00
  37    54.570 55023.15818729 32.63  81.632559  58.710115 29.737 -100.00 -100.00 -100.00
  37    54.572 55023.15818788 29.26  81.636411  58.711817 18.565 -100.00 -100.00 -100.00
  37    54.986 55023.15818847 27.71  81.640265  58.713520 12.941 -100.00 -100.00 -100.00
  37    55.221 55023.15818906 30.05  81.644118  58.715222 18.247 -100.00 -100.00 -100.00
  38    54.007 55033.07382946 42.94  81.631086  58.710348 30.211 -100.00 -100.00 -100.00
  38    53.362 55033.07383005 47.09  81.634939  58.712050   -100 -100.00 -100.00 -100.00
  38    53.294 55033.07383064 50.31  81.638792  58.713753 13.711 -100.00 -100.00 -100.00
  38    53.241 55033.07383123 50.39  81.642646  58.715455 17.201 -100.00 -100.00 -100.00
  39    53.949 55042.98947130 29.71  81.632514  58.711720 23.545 -100.00 -100.00 -100.00
  39    53.782 55042.98947189 25.30  81.636367  58.713422 12.464 -100.00 -100.00 -100.00
  39    55.079 55042.98947248 26.03  81.640220  58.715125 14.824 -100.00 -100.00 -100.00
  39    55.661 55042.98947307 32.11  81.644073  58.716827 27.711 -100.00 -100.00 -100.00
  40    51.683 55052.90511117 41.81  81.633211  58.711000   -100 -100.00 -100.00 -100.00
  40    51.493 55052.90511176 42.18  81.637064  58.712702  8.957 -100.00 -100.00 -100.00
  40    51.182 55052.90511235 40.97  81.640916  58.714405 21.233 -100.00 -100.00 -100.00
  40    55.537 55052.90511294 33.35  81.644770  58.716107 30.000 -100.00 -100.00 -100.00
  41    51.471 55062.82074859 49.47  81.633912  58.708485   -100  264.29  265.58  263.05
  41    51.625 55062.82074918 48.30  81.637764  58.710188   -100 -100.00 -100.00 -100.00
  41    51.357 55062.82074977 52.26  81.641616  58.711890 13.750 -100.00 -100.00 -100.00
  41    51.334 55062.82075036 54.13  81.645469  58.713592  6.310 -100.00 -100.00 -100.00
  42    51.108 55072.73639306 47.28  81.636825  58.707782   -100  264.75  266.16  263.14
  42    50.958 55072.73639365 49.27  81.640677  58.709484  7.758  264.75  266.16  263.14
  42    50.898 55072.73639424 52.40  81.644529  58.711186 26.260  264.75  266.16  263.14
  42    50.980 55072.73639483 47.88  81.648382  58.712888   -100  264.75  266.16  263.14
  43    51.609 55082.65204130 47.12  81.636729  58.707347   -100 -100.00 -100.00 -100.00
  43    51.481 55082.65204189 48.29  81.640581  58.709049   -100 -100.00 -100.00 -100.00
  43    51.407 55082.65204248 53.00  81.644433  58.710751   -100 -100.00 -100.00 -100.00
  43    51.177 55082.65204307 54.07  81.648286  58.712453 28.780 -100.00 -100.00 -100.00
  44    50.774 55092.56768793 46.96  81.634223  58.707541   -100 -100.00 -100.00 -100.00
  44    50.577 55092.56768852 45.29  81.638075  58.709243 10.546 -100.00 -100.00 -100.00
  44    50.702 55092.56768911 44.29  81.641928  58.710945  1.618 -100.00 -100.00 -100.00
  44    50.537 55092.56768971 42.18  81.645781  58.712647  8.545 -100.00 -100.00 -100.00
  45    50.437 55102.48333484 37.30  81.634264  58.709487   -100 -100.00 -100.00 -100.00
  45    50.282 55102.48333543 35.52  81.638117  58.711189   -100 -100.00 -100.00 -100.00
  45    50.117 55102.48333602 34.99  81.641970  58.712891   -100 -100.00 -100.00 -100.00
  45    54.775 55102.48333661 35.04  81.645823  58.714593   -100 -100.00 -100.00 -100.00
  46    53.516 55112.39898081 33.02  81.630610  58.709275   -100  265.42  265.89  266.05
  46    50.547 55112.39898140 36.30  81.634462  58.710978   -100 -100.00 -100.00 -100.00
  46    50.701 55112.39898199 33.09  81.638315  58.712680   -100 -100.00 -100.00 -100.00
  46    50.358 55112.39898258 33.46  81.642169  58.714382   -100 -100.00 -100.00 -100.00
  46    55.004 55112.39898317 33.38  81.646023  58.716084 30.950 -100.00 -100.00 -100.00
  47    53.528 55122.31462496 33.07  81.632125  58.709173   -100 -100.00 -100.00 -100.00
  47    50.551 55122.31462555 36.87  81.635978  58.710875  2.174 -100.00 -100.00 -100.00
  47    50.576 55122.31462614 33.75  81.639831  58.712578   -100 -100.00 -100.00 -100.00
  47    54.478 55122.31462673 33.24  81.643685  58.714280   -100 -100.00 -100.00 -100.00
  48    53.461 55132.23026599 26.88  81.633689  58.707738 11.069 -100.00 -100.00 -100.00
  48    53.403 55132.23026658 27.47  81.637542  58.709440 13.720 -100.00 -100.00 -100.00
  48    52.982 55132.23026717 29.38  81.641395  58.711143 18.202 -100.00 -100.00 -100.00
  48    51.561 55132.23026776 28.94  81.645248  58.712845 15.820 -100.00 -100.00 -100.00
  49    52.227 55142.14590496 39.07  81.635133  58.706598   -100 -100.00 -100.00 -100.00
  49    52.285 55142.14590555 41.13  81.638986  58.708301   -100 -100.00 -100.00 -100.00
  49    52.657 55142.14590614 46.06  81.642839  58.710003 29.250 -100.00 -100.00 -100.00
  49    51.881 55142.14590673 49.47  81.646692  58.711705 20.810 -100.00 -100.00 -100.00
  50    52.732 55152.06154343 32.69  81.636279  58.707274 25.130 -100.00 -100.00 -100.00
  50    52.871 55152.06154403 32.18  81.640132  58.708976 21.197 -100.00 -100.00 -100.00
  50    52.887 55152.06154462 32.57  81.643985  58.710678 23.096 -100.00 -100.00 -100.00
  50    52.726 55152.06154521 31.37  81.647839  58.712381 17.706 -100.00 -100.00 -100.00
  51    52.064 55161.97718194 27.99  81.635693  58.708108 10.842 -100.00 -100.00 -100.00
  51    52.023 55161.97718253 28.28  81.639546  58.709811 12.501 -100.00 -100.00 -100.00
  51    51.994 55161.97718312 28.64  81.643399  58.711513 11.895 -100.00 -100.00 -100.00
  51    51.881 55161.97718371 28.84  81.647253  58.713215 13.524 -100.00 -100.00 -100.00
  52    51.939 55171.89281987 23.89  81.634202  58.708185  8.625 -100.00 -100.00 -100.00
  52    51.736 55171.89282046 25.92  81.638055  58.709888 10.808 -100.00 -100.00 -100.00
  52    51.656 55171.89282105 25.32  81.641907  58.711590 10.453 -100.00 -100.00 -100.00
  52    51.681 55171.89282164 25.94  81.645761  58.713293 10.593 -100.00 -100.00 -100.00
  53    51.893 55181.80845620 23.15  81.633689  58.707483 10.102  259.94  258.35  254.11
  53    51.426 55181.80845679 25.74  81.637541  58.709186 15.177 -100.00 -100.00 -100.00
  53    51.497 55181.80845738 23.26  81.641393  58.710889  9.118 -100.00 -100.00 -100.00
  53    51.384 55181.80845797 25.69  81.645246  58.712591 14.079 -100.00 -100.00 -100.00
  54    51.884 55191.72410647 19.03  81.635104  58.709339  7.854 -100.00 -100.00 -100.00
  54    51.565 55191.72410706 20.57  81.638957  58.711042  9.887 -100.00 -100.00 -100.00
  54    51.087 55191.72410765 23.88  81.642810  58.712744 16.064 -100.00 -100.00 -100.00
  54    51.359 55191.72410824 20.19  81.646663  58.714447  9.413 -100.00 -100.00 -100.00
  55    51.930 55201.63975632 17.06  81.631367  58.709807  6.032 -100.00 -100.00 -100.00
  55    51.811 55201.63975691 18.28  81.635220  58.711510  7.280 -100.00 -100.00 -100.00
  55    51.351 55201.63975751 24.60  81.639073  58.713212 17.414 -100.00 -100.00 -100.00
  55    51.601 55201.63975810 25.48  81.642926  58.714914 19.601 -100.00 -100.00 -100.00
  56    51.700 55211.55540622 17.54  81.631698  58.711853  6.475 -100.00 -100.00 -100.00
  56    50.915 55211.55540681 23.24  81.635551  58.713555 15.655 -100.00 -100.00 -100.00
  56    51.089 55211.55540740 25.65  81.639405  58.715258 19.995 -100.00 -100.00 -100.00
  56    51.355 55211.55540799 26.55  81.643258  58.716960 21.778 -100.00 -100.00 -100.00
  57    52.326 55221.47105529 15.88  81.630423  58.712098  4.574 -100.00 -100.00 -100.00
  57    51.856 55221.47105588 17.96  81.634276  58.713801  7.793 -100.00 -100.00 -100.00
  57    51.027 55221.47105647 21.84  81.638130  58.715503 13.381 -100.00 -100.00 -100.00
  57    50.895 55221.47105706 20.93  81.641984  58.717206 11.945 -100.00 -100.00 -100.00
  58    52.058 55231.38670315 15.66  81.630085  58.711134  5.009 -100.00 -100.00 -100.00
  58    51.812 55231.38670374 15.63  81.633939  58.712836  5.564 -100.00 -100.00 -100.00
  58    51.398 55231.38670433 17.85  81.637792  58.714539  7.932 -100.00 -100.00 -100.00
  58    50.601 55231.38670492 22.93  81.641646  58.716241 16.801 -100.00 -100.00 -100.00
  59    52.486 55241.30234821 15.81  81.633715  58.710733  4.928 -100.00 -100.00 -100.00
  59    52.737 55241.30234880 15.27  81.637569  58.712436  3.817 -100.00 -100.00 -100.00
  59    52.526 55241.30234939 15.64  81.641423  58.714138  4.613 -100.00 -100.00 -100.00
  59    52.809 55241.30234998 15.03  81.645277  58.715840  3.803 -100.00 -100.00 -100.00
  60    52.343 55251.21798908 14.49  81.632727  58.708724  3.761  245.50  234.73  212.07
  60    52.443 55251.21798967 14.59  81.636580  58.710426  4.258  245.50  234.73  212.07
  60    53.219 55251.21799026 14.28  81.640434  58.712129  3.367  245.50  234.73  212.07
  60    53.077 55251.21799085 14.38  81.644288  58.713831  3.423  245.50  234.73  212.07
  61    53.194 55261.13362837 14.41  81.635921  58.709768  4.140 -100.00 -100.00 -100.00
  61    53.242 55261.13362896 13.94  81.639774  58.711470  3.413 -100.00 -100.00 -100.00
  61    52.911 55261.13362956 13.98  81.643628  58.713172  3.251 -100.00 -100.00 -100.00
  61    53.133 55261.13363015 13.86  81.647483  58.714874  3.316 -100.00 -100.00 -100.00
  62    53.363 55271.04926605 13.68  81.634164  58.709359  4.103 -100.00 -100.00 -100.00
  62    52.368 55271.04926664 13.82  81.638018  58.711062  4.288 -100.00 -100.00 -100.00
  62    53.077 55271.04926723 13.18  81.641871  58.712764  3.726 -100.00 -100.00 -100.00
  62    53.120 55271.04926782 13.33  81.645726  58.714466  4.134 -100.00 -100.00 -100.00
  63    54.085 55280.96490375 10.93  81.633941  58.709102  4.382 -100.00 -100.00 -100.00
  63    53.815 55280.96490434 11.04  81.637794  58.710805  5.689 -100.00 -100.00 -100.00
  63    53.190 55280.96490493 12.92  81.641648  58.712507  8.050 -100.00 -100.00 -100.00
  63    52.683 55280.96490552 12.83  81.645501  58.714209  7.703 -100.00 -100.00 -100.00
  64    54.100 55290.88054033 11.58  81.635300  58.708354  6.188 -100.00 -100.00 -100.00
  64    53.267 55290.88054092 13.66  81.639153  58.710057  8.557 -100.00 -100.00 -100.00
  64    52.959 55290.88054151 12.61  81.643006  58.711759  7.264 -100.00 -100.00 -100.00
  64    54.111 55290.88054210 10.94  81.646860  58.713461  5.240 -100.00 -100.00 -100.00
  65    53.565 55300.79617431 14.77  81.635787  58.706132 10.054  245.84  236.49  219.72
  65    54.334 55300.79617490 10.75  81.639639  58.707834  5.116 -100.00 -100.00 -100.00
  65    50.516 55300.79617549 17.22  81.643492  58.709537 14.459 -100.00 -100.00 -100.00
  65    50.305 55300.79617608 19.27  81.647345  58.711239 19.415 -100.00 -100.00 -100.00
  66    53.896 55310.71182123 34.76  81.640142  58.707457 28.245 -100.00 -100.00 -100.00
  66    50.380 55310.71182182 36.21  81.643995  58.709159   -100 -100.00 -100.00 -100.00
  66    56.108 55310.71182241 32.04  81.647848  58.710861 18.345 -100.00 -100.00 -100.00
  67    56.467 55320.62746631 54.83  81.636804  58.706497   -100 -100.00 -100.00 -100.00
  67    56.569 55320.62746690 56.19  81.640656  58.708199 19.748 -100.00 -100.00 -100.00
  67    56.695 55320.62746749 54.05  81.644508  58.709901   -100 -100.00 -100.00 -100.00
  67    56.414 55320.62746808 56.56  81.648361  58.711603 25.580 -100.00 -100.00 -100.00
  68    55.660 55330.54311102 35.86  81.636503  58.707985 26.256 -100.00 -100.00 -100.00
  68    55.700 55330.54311161 30.41  81.640355  58.709687  8.707 -100.00 -100.00 -100.00
  68    55.740 55330.54311220 30.26  81.644208  58.711389  8.278 -100.00 -100.00 -100.00
  68    56.215 55330.54311279 36.24  81.648061  58.713091 20.211 -100.00 -100.00 -100.00
  69    56.175 55340.45875531 37.29  81.633604  58.708621 30.609 -100.00 -100.00 -100.00
  69    56.177 55340.45875590 32.71  81.637456  58.710323 13.913 -100.00 -100.00 -100.00
  69    56.203 55340.45875649 32.50  81.641309  58.712025 12.120 -100.00 -100.00 -100.00
  69    56.526 55340.45875708 34.73  81.645162  58.713727 17.136 -100.00 -100.00 -100.00
  70    56.296 55350.37439988 38.08  81.634850  58.709989   -100 -100.00 -100.00 -100.00
  70    56.229 55350.37440047 33.55  81.638703  58.711691 14.861 -100.00 -100.00 -100.00
  70    56.617 55350.37440106 34.24  81.642556  58.713393 15.626 -100.00 -100.00 -100.00
  70    56.592 55350.37440165 43.34  81.646409  58.715095   -100 -100.00 -100.00 -100.00
  71    56.504 55360.29004178 36.20  81.633323  58.709325 28.444 -100.00 -100.00 -100.00
  71    56.349 55360.29004237 33.59  81.637175  58.711027 16.658 -100.00 -100.00 -100.00
  71    56.140 55360.29004296 35.08  81.641028  58.712730 22.120 -100.00 -100.00 -100.00
  71    56.863 55360.29004355 35.86  81.644882  58.714432 21.462 -100.00 -100.00 -100.00
  72    56.535 55370.20568152 38.21  81.631923  58.708875   -100  230.06  233.37  233.95
  72    56.209 55370.20568211 36.55  81.635775  58.710578 29.313 -100.00 -100.00 -100.00
  72    56.195 55370.20568270 31.95  81.639628  58.712280 12.908 -100.00 -100.00 -100.00
  72    56.498 55370.20568329 33.57  81.643481  58.713983 15.106 -100.00 -100.00 -100.00
  72    56.633 55370.20568388 38.64  81.647335  58.715685 32.438 -100.00 -100.00 -100.00
  73    55.975 55380.12131989 39.73  81.631412  58.709127   -100  234.30  237.79  237.21
  73    55.753 55380.12132048 36.03  81.635264  58.710829 30.815  234.30  237.79  237.21
  73    55.877 55380.12132107 34.93  81.639117  58.712532 23.241  234.30  237.79  237.21
  73    56.076 55380.12132166 33.51  81.642970  58.714234 14.956  234.30  237.79  237.21
  73    56.424 55380.12132225 42.40  81.646824  58.715936   -100  234.30  237.79  237.21
  74    55.209 55390.03695761 40.09  81.631802  58.709646   -100  249.55  255.24  252.95
  74    55.338 55390.03695820 32.47  81.635655  58.711349 18.618  249.55  255.24  252.95
  74    55.289 55390.03695879 29.75  81.639508  58.713051 11.350 -100.00 -100.00 -100.00
  74    55.663 55390.03695938 32.24  81.643361  58.714753 15.417 -100.00 -100.00 -100.00
  75    54.577 55399.95259418 52.59  81.633500  58.709135 17.323 -100.00 -100.00 -100.00
  75    54.576 55399.95259477 52.57  81.637352  58.710837 18.542 -100.00 -100.00 -100.00
  75    54.598 55399.95259536 52.20  81.641205  58.712540 25.189 -100.00 -100.00 -100.00
  75    54.630 55399.95259595 54.43  81.645057  58.714242 24.980 -100.00 -100.00 -100.00
  76    53.500 55409.86824184 50.68  81.637240  58.709004   -100  256.62  257.77  255.65
  76    53.315 55409.86824243 52.60  81.641092  58.710706 22.864  256.62  257.77  255.65
  76    53.552 55409.86824302 55.09  81.644945  58.712408   -100  256.62  257.77  255.65
  76    53.426 55409.86824361 48.84  81.648798  58.714110  4.742  256.62  257.77  255.65
  77    52.717 55419.78389184 48.53  81.636975  58.707217   -100  258.23  259.24  256.95
  77    52.610 55419.78389243 49.68  81.640827  58.708919   -100  258.23  259.24  256.95
  77    52.380 55419.78389302 54.43  81.644679  58.710621 16.222 -100.00 -100.00 -100.00
  77    52.358 55419.78389361 55.35  81.648532  58.712323 11.498 -100.00 -100.00 -100.00
  78    54.102 55429.69953909 30.40  81.638495  58.707512 29.616 -100.00 -100.00 -100.00
  78    54.645 55429.69953968 25.08  81.642348  58.709215 14.162 -100.00 -100.00 -100.00
  78    55.203 55429.69954027 23.63  81.646200  58.710917  9.660 -100.00 -100.00 -100.00
  78    55.166 55429.69954086 31.08  81.650053  58.712618 31.343 -100.00 -100.00 -100.00
  79    54.037 55439.61518383 32.52  81.637599  58.708835   -100 -100.00 -100.00 -100.00
  79    54.024 55439.61518442 29.58  81.641452  58.710537 30.720 -100.00 -100.00 -100.00
  79    54.963 55439.61518501 27.29  81.645305  58.712239 19.762 -100.00 -100.00 -100.00
  79    55.392 55439.61518560 33.12  81.649158  58.713941 32.513 -100.00 -100.00 -100.00
  80    52.670 55449.53082672 39.28  81.633059  58.708930   -100  258.09  257.89  257.27
  80    50.432 55449.53082732 36.09  81.636912  58.710633   -100  258.09  257.89  257.27
  80    50.461 55449.53082791 32.71  81.640765  58.712335   -100  258.09  257.89  257.27
  80    55.058 55449.53082850 31.07  81.644618  58.714037 27.853  258.09  257.89  257.27
  81    50.527 55459.44647001 45.52  81.634962  58.710207   -100  268.78  269.26  268.47
  81    50.460 55459.44647060 50.59  81.638815  58.711909   -100  268.78  269.26  268.47
  81    50.372 55459.44647119 52.62  81.642668  58.713612   -100  268.78  269.26  268.47
  81    50.005 55459.44647179 53.64  81.646521  58.715313   -100  268.78  269.26  268.47
  82    52.553 55469.36211165 37.48  81.633350  58.708010   -100 -100.00 -100.00 -100.00
  82    50.089 55469.36211224 35.87  81.637203  58.709713   -100 -100.00 -100.00 -100.00
  82    50.274 55469.36211283 32.62  81.641056  58.711415 29.447 -100.00 -100.00 -100.00
  82    50.212 55469.36211342 30.58  81.644909  58.713117 26.803 -100.00 -100.00 -100.00
  83    53.932 55479.27775106 31.04  81.638951  58.708013 23.989 -100.00 -100.00 -100.00
  83    50.046 55479.27775165 32.56  81.642804  58.709715   -100 -100.00 -100.00 -100.00
  83    53.685 55479.27775224 29.74  81.646657  58.711417 25.452 -100.00 -100.00 -100.00
  84    53.480 55489.19338710 34.27  81.640528  58.707008   -100 -100.00 -100.00 -100.00
  84    53.866 55489.19338769 28.97  81.644381  58.708710 21.773 -100.00 -100.00 -100.00
  84    50.206 55489.19338828 29.77  81.648234  58.710412 26.392 -100.00 -100.00 -100.00
  85    54.170 55499.10902050 31.81  81.638896  58.706055 22.857 -100.00 -100.00 -100.00
  85    53.474 55499.10902109 30.74  81.642748  58.707758 27.658 -100.00 -100.00 -100.00
  85    50.400 55499.10902168 30.67  81.646601  58.709460 25.773 -100.00 -100.00 -100.00
  85    54.947 55499.10902227 28.31  81.650455  58.711163 17.858 -100.00 -100.00 -100.00
  86    49.725 55509.02466039 41.15  81.637663  58.707404   -100  255.28  254.01  254.38
  86    53.842 55509.02466098 31.49  81.641516  58.709107 17.660  255.28  254.01  254.38
  86    54.371 55509.02466157 28.73  81.645369  58.710809 11.964 -100.00 -100.00 -100.00
  86    54.540 55509.02466216 29.46  81.649222  58.712511 13.626 -100.00 -100.00 -100.00
  87    50.266 55518.94031050 42.48  81.636295  58.709337 30.529 -100.00 -100.00 -100.00
  87    50.270 55518.94031109 44.22  81.640147  58.711039 31.422 -100.00 -100.00 -100.00
  87    49.733 55518.94031168 48.62  81.644001  58.712742 19.980 -100.00 -100.00 -100.00
  87    49.851 55518.94031227 50.22  81.647854  58.714444  3.167 -100.00 -100.00 -100.00
  88    50.290 55528.85595939 33.46  81.634290  58.709601 28.315 -100.00 -100.00 -100.00
  88    50.489 55528.85595998 35.36  81.638142  58.711304   -100 -100.00 -100.00 -100.00
  88    50.859 55528.85596057 36.19  81.641995  58.713006 29.493 -100.00 -100.00 -100.00
  88    50.530 55528.85596116 38.09  81.645849  58.714708   -100 -100.00 -100.00 -100.00
  89    50.785 55538.77160651 30.46  81.633430  58.709473 22.879  251.66  249.12  246.01
  89    50.526 55538.77160710 30.87  81.637283  58.711176 26.139  251.66  249.12  246.01
  89    50.654 55538.77160769 34.70  81.641136  58.712878   -100  251.66  249.12  246.01
  89    50.824 55538.77160828 31.94  81.644989  58.714580 27.263 -100.00 -100.00 -100.00
  90    50.614 55548.68725158 28.34  81.633269  58.709941 20.704 -100.00 -100.00 -100.00
  90    50.716 55548.68725217 29.94  81.637122  58.711643 26.495 -100.00 -100.00 -100.00
  90    50.610 55548.68725276 32.47  81.640975  58.713345   -100 -100.00 -100.00 -100.00
  90    50.480 55548.68725335 33.80  81.644829  58.715047   -100 -100.00 -100.00 -100.00
  91    51.844 55558.60289459 23.14  81.629626  58.709914  9.949 -100.00 -100.00 -100.00
  91    51.350 55558.60289519 24.36  81.633479  58.711617 12.392 -100.00 -100.00 -100.00
  91    50.283 55558.60289578 30.34  81.637332  58.713319 29.144 -100.00 -100.00 -100.00
  91    50.522 55558.60289637 30.53  81.641185  58.715022 23.085 -100.00 -100.00 -100.00
  91    50.251 55558.60289696 32.63  81.645039  58.716724   -100 -100.00 -100.00 -100.00
  92    51.099 55568.51853754 21.86  81.630932  58.711880 11.392 -100.00 -100.00 -100.00
  92    50.284 55568.51853813 26.41  81.634785  58.713583 21.089 -100.00 -100.00 -100.00
  92    50.356 55568.51853872 27.14  81.638639  58.715285 19.034 -100.00 -100.00 -100.00
  92    49.992 55568.51853931 29.68  81.642493  58.716987   -100 -100.00 -100.00 -100.00
  93    50.142 55578.43417930 24.02  81.631744  58.711464 15.662 -100.00 -100.00 -100.00
  93    49.917 55578.43417989 27.09  81.635597  58.713167 21.330 -100.00 -100.00 -100.00
  93    50.069 55578.43418048 28.11  81.639450  58.714869 27.027 -100.00 -100.00 -100.00
  93    50.085 55578.43418107 26.82  81.643304  58.716572 18.875 -100.00 -100.00 -100.00
  94    50.965 55588.34981849 24.73  81.633287  58.708904 16.664 -100.00 -100.00 -100.00
  94    49.786 55588.34981908 25.13  81.637140  58.710607 17.813 -100.00 -100.00 -100.00
  94    51.347 55588.34981967 20.47  81.640994  58.712309  9.303 -100.00 -100.00 -100.00
  94    50.778 55588.34982026 20.66  81.644847  58.714012  9.792 -100.00 -100.00 -100.00
  95    52.606 55598.26545476 16.97  81.636796  58.706131  5.775 -100.00 -100.00 -100.00
  95    52.647 55598.26545536 16.90  81.640649  58.707833  4.788 -100.00 -100.00 -100.00
  95    53.210 55598.26545595 16.99  81.644502  58.709536  5.362 -100.00 -100.00 -100.00
  95    53.621 55598.26545654 16.45  81.648356  58.711238  4.935 -100.00 -100.00 -100.00
  96    53.094 55608.18108845 16.47  81.639076  58.704821  4.944  253.12  245.58  226.41
  96    53.382 55608.18108904 15.66  81.642929  58.706523  4.147  253.12  245.58  226.41
  96    53.329 55608.18108963 16.80  81.646782  58.708226  5.747 -100.00 -100.00 -100.00
  96    53.426 55608.18109022 16.08  81.650635  58.709928  4.606 -100.00 -100.00 -100.00
  97    53.156 55618.09672045 14.28  81.641159  58.705929  3.511 -100.00 -100.00 -100.00
  97    53.425 55618.09672104 14.31  81.645012  58.707631  3.160 -100.00 -100.00 -100.00
  97    53.631 55618.09672163 14.31  81.648865  58.709334  3.560 -100.00 -100.00 -100.00
  98    53.541 55628.01236629 14.20  81.635406  58.706701  3.739 -100.00 -100.00 -100.00
  98    53.446 55628.01236688 14.19  81.639259  58.708404  4.143 -100.00 -100.00 -100.00
  98    53.274 55628.01236747 13.98  81.643112  58.710106  3.718 -100.00 -100.00 -100.00
  98    53.529 55628.01236806 13.90  81.646965  58.711809  3.575 -100.00 -100.00 -100.00
  99    53.290 55637.92801777 13.90  81.635969  58.708672  4.586 -100.00 -100.00 -100.00
  99    52.991 55637.92801836 14.34  81.639821  58.710374  4.861 -100.00 -100.00 -100.00
  99    53.267 55637.92801895 13.88  81.643675  58.712077  4.747 -100.00 -100.00 -100.00
  99    53.608 55637.92801954 13.18  81.647528  58.713779  3.067 -100.00 -100.00 -100.00
 100    50.515 55647.84366701 22.31  81.638007  58.708664 21.593  254.87  247.16  229.73
 100    50.151 55647.84366760 23.34  81.641860  58.710367 25.273  254.87  247.16  229.73
 100    50.765 55647.84366819 18.05  81.645713  58.712069 10.728  254.87  247.16  229.73
 100    50.637 55647.84366878 16.91  81.649567  58.713771  8.807 -100.00 -100.00 -100.00
 101    50.523 55657.75931301 30.12  81.638869  58.707034   -100 -100.00 -100.00 -100.00
 101    50.065 55657.75931360 32.63  81.642722  58.708736   -100 -100.00 -100.00 -100.00
 101    50.141 55657.75931420 30.26  81.646574  58.710438   -100 -100.00 -100.00 -100.00
 101    50.078 55657.75931479 29.08  81.650428  58.712140   -100 -100.00 -100.00 -100.00
 102    51.115 55667.67495503 41.73  81.639059  58.706481   -100  252.16  253.65  256.08
 102    50.926 55667.67495562 39.67  81.642911  58.708183   -100  252.16  253.65  256.08
 102    51.099 55667.67495621 38.22  81.646764  58.709885   -100 -100.00 -100.00 -100.00
 102    51.023 55667.67495680 36.58  81.650617  58.711587   -100 -100.00 -100.00 -100.00
 103    54.544 55677.59059443 29.86  81.637044  58.707075 16.101 -100.00 -100.00 -100.00
 103    54.078 55677.59059502 29.26  81.640897  58.708777 14.675 -100.00 -100.00 -100.00
 103    53.764 55677.59059561 31.60  81.644749  58.710479 21.991 -100.00 -100.00 -100.00
 103    55.462 55677.59059620 27.51  81.648603  58.712181  9.343 -100.00 -100.00 -100.00
 104    55.541 55687.50623189 35.51  81.633760  58.707761 28.033 -100.00 -100.00 -100.00
 104    55.224 55687.50623248 32.22  81.637612  58.709463 20.706 -100.00 -100.00 -100.00
 104    55.512 55687.50623307 29.98  81.641465  58.711165 13.604 -100.00 -100.00 -100.00
 104    55.546 55687.50623366 34.45  81.645318  58.712868 25.712 -100.00 -100.00 -100.00
 105    55.611 55697.42186837 37.33  81.633340  58.708428   -100 -100.00 -100.00 -100.00
 105    55.289 55697.42186896 32.48  81.637192  58.710130 20.174 -100.00 -100.00 -100.00
 105    55.713 55697.42186955 30.43  81.641045  58.711833 14.565 -100.00 -100.00 -100.00
 105    55.658 55697.42187014 33.60  81.644898  58.713535 22.870 -100.00 -100.00 -100.00
 106    54.883 55707.33750374 34.88  81.636658  58.708398   -100  250.48  254.73  253.93
 106    54.813 55707.33750433 30.97  81.640511  58.710100 22.568  250.48  254.73  253.93
 106    55.155 55707.33750492 28.65  81.644363  58.711803 14.411  250.48  254.73  253.93
 106    55.234 55707.33750552 33.82  81.648216  58.713505 27.231  250.48  254.73  253.93
 107    54.570 55717.25315529 48.74  81.637647  58.708905   -100 -100.00 -100.00 -100.00
 107    54.576 55717.25315588 43.68  81.641499  58.710608   -100 -100.00 -100.00 -100.00
 107    54.648 55717.25315647 44.96  81.645353  58.712310   -100 -100.00 -100.00 -100.00
 107    55.015 55717.25315706 44.29  81.649206  58.714013   -100 -100.00 -100.00 -100.00
 108    54.745 55727.16880374 28.99  81.635895  58.709154 21.558 -100.00 -100.00 -100.00
 108    54.477 55727.16880433 25.71  81.639748  58.710856 13.690 -100.00 -100.00 -100.00
 108    55.287 55727.16880492 24.73  81.643601  58.712559  9.419 -100.00 -100.00 -100.00
 108    55.171 55727.16880551 35.72  81.647455  58.714261   -100 -100.00 -100.00 -100.00
 109    54.207 55737.08445066 27.58  81.634755  58.710631 22.020 -100.00 -100.00 -100.00
 109    54.543 55737.08445125 24.01  81.638608  58.712334 11.951 -100.00 -100.00 -100.00
 109    55.062 55737.08445184 27.66  81.642462  58.714036 21.287 -100.00 -100.00 -100.00
 109    55.813 55737.08445243 33.88  81.646315  58.715738 31.207 -100.00 -100.00 -100.00
 110    53.387 55747.00009607 32.45  81.632430  58.711398   -100 -100.00 -100.00 -100.00
 110    53.657 55747.00009666 25.16  81.636283  58.713100 15.716 -100.00 -100.00 -100.00
 110    55.004 55747.00009725 24.73  81.640136  58.714802 13.815 -100.00 -100.00 -100.00
 110    55.480 55747.00009784 34.63  81.643989  58.716505   -100 -100.00 -100.00 -100.00
 111    51.470 55756.91573913 39.65  81.630356  58.710147 13.243 -100.00 -100.00 -100.00
 111    53.156 55756.91573972 32.13  81.634208  58.711849   -100 -100.00 -100.00 -100.00
 111    53.008 55756.91574031 27.26  81.638061  58.713552 22.154 -100.00 -100.00 -100.00
 111    54.700 55756.91574090 28.68  81.641914  58.715254 25.729 -100.00 -100.00 -100.00
 111    55.617 55756.91574149 35.69  81.645768  58.716956   -100 -100.00 -100.00 -100.00
 112    53.138 55766.83137989 34.28  81.632578  58.708085   -100  270.78  273.23  271.52
 112    54.087 55766.83138048 24.72  81.636430  58.709787 13.670  270.78  273.23  271.52
 112    53.985 55766.83138107 23.58  81.640283  58.711489 13.792  270.78  273.23  271.52
 112    55.581 55766.83138166 22.68  81.644135  58.713191  9.913  270.78  273.23  271.52
 112    55.201 55766.83138225 32.46  81.647989  58.714893   -100 -100.00 -100.00 -100.00
 113    54.230 55776.74701822 26.27  81.639008  58.707027 14.414 -100.00 -100.00 -100.00
 113    52.071 55776.74701881 27.21  81.642861  58.708730 18.004 -100.00 -100.00 -100.00
 113    50.835 55776.74701940 30.19  81.646713  58.710432 24.449 -100.00 -100.00 -100.00
 113    50.716 55776.74701999 34.06  81.650566  58.712134   -100 -100.00 -100.00 -100.00
 114    50.420 55786.66265351 39.63  81.641382  58.705856   -100 -100.00 -100.00 -100.00
 114    50.273 55786.66265410 39.15  81.645234  58.707558   -100 -100.00 -100.00 -100.00
 114    50.228 55786.66265469 37.00  81.649087  58.709260 28.477 -100.00 -100.00 -100.00
 115    50.530 55796.57828722 47.48  81.641380  58.706538   -100 -100.00 -100.00 -100.00
 115    50.561 55796.57828781 49.94  81.645232  58.708240   -100 -100.00 -100.00 -100.00
 115    50.349 55796.57828840 51.87  81.649085  58.709942 20.301 -100.00 -100.00 -100.00
 116    53.571 55806.49392831 34.27  81.636120  58.706639   -100 -100.00 -100.00 -100.00
 116    50.202 55806.49392891 33.92  81.639972  58.708341   -100 -100.00 -100.00 -100.00
 116    49.980 55806.49392950 32.08  81.643824  58.710043   -100 -100.00 -100.00 -100.00
 116    50.081 55806.49393009 29.40  81.647677  58.711746 21.865 -100.00 -100.00 -100.00
 117    50.924 55816.40957749 47.00  81.633970  58.707486  9.633 -100.00 -100.00 -100.00
 117    50.925 55816.40957808 44.04  81.637822  58.709189   -100 -100.00 -100.00 -100.00
 117    50.565 55816.40957867 38.13  81.641675  58.710891   -100 -100.00 -100.00 -100.00
 117    50.862 55816.40957926 35.70  81.645528  58.712593   -100 -100.00 -100.00 -100.00
 118    50.233 55826.32522369 47.62  81.635688  58.706748  5.988 -100.00 -100.00 -100.00
 118    50.483 55826.32522428 46.76  81.639541  58.708451   -100 -100.00 -100.00 -100.00
 118    50.213 55826.32522487 49.65  81.643393  58.710153  6.471 -100.00 -100.00 -100.00
 118    50.291 55826.32522546 51.56  81.647246  58.711856  1.522 -100.00 -100.00 -100.00
 119    53.629 55836.24086570 31.35  81.639884  58.706164 18.137 -100.00 -100.00 -100.00
 119    49.520 55836.24086629 36.94  81.643736  58.707867   -100 -100.00 -100.00 -100.00
 119    49.590 55836.24086688 33.01  81.647589  58.709569 26.627 -100.00 -100.00 -100.00
 119    49.511 55836.24086747 38.04  81.651443  58.711271   -100 -100.00 -100.00 -100.00
 120    49.803 55846.15650399 46.40  81.640878  58.705222   -100  259.67  260.92  261.17
 120    49.510 55846.15650458 45.65  81.644731  58.706925  9.021  259.67  260.92  261.17
 120    49.570 55846.15650517 43.63  81.648584  58.708627   -100  259.67  260.92  261.17
 120    49.275 55846.15650576 44.06  81.652437  58.710329 25.530  259.67  260.92  261.17
 121    49.820 55856.07213933 42.63  81.637936  58.705032   -100  256.13  256.74  258.12
 121    49.618 55856.07213992 41.67  81.641788  58.706734   -100  256.13  256.74  258.12
 121    49.331 55856.07214051 40.63  81.645641  58.708437 14.444  256.13  256.74  258.12
 121    49.276 55856.07214110 36.39  81.649494  58.710139   -100 -100.00 -100.00 -100.00
 122    53.635 55865.98778146 31.78  81.635536  58.707025 15.547 -100.00 -100.00 -100.00
 122    49.425 55865.98778205 33.58  81.639388  58.708728 22.976 -100.00 -100.00 -100.00
 122    49.270 55865.98778264 38.96  81.643241  58.710430   -100 -100.00 -100.00 -100.00
 122    49.237 55865.98778323 37.39  81.647094  58.712133   -100 -100.00 -100.00 -100.00
 123    49.678 55875.90343409 40.38  81.633104  58.709333   -100 -100.00 -100.00 -100.00
 123    49.877 55875.90343468 41.48  81.636957  58.711036 30.546 -100.00 -100.00 -100.00
 123    49.622 55875.90343527 43.67  81.640810  58.712738   -100 -100.00 -100.00 -100.00
 123    49.421 55875.90343586 46.70  81.644663  58.714440  1.606 -100.00 -100.00 -100.00
 133    53.387 55975.05986708 19.81  81.636592  58.706676  4.959 -100.00 -100.00 -100.00
 133    52.852 55975.05986767 20.60  81.640445  58.708378  6.930 -100.00 -100.00 -100.00
 133    52.939 55975.05986826 19.61  81.644298  58.710080  4.602 -100.00 -100.00 -100.00
 133    52.646 55975.05986885 20.00  81.648152  58.711783  5.253 -100.00 -100.00 -100.00
 134    52.701 55984.97550354 20.29  81.637510  58.708600  5.887 -100.00 -100.00 -100.00
 134    52.817 55984.97550413 19.94  81.641363  58.710302  6.305 -100.00 -100.00 -100.00
 134    52.378 55984.97550472 20.12  81.645216  58.712005  6.016 -100.00 -100.00 -100.00
 134    52.557 55984.97550531 19.75  81.649070  58.713707  4.995 -100.00 -100.00 -100.00
 135    52.947 55994.89113728 20.32  81.638077  58.708173  6.236 -100.00 -100.00 -100.00
 135    52.907 55994.89113787 19.91  81.641930  58.709876  6.484 -100.00 -100.00 -100.00
 135    52.778 55994.89113846 19.06  81.645783  58.711578  4.909 -100.00 -100.00 -100.00
 135    52.392 55994.89113905 19.51  81.649636  58.713281  5.506 -100.00 -100.00 -100.00
 136    52.859 56004.80678921 19.63  81.637771  58.707673  7.266 -100.00 -100.00 -100.00
 136    53.062 56004.80678980 18.51  81.641623  58.709376  5.152 -100.00 -100.00 -100.00
 136    52.580 56004.80679040 18.36  81.645476  58.711078  5.021 -100.00 -100.00 -100.00
 136    52.568 56004.80679099 18.51  81.649329  58.712781  5.305 -100.00 -100.00 -100.00
 137    50.640 56014.72243732 25.49  81.638534  58.706576   -100 -100.00 -100.00 -100.00
 137    50.652 56014.72243791 21.24  81.642386  58.708278 20.039 -100.00 -100.00 -100.00
 137    50.438 56014.72243850 22.20  81.646239  58.709980 23.756 -100.00 -100.00 -100.00
 137    50.029 56014.72243909 22.55  81.650092  58.711682 25.081 -100.00 -100.00 -100.00
 139    53.692 56034.55372574 30.06  81.636135  58.708247 20.497 -100.00 -100.00 -100.00
 139    53.630 56034.55372633 26.88  81.639987  58.709950 13.516 -100.00 -100.00 -100.00
 139    54.948 56034.55372692 26.06  81.643840  58.711652 12.929 -100.00 -100.00 -100.00
 139    55.350 56034.55372751 29.91  81.647694  58.713354 19.748 -100.00 -100.00 -100.00
 141    53.931 56054.38500524 27.27  81.632209  58.709904 14.115  249.09  250.37  252.83
 141    54.808 56054.38500583 25.06  81.636062  58.711607 11.560  249.09  250.37  252.83
 141    55.448 56054.38500642 23.83  81.639914  58.713309  8.391  249.09  250.37  252.83
 141    55.124 56054.38500701 31.65  81.643768  58.715012 30.502 -100.00 -100.00 -100.00
 142    53.301 56064.30064015 27.20  81.634342  58.709303 23.664 -100.00 -100.00 -100.00
 142    54.955 56064.30064074 22.69  81.638194  58.711006  9.982 -100.00 -100.00 -100.00
 142    55.069 56064.30064133 23.05  81.642047  58.712708 10.929 -100.00 -100.00 -100.00
 142    55.345 56064.30064192 33.06  81.645901  58.714411 32.487 -100.00 -100.00 -100.00
 143    53.510 56074.21628384 27.29  81.636069  58.708911 23.467 -100.00 -100.00 -100.00
 143    53.450 56074.21628443 22.92  81.639922  58.710614 12.856 -100.00 -100.00 -100.00
 143    55.290 56074.21628502 25.79  81.643775  58.712317 15.356 -100.00 -100.00 -100.00
 143    55.071 56074.21628561 32.92  81.647628  58.714019   -100 -100.00 -100.00 -100.00
 144    53.256 56084.13193334 28.42  81.633870  58.708868 18.996 -100.00 -100.00 -100.00
 144    53.074 56084.13193393 26.87  81.637723  58.710571 18.286 -100.00 -100.00 -100.00
 144    54.128 56084.13193452 24.14  81.641576  58.712273 12.488 -100.00 -100.00 -100.00
 144    55.129 56084.13193511 33.89  81.645429  58.713976   -100 -100.00 -100.00 -100.00
 145    51.403 56094.04758084 46.95  81.634537  58.710161   -100 -100.00 -100.00 -100.00
 145    51.117 56094.04758143 51.00  81.638389  58.711864 13.321 -100.00 -100.00 -100.00
 145    51.193 56094.04758202 53.14  81.642242  58.713566   -100 -100.00 -100.00 -100.00
 145    50.975 56094.04758261 53.72  81.646096  58.715268 27.250 -100.00 -100.00 -100.00
 146    51.896 56103.96322596 31.38  81.634307  58.710664 30.578  270.17  272.14  268.93
 146    50.297 56103.96322655 35.89  81.638160  58.712367   -100  270.17  272.14  268.93
 146    50.140 56103.96322714 34.35  81.642013  58.714069   -100  270.17  272.14  268.93
 146    54.903 56103.96322773 33.37  81.645867  58.715771   -100  270.17  272.14  268.93
 147    50.167 56113.87885614 46.68  81.632852  58.709023   -100 -100.00 -100.00 -100.00
 147    50.166 56113.87885673 44.56  81.636704  58.710726   -100 -100.00 -100.00 -100.00
 147    49.790 56113.87885732 45.03  81.640557  58.712428 15.023 -100.00 -100.00 -100.00
 147    49.807 56113.87885791 41.25  81.644410  58.714130   -100 -100.00 -100.00 -100.00
 148    49.896 56123.79449448 47.07  81.634659  58.707566   -100 -100.00 -100.00 -100.00
 148    50.135 56123.79449507 45.92  81.638510  58.709269   -100 -100.00 -100.00 -100.00
 148    50.018 56123.79449566 50.02  81.642363  58.710971   -100 -100.00 -100.00 -100.00
 148    49.703 56123.79449625 53.87  81.646216  58.712673  8.470 -100.00 -100.00 -100.00
 149    50.616 56133.71012888 44.59  81.637303  58.705563 31.056 -100.00 -100.00 -100.00
 149    50.380 56133.71012947 44.65  81.641154  58.707266   -100 -100.00 -100.00 -100.00
 149    50.275 56133.71013006 50.17  81.645006  58.708968   -100 -100.00 -100.00 -100.00
 149    49.937 56133.71013065 52.94  81.648859  58.710670 17.928 -100.00 -100.00 -100.00
 150    50.343 56143.62576796 42.75  81.638690  58.705109   -100 -100.00 -100.00 -100.00
 150    50.184 56143.62576855 42.75  81.642542  58.706811   -100 -100.00 -100.00 -100.00
 150    49.697 56143.62576914 43.20  81.646394  58.708513 23.953 -100.00 -100.00 -100.00
 150    49.779 56143.62576973 36.07  81.650247  58.710215   -100 -100.00 -100.00 -100.00
 151    49.325 56153.54141876 39.82  81.638301  58.707042   -100  275.50  275.42  273.91
 151    49.522 56153.54141935 35.02  81.642153  58.708744   -100 -100.00 -100.00 -100.00
 151    49.105 56153.54141994 39.51  81.646006  58.710446  0.864 -100.00 -100.00 -100.00
 151    49.540 56153.54142053 39.48  81.649859  58.712148   -100 -100.00 -100.00 -100.00
 152    51.279 56163.45706776 33.62  81.634238  58.707727   -100 -100.00 -100.00 -100.00
 152    49.732 56163.45706835 31.03  81.638090  58.709430 27.849 -100.00 -100.00 -100.00
 152    49.135 56163.45706894 33.63  81.641943  58.711132   -100 -100.00 -100.00 -100.00
 152    48.908 56163.45706953 32.81  81.645796  58.712834   -100 -100.00 -100.00 -100.00
 153    49.535 56173.37271511 35.48  81.634042  58.708738   -100 -100.00 -100.00 -100.00
 153    51.139 56173.37271570 32.66  81.637894  58.710440   -100 -100.00 -100.00 -100.00
 153    49.026 56173.37271629 32.52  81.641747  58.712142   -100 -100.00 -100.00 -100.00
 153    54.506 56173.37271688 30.02  81.645600  58.713845 29.483 -100.00 -100.00 -100.00
 154    49.395 56183.28835740 43.61  81.635687  58.708397   -100 -100.00 -100.00 -100.00
 154    49.209 56183.28835799 36.28  81.639540  58.710099   -100 -100.00 -100.00 -100.00
 154    49.161 56183.28835858 34.49  81.643393  58.711802   -100 -100.00 -100.00 -100.00
 154    54.306 56183.28835917 31.06  81.647246  58.713504 23.535 -100.00 -100.00 -100.00
 155    49.956 56193.20399573 44.60  81.636943  58.707073 29.170 -100.00 -100.00 -100.00
 155    50.018 56193.20399632 44.62  81.640796  58.708775 27.077 -100.00 -100.00 -100.00
 155    49.353 56193.20399691 49.95  81.644649  58.710478  2.203 -100.00 -100.00 -100.00
 155    49.437 56193.20399750 52.52  81.648502  58.712180   -100 -100.00 -100.00 -100.00
 156    52.941 56203.11963135 31.20  81.637997  58.706614   -100 -100.00 -100.00 -100.00
 156    49.358 56203.11963194 34.60  81.641850  58.708317   -100 -100.00 -100.00 -100.00
 156    49.629 56203.11963253 27.18  81.645703  58.710019 23.754 -100.00 -100.00 -100.00
 156    53.801 56203.11963312 25.17  81.649556  58.711721 16.580 -100.00 -100.00 -100.00
 157    53.249 56213.03526488 32.49  81.635894  58.706140 31.407 -100.00 -100.00 -100.00
 157    53.000 56213.03526547 30.83  81.639746  58.707843 22.466 -100.00 -100.00 -100.00
 157    52.637 56213.03526606 27.80  81.643599  58.709545 14.964 -100.00 -100.00 -100.00
 157    52.630 56213.03526665 26.10  81.647452  58.711248 10.871 -100.00 -100.00 -100.00
 158    49.887 56222.95089731 42.70  81.636325  58.707121   -100 -100.00 -100.00 -100.00
 158    50.332 56222.95089790 43.74  81.640177  58.708824 22.682 -100.00 -100.00 -100.00
 158    49.726 56222.95089849 49.93  81.644030  58.710526   -100 -100.00 -100.00 -100.00
 158    49.332 56222.95089908 54.13  81.647883  58.712229   -100 -100.00 -100.00 -100.00
 159    51.202 56232.86655353 37.65  81.633707  58.708965 29.091 -100.00 -100.00 -100.00
 159    50.627 56232.86655412 42.96  81.637559  58.710668 11.166 -100.00 -100.00 -100.00
 159    50.518 56232.86655471 33.76  81.641412  58.712370   -100 -100.00 -100.00 -100.00
 159    50.469 56232.86655531 31.62  81.645265  58.714073 23.622 -100.00 -100.00 -100.00
 160    50.042 56242.78220600 37.14  81.634633  58.710407   -100 -100.00 -100.00 -100.00
 160    50.145 56242.78220659 39.88  81.638485  58.712110   -100 -100.00 -100.00 -100.00
 160    49.850 56242.78220718 40.80  81.642338  58.713812   -100 -100.00 -100.00 -100.00
 160    50.030 56242.78220777 38.18  81.646191  58.715515   -100 -100.00 -100.00 -100.00
 161    51.414 56252.69785324 30.74  81.631508  58.709012 20.633  260.81  259.30  257.29
 161    50.345 56252.69785383 31.62  81.635360  58.710715 24.202  260.81  259.30  257.29
 161    50.284 56252.69785442 33.42  81.639213  58.712417 31.933  260.81  259.30  257.29
 161    50.271 56252.69785501 33.36  81.643066  58.714119 31.485  260.81  259.30  257.29
 161    50.263 56252.69785560 33.87  81.646919  58.715821   -100 -100.00 -100.00 -100.00
 162    50.941 56262.61349682 23.41  81.633843  58.709771 11.273  250.90  247.66  242.04
 162    50.149 56262.61349741 26.37  81.637696  58.711474 17.607  250.90  247.66  242.04
 162    50.246 56262.61349800 27.22  81.641549  58.713176 19.596  250.90  247.66  242.04
 162    50.345 56262.61349860 29.47  81.645402  58.714878 24.614  250.90  247.66  242.04
 164    51.622 56282.44478038 19.66  81.633008  58.709030  8.773 -100.00 -100.00 -100.00
 164    51.511 56282.44478098 19.59  81.636860  58.710732  8.522 -100.00 -100.00 -100.00
 164    50.144 56282.44478157 23.47  81.640713  58.712435 16.063 -100.00 -100.00 -100.00
 164    50.012 56282.44478216 26.84  81.644567  58.714137 24.665 -100.00 -100.00 -100.00
 165    52.607 56292.36043228 16.81  81.631786  58.708544  5.112  252.51  248.24  236.04
 165    51.637 56292.36043287 18.13  81.635639  58.710247  7.287  252.51  248.24  236.04
 165    51.416 56292.36043346 18.04  81.639492  58.711949  7.130  252.51  248.24  236.04
 165    50.665 56292.36043405 20.01  81.643345  58.713652 10.113  252.51  248.24  236.04
 165    49.781 56292.36043464 26.60  81.647199  58.715354 26.385  252.51  248.24  236.04
 166    51.398 56302.27608039 17.70  81.636176  58.709445  6.884 -100.00 -100.00 -100.00
 166    51.360 56302.27608098 19.79  81.640030  58.711147  9.514 -100.00 -100.00 -100.00
 166    49.605 56302.27608157 23.60  81.643883  58.712849 17.439 -100.00 -100.00 -100.00
 166    49.530 56302.27608216 26.50  81.647737  58.714552 25.723 -100.00 -100.00 -100.00
 167    51.794 56312.19172355 15.94  81.636080  58.708363  4.227 -100.00 -100.00 -100.00
 167    51.703 56312.19172414 15.96  81.639933  58.710065  4.567 -100.00 -100.00 -100.00
 167    52.251 56312.19172473 16.54  81.643787  58.711767  5.138 -100.00 -100.00 -100.00
 167    50.694 56312.19172532 19.50  81.647641  58.713470  9.844 -100.00 -100.00 -100.00
 168    52.881 56322.10736454 14.67  81.635704  58.708145  3.704  250.54  243.43  226.51
 168    51.726 56322.10736513 15.04  81.639557  58.709848  5.270  250.54  243.43  226.51
 168    52.310 56322.10736572 14.84  81.643411  58.711550  5.232 -100.00 -100.00 -100.00
 168    51.651 56322.10736631 15.48  81.647265  58.713252  5.673 -100.00 -100.00 -100.00
 169    51.923 56332.02300488 14.03  81.634774  58.708512  4.134  249.70  241.63  221.10
 169    51.946 56332.02300547 14.14  81.638627  58.710215  4.168  249.70  241.63  221.10
 169    51.965 56332.02300606 13.92  81.642480  58.711917  3.739  249.70  241.63  221.10
 169    51.422 56332.02300665 14.94  81.646334  58.713619  5.509 -100.00 -100.00 -100.00
 170    51.913 56341.93864482 15.61  81.635054  58.708723  5.546 -100.00 -100.00 -100.00
 170    52.604 56341.93864542 15.24  81.638906  58.710425  4.198 -100.00 -100.00 -100.00
 170    52.111 56341.93864601 15.39  81.642760  58.712128  5.278 -100.00 -100.00 -100.00
 170    51.084 56341.93864660 16.11  81.646613  58.713830  6.264 -100.00 -100.00 -100.00
 171    53.219 56351.85428219 12.82  81.634767  58.707308  4.427 -100.00 -100.00 -100.00
 171    52.853 56351.85428278 12.77  81.638619  58.709010  3.822 -100.00 -100.00 -100.00
 171    52.613 56351.85428337 12.98  81.642472  58.710713  4.800 -100.00 -100.00 -100.00
 171    52.423 56351.85428396 12.30  81.646325  58.712415  3.532 -100.00 -100.00 -100.00
 172    52.204 56361.76992237 14.04  81.637567  58.707009  5.304 -100.00 -100.00 -100.00
 172    53.173 56361.76992296 13.88  81.641419  58.708711  4.218 -100.00 -100.00 -100.00
 172    53.249 56361.76992355 13.43  81.645272  58.710414  3.864 -100.00 -100.00 -100.00
 172    53.221 56361.76992414 13.23  81.649125  58.712116  3.324 -100.00 -100.00 -100.00
 173    53.956 56371.68557140 12.20  81.635202  58.706781  3.743  250.30  241.17  224.17
 173    53.775 56371.68557199 12.53  81.639054  58.708484  4.344  250.30  241.17  224.17
 173    53.445 56371.68557258 12.91  81.642907  58.710186  5.514 -100.00 -100.00 -100.00
 173    53.251 56371.68557317 12.51  81.646760  58.711888  4.152 -100.00 -100.00 -100.00
 174    54.119 56381.60121849 12.05  81.635741  58.709114  4.251  257.42  250.22  236.80
 174    54.274 56381.60121908 12.01  81.639593  58.710816  4.416  257.42  250.22  236.80
 174    53.601 56381.60121967 11.84  81.643447  58.712518  4.193  257.42  250.22  236.80
 174    54.486 56381.60122026 11.19  81.647300  58.714220  3.449 -100.00 -100.00 -100.00
 175    50.682 56391.51686275 32.13  81.630862  58.709431 29.806 -100.00 -100.00 -100.00
 175    50.401 56391.51686335 34.18  81.634715  58.711134   -100 -100.00 -100.00 -100.00
 175    50.385 56391.51686394 37.06  81.638568  58.712836   -100 -100.00 -100.00 -100.00
 175    50.433 56391.51686453 35.37  81.642421  58.714538   -100 -100.00 -100.00 -100.00
 175    50.380 56391.51686512 34.14  81.646275  58.716240   -100 -100.00 -100.00 -100.00
 176    51.800 56401.43250621 37.30  81.632601  58.711115   -100  267.62  266.44  266.36
 176    51.637 56401.43250680 40.07  81.636454  58.712818   -100  267.62  266.44  266.36
 176    51.361 56401.43250739 37.69  81.640307  58.714520   -100  267.62  266.44  266.36
 176    51.326 56401.43250798 34.30  81.644161  58.716222   -100  267.62  266.44  266.36
 177    54.992 56411.34814631 37.33  81.631556  58.710119   -100  241.80  242.61  243.73
 177    55.011 56411.34814690 32.39  81.635409  58.711821 17.516  241.80  242.61  243.73
 177    54.972 56411.34814749 31.18  81.639262  58.713524 13.801  241.80  242.61  243.73
 177    55.362 56411.34814808 32.89  81.643115  58.715226 15.818 -100.00 -100.00 -100.00
 178    55.362 56421.26378180 35.25  81.634136  58.709338 31.823  238.70  241.41  243.03
 178    55.072 56421.26378239 31.58  81.637988  58.711041 17.936  238.70  241.41  243.03
 178    55.458 56421.26378298 31.10  81.641841  58.712743 16.713  238.70  241.41  243.03
 178    55.610 56421.26378357 31.43  81.645695  58.714446 16.372 -100.00 -100.00 -100.00
 179    56.222 56431.17942073 36.15  81.634655  58.708747 24.338 -100.00 -100.00 -100.00
 179    55.862 56431.17942132 33.20  81.638508  58.710449 18.551 -100.00 -100.00 -100.00
 179    55.864 56431.17942191 32.15  81.642361  58.712152 14.586 -100.00 -100.00 -100.00
 179    56.181 56431.17942251 33.52  81.646214  58.713854 17.209 -100.00 -100.00 -100.00
 180    56.295 56441.09507374 35.30  81.633855  58.710519 25.397 -100.00 -100.00 -100.00
 180    56.260 56441.09507433 33.67  81.637708  58.712222 16.941 -100.00 -100.00 -100.00
 180    56.486 56441.09507492 33.28  81.641562  58.713924 16.340 -100.00 -100.00 -100.00
 180    56.625 56441.09507551 40.14  81.645415  58.715626   -100 -100.00 -100.00 -100.00
 181    56.543 56451.01072365 36.82  81.630289  58.710234 29.982 -100.00 -100.00 -100.00
 181    56.444 56451.01072424 33.33  81.634142  58.711936 17.892 -100.00 -100.00 -100.00
 181    56.461 56451.01072483 34.41  81.637995  58.713638 17.640 -100.00 -100.00 -100.00
 181    56.838 56451.01072542 36.04  81.641849  58.715341 19.660 -100.00 -100.00 -100.00
 181    56.789 56451.01072601 41.78  81.645703  58.717043   -100 -100.00 -100.00 -100.00
 182    56.653 56460.92637170 45.38  81.631609  58.710208   -100 -100.00 -100.00 -100.00
 182    56.407 56460.92637229 45.96  81.635461  58.711910   -100 -100.00 -100.00 -100.00
 182    56.412 56460.92637288 46.30  81.639314  58.713612   -100 -100.00 -100.00 -100.00
 182    56.458 56460.92637347 45.72  81.643168  58.715314   -100 -100.00 -100.00 -100.00
 183    55.894 56470.84201635 45.77  81.633409  58.709141  4.417 -100.00 -100.00 -100.00
 183    55.971 56470.84201694 38.18  81.637261  58.710843 23.622 -100.00 -100.00 -100.00
 183    55.611 56470.84201753 38.31  81.641114  58.712546 30.118 -100.00 -100.00 -100.00
 183    55.902 56470.84201812 37.70  81.644967  58.714248 25.690 -100.00 -100.00 -100.00
 184    54.962 56480.75765755 33.27  81.636451  58.708600 25.830 -100.00 -100.00 -100.00
 184    54.864 56480.75765814 29.96  81.640303  58.710302 15.186 -100.00 -100.00 -100.00
 184    55.390 56480.75765873 28.75  81.644156  58.712004 12.158 -100.00 -100.00 -100.00
 184    55.462 56480.75765932 35.81  81.648009  58.713706 31.765 -100.00 -100.00 -100.00
 185    54.611 56490.67329484 29.33  81.638282  58.708461 16.314 -100.00 -100.00 -100.00
 185    54.720 56490.67329543 27.48  81.642134  58.710163 11.725 -100.00 -100.00 -100.00
 185    55.036 56490.67329602 29.39  81.645987  58.711865 14.948 -100.00 -100.00 -100.00
 187    52.177 56510.50456250 49.10  81.635807  58.706512  1.382 -100.00 -100.00 -100.00
 187    52.077 56510.50456309 48.17  81.639658  58.708215  8.848 -100.00 -100.00 -100.00
 187    52.096 56510.50456368 43.68  81.643511  58.709917   -100 -100.00 -100.00 -100.00
 187    51.950 56510.50456427 48.14  81.647363  58.711619 14.312 -100.00 -100.00 -100.00
 188    54.659 56520.42020667 24.56  81.638773  58.707705 12.318  272.28  272.70  271.42
 188    54.559 56520.42020726 24.21  81.642625  58.709408 12.567  272.28  272.70  271.42
 188    55.122 56520.42020785 22.26  81.646478  58.711110  8.122 -100.00 -100.00 -100.00
 188    55.190 56520.42020845 27.34  81.650331  58.712812 19.781 -100.00 -100.00 -100.00
 189    52.569 56530.33586011 37.65  81.637443  58.707722   -100 -100.00 -100.00 -100.00
 189    52.294 56530.33586070 32.77  81.641296  58.709425   -100 -100.00 -100.00 -100.00
 189    53.738 56530.33586129 28.07  81.645149  58.711127 22.069 -100.00 -100.00 -100.00
 189    55.043 56530.33586188 26.89  81.649002  58.712829 17.201 -100.00 -100.00 -100.00
 190    54.577 56540.25150973 24.89  81.637187  58.707742 11.836 -100.00 -100.00 -100.00
 190    54.467 56540.25151032 24.82  81.641040  58.709444 14.751 -100.00 -100.00 -100.00
 190    55.038 56540.25151091 23.40  81.644893  58.711146 11.440 -100.00 -100.00 -100.00
 190    55.128 56540.25151150 24.21  81.648746  58.712849 13.707 -100.00 -100.00 -100.00
 191    53.103 56550.16715486 31.78  81.635651  58.707914   -100  259.02  258.85  258.68
 191    54.363 56550.16715545 22.90  81.639504  58.709616 11.956  259.02  258.85  258.68
 191    54.795 56550.16715604 21.98  81.643357  58.711319  7.857  259.02  258.85  258.68
 191    55.016 56550.16715663 26.09  81.647210  58.713021 17.982  259.02  258.85  258.68
 192    53.050 56560.08279760 32.64  81.633000  58.708871 28.522  259.99  260.97  260.00
 192    50.981 56560.08279819 31.31  81.636853  58.710574 32.653  259.99  260.97  260.00
 192    54.320 56560.08279878 25.88  81.640706  58.712276 15.649  259.99  260.97  260.00
 192    54.748 56560.08279937 32.01  81.644560  58.713978   -100  259.99  260.97  260.00
 193    51.690 56569.99843972 31.16  81.633583  58.711036   -100  253.82  253.08  253.90
 193    53.202 56569.99844031 27.83  81.637436  58.712738 18.989  253.82  253.08  253.90
 193    54.591 56569.99844090 27.02  81.641290  58.714441 18.655  253.82  253.08  253.90
 193    55.853 56569.99844149 33.24  81.645143  58.716143 29.437 -100.00 -100.00 -100.00
 194    53.625 56579.91407959 31.07  81.629733  58.709855 30.031  255.88  256.47  256.67
 194    53.329 56579.91408018 30.01  81.633586  58.711557 28.317  255.88  256.47  256.67
 194    53.075 56579.91408077 29.26  81.637438  58.713260 25.979  255.88  256.47  256.67
 194    54.729 56579.91408136 27.68  81.641292  58.714962 18.802  255.88  256.47  256.67
 194    55.814 56579.91408195 33.85  81.645145  58.716664 32.232  255.88  256.47  256.67
 195    51.467 56589.82971605 44.02  81.632003  58.708633   -100 -100.00 -100.00 -100.00
 195    51.426 56589.82971664 44.02  81.635855  58.710335   -100 -100.00 -100.00 -100.00
 195    51.219 56589.82971723 49.18  81.639708  58.712038   -100 -100.00 -100.00 -100.00
 195    51.124 56589.82971782 47.04  81.643560  58.713740   -100 -100.00 -100.00 -100.00
 195    50.954 56589.82971841 45.76  81.647414  58.715443   -100 -100.00 -100.00 -100.00
 196    50.956 56599.74536213 45.06  81.635496  58.708934  7.691 -100.00 -100.00 -100.00
 196    50.991 56599.74536272 39.85  81.639348  58.710636   -100 -100.00 -100.00 -100.00
 196    54.339 56599.74536331 29.08  81.643201  58.712339 13.964 -100.00 -100.00 -100.00
 196    54.928 56599.74536390 28.50  81.647054  58.714041 10.799 -100.00 -100.00 -100.00
 197    53.949 56609.66101285 23.08  81.635879  58.709892  8.863 -100.00 -100.00 -100.00
 197    53.780 56609.66101344 23.48  81.639732  58.711594  9.768 -100.00 -100.00 -100.00
 197    54.249 56609.66101403 22.10  81.643585  58.713296  8.284 -100.00 -100.00 -100.00
 197    54.969 56609.66101462 22.38  81.647438  58.714998  7.062 -100.00 -100.00 -100.00
 198    52.577 56619.57665809 39.94  81.630648  58.709221 16.536  250.51  247.71  242.99
 198    52.433 56619.57665868 42.10  81.634500  58.710923 18.971  250.51  247.71  242.99
 198    51.657 56619.57665927 48.96  81.638353  58.712626   -100  250.51  247.71  242.99
 198    51.277 56619.57665986 53.45  81.642206  58.714328   -100  250.51  247.71  242.99
 198    51.273 56619.57666045 55.12  81.646060  58.716030   -100 -100.00 -100.00 -100.00
 199    51.239 56629.49230113 40.07  81.632093  58.710719   -100 -100.00 -100.00 -100.00
 199    51.026 56629.49230172 42.02  81.635946  58.712422   -100 -100.00 -100.00 -100.00
 199    51.219 56629.49230231 44.73  81.639799  58.714124   -100 -100.00 -100.00 -100.00
 199    51.014 56629.49230290 47.18  81.643653  58.715826  6.116 -100.00 -100.00 -100.00
 200    51.763 56639.40794028 36.96  81.631361  58.708739   -100 -100.00 -100.00 -100.00
 200    52.024 56639.40794087 37.56  81.635213  58.710442   -100 -100.00 -100.00 -100.00
 200    51.998 56639.40794146 40.09  81.639066  58.712144   -100 -100.00 -100.00 -100.00
 200    52.152 56639.40794205 41.03  81.642919  58.713847   -100 -100.00 -100.00 -100.00
 200    51.826 56639.40794264 40.53  81.646773  58.715549   -100 -100.00 -100.00 -100.00
 201    51.613 56649.32358573 30.55  81.634707  58.707427 25.748 -100.00 -100.00 -100.00
 201    51.851 56649.32358632 29.22  81.638559  58.709130 20.743 -100.00 -100.00 -100.00
 201    51.755 56649.32358691 30.05  81.642412  58.710832 23.249 -100.00 -100.00 -100.00
 201    51.656 56649.32358750 29.38  81.646266  58.712535 20.489 -100.00 -100.00 -100.00
 202    51.896 56659.23923711 26.55  81.636163  58.706882 15.572 -100.00 -100.00 -100.00
 202    51.754 56659.23923770 26.23  81.640016  58.708584 13.640 -100.00 -100.00 -100.00
 202    51.873 56659.23923829 28.84  81.643870  58.710287 20.952 -100.00 -100.00 -100.00
 202    51.999 56659.23923888 33.02  81.647723  58.711989 30.280 -100.00 -100.00 -100.00
 203    51.612 56669.15488431 26.48  81.634551  58.706896 18.077 -100.00 -100.00 -100.00
 203    51.619 56669.15488490 26.18  81.638404  58.708599 16.029 -100.00 -100.00 -100.00
 203    51.436 56669.15488549 30.56  81.642258  58.710301 32.534 -100.00 -100.00 -100.00
 203    51.736 56669.15488608 29.01  81.646112  58.712003 22.308 -100.00 -100.00 -100.00
 205    51.707 56688.98617283 21.51  81.633376  58.710500  8.344  243.67  237.28  222.48
 205    51.420 56688.98617342 22.97  81.637229  58.712202 10.983  243.67  237.28  222.48
 205    52.248 56688.98617401 21.38  81.641083  58.713905  8.554  243.67  237.28  222.48
 205    51.380 56688.98617460 21.77  81.644937  58.715607  7.908  243.67  237.28  222.48
 206    51.703 56698.90181333 21.55  81.633632  58.709643  8.070 -100.00 -100.00 -100.00
 206    51.431 56698.90181392 22.86  81.637485  58.711345 11.334 -100.00 -100.00 -100.00
 206    52.593 56698.90181452 20.58  81.641339  58.713048  7.353 -100.00 -100.00 -100.00
 206    52.410 56698.90181511 20.47  81.645192  58.714750  7.461 -100.00 -100.00 -100.00
 207    51.907 56708.81744911 18.69  81.635322  58.707227  5.753 -100.00 -100.00 -100.00
 207    53.290 56708.81744970 18.42  81.639175  58.708930  4.973 -100.00 -100.00 -100.00
 207    53.149 56708.81745029 19.07  81.643028  58.710632  5.462 -100.00 -100.00 -100.00
 207    53.135 56708.81745088 18.85  81.646881  58.712334  6.280 -100.00 -100.00 -100.00
 208    53.011 56718.73308811 17.46  81.637589  58.706481  5.627 -100.00 -100.00 -100.00
 208    53.376 56718.73308870 17.49  81.641442  58.708183  5.666 -100.00 -100.00 -100.00
 208    52.775 56718.73308929 18.55  81.645294  58.709886  7.423 -100.00 -100.00 -100.00
 208    53.657 56718.73308988 17.12  81.649147  58.711588  4.807 -100.00 -100.00 -100.00
 209    52.615 56728.64874066 17.88  81.635997  58.708346  7.043 -100.00 -100.00 -100.00
 209    51.122 56728.64874125 19.64  81.639849  58.710049  9.897 -100.00 -100.00 -100.00
 209    53.110 56728.64874184 17.75  81.643702  58.711751  7.408 -100.00 -100.00 -100.00
 209    53.257 56728.64874243 16.32  81.647556  58.713453  5.799 -100.00 -100.00 -100.00
 211    51.301 56748.48003415 36.82  81.630353  58.712496   -100 -100.00 -100.00 -100.00
 211    51.224 56748.48003474 38.20  81.634206  58.714198   -100 -100.00 -100.00 -100.00
 211    51.099 56748.48003533 41.08  81.638059  58.715900   -100 -100.00 -100.00 -100.00
 211    51.122 56748.48003592 37.73  81.641913  58.717603   -100 -100.00 -100.00 -100.00
 212    53.487 56758.39567442 27.29  81.630979  58.712190 13.586 -100.00 -100.00 -100.00
 212    53.368 56758.39567501 28.99  81.634832  58.713893 18.013 -100.00 -100.00 -100.00
 212    54.741 56758.39567560 27.33  81.638686  58.715596 13.337 -100.00 -100.00 -100.00
 212    54.938 56758.39567619 27.26  81.642540  58.717298 12.854 -100.00 -100.00 -100.00
 213    56.027 56768.31130828 37.61  81.632094  58.709318 32.212 -100.00 -100.00 -100.00
 213    55.717 56768.31130887 36.61  81.635947  58.711021 30.025 -100.00 -100.00 -100.00
 213    55.725 56768.31130947 33.65  81.639800  58.712724 16.762 -100.00 -100.00 -100.00
 213    56.113 56768.31131006 32.74  81.643653  58.714426 12.765 -100.00 -100.00 -100.00
 214    55.663 56778.22695525 42.62  81.634162  58.708870   -100 -100.00 -100.00 -100.00
 214    55.729 56778.22695584 40.10  81.638015  58.710572 29.059 -100.00 -100.00 -100.00
 214    55.790 56778.22695643 40.66  81.641868  58.712275 30.637 -100.00 -100.00 -100.00
 214    55.801 56778.22695702 40.51  81.645722  58.713977 27.490 -100.00 -100.00 -100.00
 215    55.282 56788.14261119 37.78  81.632828  58.709947   -100 -100.00 -100.00 -100.00
 215    55.289 56788.14261178 31.58  81.636681  58.711650 15.908 -100.00 -100.00 -100.00
 215    55.169 56788.14261238 30.99  81.640534  58.713352 14.880 -100.00 -100.00 -100.00
 215    55.641 56788.14261297 34.49  81.644388  58.715054 23.020 -100.00 -100.00 -100.00
 216    55.455 56798.05826331 36.09  81.628944  58.710920   -100  232.03  232.59  236.19
 216    55.446 56798.05826390 33.94  81.632797  58.712622 25.600  232.03  232.59  236.19
 216    55.416 56798.05826449 31.65  81.636650  58.714325 16.924  232.03  232.59  236.19
 216    55.464 56798.05826508 30.77  81.640504  58.716027 14.769  232.03  232.59  236.19
 216    55.613 56798.05826567 38.94  81.644358  58.717729   -100 -100.00 -100.00 -100.00
 217    55.342 56807.97391006 33.41  81.628162  58.712191 24.533  233.22  235.11  237.05
 217    55.272 56807.97391065 33.77  81.632015  58.713894 24.983  233.22  235.11  237.05
 217    55.238 56807.97391124 31.22  81.635869  58.715596 16.122 -100.00 -100.00 -100.00
 217    55.356 56807.97391183 31.50  81.639723  58.717298 16.897 -100.00 -100.00 -100.00
 217    55.193 56807.97391242 36.66  81.643577  58.719000   -100 -100.00 -100.00 -100.00
 219    55.917 56827.80518823 53.21  81.634700  58.709774   -100  242.47  243.33  243.07
 219    55.643 56827.80518882 55.60  81.638553  58.711476   -100  242.47  243.33  243.07
 219    55.744 56827.80518941 56.37  81.642406  58.713178 16.515  242.47  243.33  243.07
 219    55.847 56827.80519000 52.98  81.646259  58.714880   -100 -100.00 -100.00 -100.00
 220    55.259 56837.72082198 33.55  81.637016  58.706684 23.011 -100.00 -100.00 -100.00
 220    54.927 56837.72082257 28.93  81.640868  58.708386 11.393 -100.00 -100.00 -100.00
 220    54.867 56837.72082316 27.84  81.644721  58.710088  9.075 -100.00 -100.00 -100.00
 220    55.362 56837.72082375 27.68  81.648573  58.711790  8.186 -100.00 -100.00 -100.00
 221    54.944 56847.63645340 30.34  81.640030  58.706174 15.948  262.66  263.94  261.83
 221    54.756 56847.63645399 26.49  81.643881  58.707876 10.396  262.66  263.94  261.83
 221    55.136 56847.63645458 24.88  81.647734  58.709578  7.102  262.66  263.94  261.83
 221    55.367 56847.63645517 27.67  81.651587  58.711280 12.375  262.66  263.94  261.83
 222    54.759 56857.55210568 33.24  81.636076  58.707746 30.447  267.26  268.29  266.67
 222    54.464 56857.55210627 27.08  81.639929  58.709448 15.437 -100.00 -100.00 -100.00
 222    54.939 56857.55210686 23.41  81.643781  58.711151  7.638 -100.00 -100.00 -100.00
 222    55.336 56857.55210745 27.50  81.647634  58.712853 16.164 -100.00 -100.00 -100.00
 223    54.130 56867.46775939 31.77  81.633939  58.710242   -100 -100.00 -100.00 -100.00
 223    54.225 56867.46775998 24.38  81.637791  58.711944 12.752 -100.00 -100.00 -100.00
 223    55.082 56867.46776057 24.40  81.641644  58.713646 11.315 -100.00 -100.00 -100.00
 223    55.259 56867.46776116 31.45  81.645498  58.715348 30.215 -100.00 -100.00 -100.00
 224    53.375 56877.38341099 34.27  81.630914  58.709979   -100 -100.00 -100.00 -100.00
 224    53.343 56877.38341158 30.02  81.634766  58.711681 25.043 -100.00 -100.00 -100.00
 224    53.888 56877.38341217 25.66  81.638619  58.713383 15.183 -100.00 -100.00 -100.00
 224    55.068 56877.38341276 28.20  81.642473  58.715085 21.373 -100.00 -100.00 -100.00
 225    53.902 56887.29906004 25.99  81.633524  58.710409 17.823 -100.00 -100.00 -100.00
 225    53.990 56887.29906063 25.04  81.637376  58.712112 13.182 -100.00 -100.00 -100.00
 225    54.969 56887.29906122 24.18  81.641230  58.713814 11.048 -100.00 -100.00 -100.00
 225    55.297 56887.29906181 31.93  81.645084  58.715516 32.494 -100.00 -100.00 -100.00
 226    53.797 56897.21470600 27.35  81.634234  58.709625 14.181  261.49  260.03  260.43
 226    52.959 56897.21470659 27.18  81.638087  58.711327 19.934 -100.00 -100.00 -100.00
 226    50.502 56897.21470718 30.56  81.641941  58.713029 29.163 -100.00 -100.00 -100.00
 226    55.123 56897.21470777 33.21  81.645795  58.714731 32.647 -100.00 -100.00 -100.00
 227    53.872 56907.13034905 26.62  81.632563  58.709833 17.339 -100.00 -100.00 -100.00
 227    52.993 56907.13034964 28.41  81.636416  58.711535 25.359 -100.00 -100.00 -100.00
 227    50.348 56907.13035023 30.27  81.640269  58.713238 27.824 -100.00 -100.00 -100.00
 227    54.910 56907.13035082 32.38  81.644123  58.714940   -100 -100.00 -100.00 -100.00
 228    49.867 56917.04599004 45.34  81.630419  58.711416 18.454 -100.00 -100.00 -100.00
 228    49.719 56917.04599063 44.40  81.634272  58.713119 20.764 -100.00 -100.00 -100.00
 228    49.642 56917.04599122 40.95  81.638126  58.714821  5.660 -100.00 -100.00 -100.00
 228    49.866 56917.04599181 41.30  81.641980  58.716523   -100 -100.00 -100.00 -100.00
 229    50.298 56926.96162890 40.65  81.628184  58.712169   -100  251.13  248.92  249.63
 229    49.889 56926.96162949 45.25  81.632036  58.713871   -100  251.13  248.92  249.63
 229    50.041 56926.96163008 47.10  81.635889  58.715574   -100  251.13  248.92  249.63
 229    49.948 56926.96163067 48.47  81.639743  58.717276   -100 -100.00 -100.00 -100.00
 229    49.813 56926.96163126 52.26  81.643597  58.718978  0.937 -100.00 -100.00 -100.00
 230    50.024 56936.87726411 43.02  81.628613  58.711318   -100 -100.00 -100.00 -100.00
 230    50.071 56936.87726470 43.99  81.632466  58.713020   -100 -100.00 -100.00 -100.00
 230    49.986 56936.87726529 45.37  81.636318  58.714723   -100 -100.00 -100.00 -100.00
 230    50.024 56936.87726588 47.45  81.640172  58.716425   -100 -100.00 -100.00 -100.00
 230    49.557 56936.87726647 50.60  81.644025  58.718127 21.610 -100.00 -100.00 -100.00
 231    51.816 56946.79289397 35.56  81.631987  58.708522 31.639 -100.00 -100.00 -100.00
 231    51.343 56946.79289456 37.29  81.635838  58.710225   -100 -100.00 -100.00 -100.00
 231    51.429 56946.79289515 33.47  81.639691  58.711927 29.144 -100.00 -100.00 -100.00
 231    53.592 56946.79289574 29.37  81.643543  58.713630 14.448 -100.00 -100.00 -100.00
 231    54.571 56946.79289633 26.12  81.647396  58.715332  7.485 -100.00 -100.00 -100.00
 232    52.176 56956.70854861 41.34  81.635710  58.709131 27.257 -100.00 -100.00 -100.00
 232    52.233 56956.70854920 45.17  81.639562  58.710834   -100 -100.00 -100.00 -100.00
 232    51.967 56956.70854979 51.66  81.643415  58.712536   -100 -100.00 -100.00 -100.00
 232    51.585 56956.70855038 54.64  81.647268  58.714238   -100 -100.00 -100.00 -100.00
 233    53.277 56966.62419731 40.25  81.635272  58.709137 18.389  247.94  244.33  236.29
 233    52.453 56966.62419790 40.97  81.639124  58.710839   -100  247.94  244.33  236.29
 233    52.505 56966.62419849 48.59  81.642977  58.712541   -100  247.94  244.33  236.29
 233    52.151 56966.62419908 50.72  81.646830  58.714243   -100  247.94  244.33  236.29
 234    52.305 56976.53984152 34.76  81.631127  58.708927 26.500  246.41  241.84  233.96
 234    52.459 56976.53984211 37.38  81.634979  58.710629   -100  246.41  241.84  233.96
 234    52.285 56976.53984271 39.24  81.638832  58.712332   -100  246.41  241.84  233.96
 234    52.546 56976.53984330 37.64  81.642685  58.714034 31.978  246.41  241.84  233.96
 234    52.276 56976.53984389 39.84  81.646539  58.715736   -100 -100.00 -100.00 -100.00
 235    51.768 56986.45548179 27.41  81.630844  58.709830 14.278  243.78  239.46  231.23
 235    51.731 56986.45548238 27.23  81.634697  58.711533 13.151  243.78  239.46  231.23
 235    51.774 56986.45548297 26.34  81.638550  58.713235 10.552  243.78  239.46  231.23
 235    52.919 56986.45548356 25.79  81.642403  58.714937  9.988  243.78  239.46  231.23
 235    51.743 56986.45548415 27.10  81.646257  58.716639 12.420  243.78  239.46  231.23
 236    52.528 56996.37111649 19.98  81.634324  58.709270  5.460 -100.00 -100.00 -100.00
 236    52.307 56996.37111708 20.59  81.638177  58.710973  6.965 -100.00 -100.00 -100.00
 236    53.170 56996.37111767 20.33  81.642030  58.712675  6.819 -100.00 -100.00 -100.00
 236    54.029 56996.37111826 19.10  81.645883  58.714378  5.001 -100.00 -100.00 -100.00
 237    52.580 57006.28676081 18.92  81.636222  58.707281  5.789  252.62  248.62  239.14
 237    52.965 57006.28676141 18.29  81.640075  58.708983  4.611  252.62  248.62  239.14
 237    51.988 57006.28676200 19.79  81.643928  58.710686  6.582  252.62  248.62  239.14
 237    53.129 57006.28676259 19.14  81.647781  58.712388  5.774  252.62  248.62  239.14
 238    53.289 57016.20241551 19.06  81.638223  58.707104  6.326 -100.00 -100.00 -100.00
 238    51.993 57016.20241610 19.11  81.642076  58.708806  6.105 -100.00 -100.00 -100.00
 238    51.072 57016.20241669 20.56  81.645930  58.710509  7.567 -100.00 -100.00 -100.00
 238    51.517 57016.20241728 18.62  81.649783  58.712211  5.127 -100.00 -100.00 -100.00
 239    53.129 57026.11806608 17.31  81.637805  58.707816  3.687  242.53  236.48  222.88
 239    53.215 57026.11806667 17.90  81.641659  58.709519  4.777 -100.00 -100.00 -100.00
 239    53.046 57026.11806726 18.47  81.645512  58.711221  5.849 -100.00 -100.00 -100.00
 239    52.558 57026.11806785 17.83  81.649366  58.712923  4.605 -100.00 -100.00 -100.00
 240    53.502 57036.03371457 16.99  81.635640  58.709826  4.705 -100.00 -100.00 -100.00
 240    53.473 57036.03371516 16.52  81.639494  58.711528  4.700 -100.00 -100.00 -100.00
 240    53.727 57036.03371575 16.21  81.643348  58.713231  3.704 -100.00 -100.00 -100.00
 240    53.819 57036.03371634 16.16  81.647202  58.714933  3.570 -100.00 -100.00 -100.00
 241    53.410 57045.94936005 16.64  81.631874  58.710284  4.920  245.13  238.32  224.07
 241    52.995 57045.94936064 16.58  81.635727  58.711987  4.789  245.13  238.32  224.07
 241    53.217 57045.94936123 16.11  81.639580  58.713689  4.466 -100.00 -100.00 -100.00
 241    53.591 57045.94936182 16.39  81.643434  58.715392  4.883 -100.00 -100.00 -100.00
 242    53.451 57055.86500224 15.00  81.630671  58.709537  5.346  253.27  247.32  234.43
 242    53.412 57055.86500283 14.76  81.634524  58.711239  4.360  253.27  247.32  234.43
 242    53.297 57055.86500342 14.93  81.638377  58.712942  4.946  253.27  247.32  234.43
 242    53.248 57055.86500401 14.61  81.642230  58.714644  4.218 -100.00 -100.00 -100.00
 242    53.502 57055.86500461 15.21  81.646084  58.716347  4.725 -100.00 -100.00 -100.00
 243    53.408 57065.78064003 14.62  81.636408  58.709469  6.023 -100.00 -100.00 -100.00
 243    53.091 57065.78064062 14.80  81.640261  58.711171  5.217 -100.00 -100.00 -100.00
 243    53.166 57065.78064121 15.04  81.644114  58.712873  6.339 -100.00 -100.00 -100.00
 243    53.542 57065.78064180 13.74  81.647967  58.714575  4.217 -100.00 -100.00 -100.00
 244    53.771 57075.69627271 14.36  81.637617  58.707869  4.296  250.34  242.67  226.57
 244    53.600 57075.69627330 14.73  81.641469  58.709572  5.412  250.34  242.67  226.57
 244    53.836 57075.69627389 14.49  81.645322  58.711274  4.634  250.34  242.67  226.57
 244    54.140 57075.69627448 13.75  81.649176  58.712976  3.532  250.34  242.67  226.57
 245    51.525 57085.61190254 17.61  81.638958  58.707403  8.911 -100.00 -100.00 -100.00
 245    51.175 57085.61190313 18.73  81.642810  58.709105 10.067 -100.00 -100.00 -100.00
 245    50.308 57085.61190372 21.14  81.646663  58.710808 14.897 -100.00 -100.00 -100.00
 245    52.578 57085.61190431 15.85  81.650516  58.712510  6.589 -100.00 -100.00 -100.00
 246    51.925 57095.52755852 17.08  81.632419  58.708884  5.462  256.76  249.77  235.72
 246    53.013 57095.52755911 17.52  81.636271  58.710586  6.648  256.76  249.77  235.72
 246    51.526 57095.52755970 17.94  81.640124  58.712289  7.869  256.76  249.77  235.72
 246    52.877 57095.52756029 17.46  81.643977  58.713991  6.364 -100.00 -100.00 -100.00
 247    50.453 57105.44321524 23.15  81.630727  58.711892 16.064 -100.00 -100.00 -100.00
 247    52.595 57105.44321583 19.63  81.634580  58.713595  9.778 -100.00 -100.00 -100.00
 247    54.386 57105.44321642 16.26  81.638433  58.715297  4.669 -100.00 -100.00 -100.00
 247    55.050 57105.44321701 15.61  81.642286  58.717000  4.282 -100.00 -100.00 -100.00
 248    50.495 57115.35886740 27.14  81.631127  58.713005 23.151 -100.00 -100.00 -100.00
 248    54.534 57115.35886799 18.92  81.634980  58.714708  6.654 -100.00 -100.00 -100.00
 248    50.193 57115.35886858 22.84  81.638833  58.716410 12.300 -100.00 -100.00 -100.00
 248    54.963 57115.35886917 17.43  81.642687  58.718113  4.672 -100.00 -100.00 -100.00
 249    51.303 57125.27451309 33.14  81.632706  58.711937   -100 -100.00 -100.00 -100.00
 249    51.276 57125.27451368 32.65  81.636560  58.713640   -100 -100.00 -100.00 -100.00
 249    51.362 57125.27451427 32.93  81.640413  58.715342   -100 -100.00 -100.00 -100.00
 249    54.764 57125.27451486 29.29  81.644267  58.717045 24.139 -100.00 -100.00 -100.00
 250    53.620 57135.19015299 39.99  81.631866  58.709297   -100  256.89  257.31  258.24
 250    53.513 57135.19015358 36.28  81.635719  58.711000   -100 -100.00 -100.00 -100.00
 250    53.675 57135.19015417 36.99  81.639573  58.712702   -100 -100.00 -100.00 -100.00
 250    53.703 57135.19015476 37.64  81.643426  58.714405   -100 -100.00 -100.00 -100.00
