# NaN NaN NaN ;Mean Elev.(m), Avg Gradient(m/km), RMS Gradient(m/km) - SRTM1     
#  -12.458  -2.364   6.856 ;Mean Elev.(m), Avg Gradient(m/km), RMS Gradient(m/km) - ASTER GDEM
#    4.830  -0.778   4.488 ;Mean Elev.(m), Avg Gradient(m/km), RMS Gradient(m/km) - GMTED2010 
   2  65.858979  66.104778     6.203     6.172  4 54669.32227463 32.760
   3  65.855149  66.105506     6.329     6.574  4 54679.23791843 28.066
   4  65.854831  66.106817     4.360     4.365  4 54689.15356139 51.405
   5  65.852012  66.107374     3.598     3.373  3 54699.06920201 50.023
   6  65.856419  66.106479     6.275     6.278  4 54708.98484621 32.734
   7  65.856282  66.104651     5.962     6.206  4 54718.90049769 29.804
   8  65.860942  66.102932     5.783     5.936  4 54728.81614701 29.171
   9  65.861121  66.102505     5.876     6.152  3 54738.73179438 25.940
  10  65.857699  66.103223     6.024     6.038  4 54748.64744135 31.470
  11  65.858140  66.104221     5.961     6.027  3 54758.56308840 26.751
  12  65.859814  66.104344     5.799     5.793  4 54768.47873331 29.055
  13  65.858314  66.103158     2.668     2.676  4 54778.39437455 33.232
  14  65.860539  66.101860     2.518     2.503  3 54788.31001368 34.744
  15  65.862033  66.101655     3.140     3.192  4 54798.22565173 29.669
  17  65.856303  66.104308     4.913     5.067  4 54818.05692647 14.042
  18  65.856476  66.105261     2.663     2.589  4 54827.97257720 24.161
  19  65.855471  66.105318     2.433     2.450  4 54837.88821606 27.566
  20  65.853723  66.105561     3.020     2.383  4 54847.80386520 20.591
  21  65.854993  66.106229     3.801     3.735  4 54857.71951407 18.413
  22  65.851663  66.107000     5.061     5.094  4 54867.63516261 11.964
  23  65.852130  66.106871     5.266     5.287  3 54877.55081079 12.100
  24  65.856998  66.105748     5.413     5.398  4 54887.46645632 11.943
  25  65.857305  66.103925     5.606     5.570  4 54897.38209806 13.129
  26  65.859435  66.102930     5.460     5.435  4 54907.29773735 11.449
  27  65.859394  66.103088     5.824     5.833  3 54917.21337524 12.382
  28  65.857861  66.103706     5.412     5.377  4 54927.12901286 11.638
  29  65.858692  66.103865     5.381     5.217  3 54937.04465005 11.233
  30  65.858872  66.103315     6.562     6.564  3 54946.96028536  8.255
  31  65.858838  66.102250     5.712     5.842  4 54956.87591910 10.935
  32  65.860633  66.101897     4.353     4.362  3 54966.79156784 24.134
  33  65.860755  66.102455     6.391     6.394  4 54976.70721548 38.269
  34  65.858773  66.103558     6.643     6.634  4 54986.62286296 36.068
  35  65.858959  66.104481     6.626     6.618  4 54996.53851074 34.105
  36  65.857959  66.104970     6.562     6.568  4 55006.45415675 32.966
  37  65.856026  66.105273     6.455     6.443  4 55016.36980049 32.562
  38  65.856590  66.105817     6.440     6.504  4 55026.28544304 31.415
  39  65.855182  66.106733     6.381     6.348  4 55036.20108495 30.512
  40  65.852189  66.106940     6.204     6.188  3 55046.11672583 29.387
  41  65.857809  66.106079     6.131     6.157  4 55056.03236567 31.406
  42  65.858531  66.104029     6.024     6.170  3 55065.94800272 29.117
  43  65.859641  66.102652     5.679     6.065  3 55075.86365180 28.898
  44  65.858231  66.102480     5.438     5.438  4 55085.77929949 29.827
  45  65.858304  66.103364     3.394     2.344  3 55095.69494571 36.355
  46  65.856092  66.103922     5.506     5.511  4 55105.61059147 31.158
  47  65.857130  66.103645     4.648     5.201  4 55115.52623723 37.469
  48  65.860790  66.102653     5.618     5.791  4 55125.44188084 31.610
  49  65.859919  66.101825     4.512     5.545  3 55135.35752144 30.176
  50  65.860771  66.101862     2.080     2.047  4 55145.27316007 40.996
  51  65.861359  66.102995     1.654     1.663  4 55155.18879799 32.463
  52  65.858578  66.103994     1.870     1.886  3 55165.10443585 26.562
  53  65.855622  66.104669     1.906     1.898  4 55175.02007347 20.747
  54  65.857454  66.104630     2.023     1.977  4 55184.93571389 15.874
  55  65.854494  66.104825     1.954     1.935  4 55194.85136474 15.319
  56  65.859223  66.105846     3.074     2.460  4 55204.76701503 14.833
  57  65.853967  66.106971     2.580     2.256  4 55214.68266375 14.457
  58  65.853177  66.107212     3.287     2.404  3 55224.59831237 12.364
  59  65.856361  66.105812     2.756     2.217  3 55234.51395949 12.832
  60  65.858140  66.103364     2.778     1.826  3 55244.42960321 12.530
  61  65.859523  66.101676     4.788     4.838  3 55254.34524393 12.412
  62  65.859238  66.102044     4.806     4.832  4 55264.26088269 12.674
  63  65.860216  66.103859     5.271     5.315  4 55274.17652066 13.694
  64  65.854703  66.104649     5.001     5.145  4 55284.09215748 13.224
  65  65.856141  66.103672     4.652     4.832  4 55294.00779341 13.036
  66  65.859101  66.101774     5.109     5.094  3 55303.92343106 13.825
  67  65.862263  66.100817     1.899     1.906  4 55313.83907879 21.399
  68  65.861283  66.101748     3.489     3.526  3 55323.75472415 29.693
  69  65.857924  66.103644     6.103     6.092  4 55333.67036802 43.672
  70  65.857170  66.105096     6.421     6.407  4 55343.58601197 54.201
  71  65.860186  66.105199     6.481     6.578  4 55353.50165576 32.248
  72  65.856767  66.104660     6.392     6.368  4 55363.41729684 32.378
  73  65.855116  66.104631     6.272     6.326  4 55373.33293627 31.902
  74  65.856279  66.105620     6.424     6.484  4 55383.24857467 28.279
  75  65.855277  66.106645     6.160     6.203  4 55393.16421209 27.121
  76  65.853103  66.106683     6.268     6.213  4 55403.07984807 28.172
  77  65.855710  66.105133     5.481     5.338  4 55412.99550023 40.500
  78  65.860786  66.102770     5.760     5.999  3 55422.91114976 26.444
  79  65.862585  66.101113     4.714     4.460  4 55432.82679635 44.019
  80  65.862217  66.101787     3.391     3.472  4 55442.74244093 48.123
  81  65.858522  66.103479     5.573     5.866  3 55452.65808376 29.239
  82  65.856427  66.104800     4.496     4.738  4 55462.57372593 34.116
  83  65.856369  66.103951     5.564     5.695  4 55472.48936640 28.837
  84  65.861830  66.102082     3.433     2.813  3 55482.40500453 35.199
  85  65.863027  66.100563     2.455     2.321  3 55492.32064006 46.391
  86  65.859869  66.101244     2.114     2.154  4 55502.23627356 45.035
  87  65.860023  66.103588     2.704     2.701  4 55512.15191895 39.108
  88  65.853889  66.105439     3.745     3.653  4 55522.06756799 25.810
  89  65.859034  66.106014     1.260     1.233  4 55531.98321672 25.688
  90  65.854306  66.105071     1.437     1.433  4 55541.89886289 22.321
  91  65.860446  66.104673     1.537     1.458  4 55551.81450798 22.517
  92  65.859808  66.105353     1.667     1.613  4 55561.73015107 20.356
  93  65.855704  66.106490     1.744     1.736  4 55571.64579312 17.891
  94  65.855244  66.106641     4.094     3.983  4 55581.56143434 18.461
  95  65.856482  66.104858     2.410     2.049  4 55591.47707253 18.509
  96  65.860899  66.102249     2.048     1.677  4 55601.39270776 18.488
  97  65.862247  66.100646     4.650     4.884  3 55611.30834055 17.694
  98  65.860259  66.101303     3.915     4.576  4 55621.22397280 11.879
  99  65.860703  66.103561     2.924     2.865  4 55631.13962574 12.331
 100  65.860363  66.104797     4.328     4.248  4 55641.05527651 12.055
 101  65.857903  66.103931     2.506     1.849  3 55650.97092439 11.067
 102  65.859732  66.101803     6.788     6.777  3 55660.88656893 13.267
 103  65.862340  66.100786     3.028     3.488  3 55670.80221023 34.234
 104  65.859690  66.101708     4.229     3.991  4 55680.71784937 32.035
 105  65.855741  66.103950     5.755     5.591  4 55690.63348659 43.619
 106  65.855075  66.105693     6.610     6.603  4 55700.54912251 49.593
 107  65.855180  66.105972     6.425     6.483  4 55710.46476243 34.939
 108  65.859617  66.105385     5.904     6.145  4 55720.38041291 33.004
 109  65.855147  66.104928     6.210     6.308  4 55730.29606038 31.531
 110  65.857509  66.105269     5.597     5.606  4 55740.21170718 47.160
 111  65.856167  66.105787     5.403     5.456  4 55750.12735240 31.936
 112  65.858270  66.105674     6.095     6.096  4 55760.04299555 28.894
 113  65.856035  66.104420     3.335     3.324  4 55769.95863544 47.580
 114  65.858385  66.102460     5.547     5.460  4 55779.87427240 29.508
 115  65.859698  66.101184     5.560     5.770  3 55789.78990672 27.415
 116  65.859534  66.101497     5.551     5.736  3 55799.70553974 29.383
 117  65.857925  66.102990     4.402     4.836  4 55809.62118681 31.006
 118  65.857774  66.104262     5.102     4.681  3 55819.53683573 31.225
 119  65.855984  66.103875     2.705     2.636  4 55829.45248003 49.331
 120  65.860678  66.102393     5.516     5.849  3 55839.36812043 28.089
 121  65.862203  66.101224     3.952     3.859  3 55849.28375749 34.719
 122  65.861166  66.101986     5.550     5.706  4 55859.19939232 29.719
 123  65.857523  66.104117     2.018     2.002  4 55869.11504089 42.897
 133  65.861188  66.101908     3.719     4.019  3 55968.27148394 17.223
 134  65.860354  66.102671     3.092     3.080  4 55978.18712055 16.691
 135  65.858512  66.103428     3.167     3.102  3 55988.10275641 17.747
 136  65.859790  66.103623     3.473     3.904  4 55998.01839674 16.647
 137  65.858695  66.103063     4.734     4.638  3 56007.93404781 17.664
 138  65.859779  66.102337     4.894     4.816  3 56017.84969489 17.734
 139  65.859916  66.102484     5.532     5.546  4 56027.76533899 14.041
 141  65.856416  66.104812     3.777     3.867  4 56047.59662161 16.240
 142  65.855654  66.105762     4.825     4.847  4 56057.51225926 38.051
 143  65.854520  66.105823     6.359     6.400  4 56067.42789252 34.453
 144  65.854621  66.105671     6.264     6.312  4 56077.34354196 34.670
 145  65.856149  66.105726     6.295     6.289  4 56087.25919093 30.525
 146  65.858820  66.105855     6.392     6.472  4 56097.17483754 30.793
 147  65.857674  66.105341     6.251     6.256  4 56107.09048162 30.162
 148  65.860297  66.104155     6.094     5.985  4 56117.00611164 27.675
 149  65.859656  66.102822     5.224     5.059  3 56126.92174923 26.375
 150  65.861401  66.102008     5.814     5.979  4 56136.83738323 26.583
 151  65.861919  66.102438     4.259     5.435  4 56146.75302772 29.130
 152  65.859448  66.103327     5.456     5.444  4 56156.66867693 29.460
 153  65.858572  66.103934     1.848     1.886  3 56166.58432535 48.505
 154  65.859604  66.103629     5.337     5.326  4 56176.49997153 30.503
 155  65.861021  66.102906     5.221     5.321  4 56186.41561284 30.415
 156  65.860311  66.102358     5.604     5.713  4 56196.33125022 29.710
 157  65.857831  66.102954     5.667     5.642  4 56206.24688446 29.060
 158  65.860311  66.104501     2.017     1.964  4 56216.16251766 50.272
 159  65.859145  66.105850     5.765     5.836  4 56226.07815783 31.577
 160  65.853176  66.105981     1.728     1.752  4 56235.99381246 42.375
 161  65.857294  66.105625     1.200     1.163  4 56245.90946413 37.598
 162  65.859192  66.105353     1.341     1.344  4 56255.82511050 31.654
 163  65.856357  66.105750     1.489     1.456  4 56265.74075261 28.519
 164  65.854965  66.106186     1.382     1.361  4 56275.65639317 27.817
 165  65.856103  66.105640     2.562     1.747  4 56285.57203929 18.522
 166  65.857888  66.103860     1.430     1.442  4 56295.48768984 21.799
 167  65.861801  66.101992     1.451     1.484  3 56305.40333645 18.371
 168  65.862558  66.101624     1.407     1.410  3 56315.31897931 19.006
 169  65.858415  66.102941     1.267     1.247  4 56325.23461985 19.266
 170  65.855044  66.104444     1.207     1.219  4 56335.15025961 18.723
 171  65.859140  66.104665     2.649     2.426  4 56345.06589904 14.525
 172  65.859740  66.103426     2.401     2.356  4 56354.98153580 14.431
 173  65.859892  66.102178     3.022     4.005  3 56364.89718102 14.568
 174  65.861575  66.102376     4.206     4.202  4 56374.81283003 13.430
 176  65.856495  66.105952     4.264     4.098  4 56394.64411937 13.180
 177  65.852403  66.106665     6.493     6.537  4 56404.55976091  2.419
 178  65.854934  66.106406     3.194     1.923  3 56414.47539998 28.379
 179  65.858619  66.105325     3.911     3.870  4 56424.39103427 34.892
 180  65.859948  66.105018     6.323     6.322  4 56434.30668044 33.970
 181  65.857758  66.105456     6.228     6.314  4 56444.22233239 33.246
 182  65.857477  66.106365     6.283     6.305  4 56454.13798200 33.137
 183  65.856389  66.105870     6.225     6.322  3 56464.05362870 28.412
 184  65.858142  66.104051     5.876     5.867  3 56473.96927218 28.082
 185  65.860192  66.101883     5.624     5.628  4 56483.88491228 46.026
 187  65.859812  66.102707     5.565     5.503  4 56503.71618341 28.953
 188  65.855313  66.104554     5.467     5.292  4 56513.63181590 41.448
 189  65.858312  66.105231     3.964     3.326  4 56523.54746624 34.387
 190  65.856001  66.103957     5.449     5.390  4 56533.46311787 27.617
 192  65.859009  66.102336     4.185     4.996  3 56553.29441096 29.125
 193  65.860746  66.104324     5.623     5.632  4 56563.21005388 27.804
 194  65.855393  66.106598     5.421     5.440  3 56573.12569490 28.719
 195  65.852326  66.107630     4.793     4.778  4 56583.04133390 25.620
 196  65.854701  66.106699     2.853     2.924  3 56592.95696886 44.624
 197  65.857872  66.105221     2.484     2.451  4 56602.87262083 34.359
 198  65.855973  66.104396     2.709     2.721  4 56612.78826977 35.512
 199  65.854538  66.105110     2.685     2.658  4 56622.70391453 31.209
 200  65.858030  66.106047     2.465     2.337  4 56632.61955685 34.116
 201  65.853322  66.105683     1.985     2.007  4 56642.53519397 25.492
 202  65.859164  66.103948     2.266     2.254  4 56652.45084447 29.162
 203  65.861300  66.101980     2.150     2.166  4 56662.36649422 23.254
 204  65.862520  66.101414     4.026     4.055  4 56672.28214100 17.564
 205  65.860831  66.103122     1.949     1.917  4 56682.19778591 24.487
 206  65.857299  66.104918     3.215     2.959  4 56692.11342860 17.597
 207  65.858000  66.105605     3.776     4.083  4 56702.02906771 17.116
 208  65.858165  66.104231     4.585     4.621  4 56711.94470175 15.034
 209  65.857455  66.102893     4.729     4.749  4 56721.86034727 15.874
 210  65.859709  66.102933     5.574     5.628  3 56731.77599892 15.754
 211  65.857457  66.104884     6.416     6.426  4 56741.69164653 14.455
 212  65.851652  66.107010     6.474     6.444  4 56751.60728951 13.804
 213  65.852580  66.107919     6.674     6.684  3 56761.52292796  5.209
 214  65.852252  66.106892     1.984     1.999  4 56771.43855953 15.211
 215  65.858957  66.105497     2.449     2.430  4 56781.35421546 25.188
 216  65.860381  66.104650     4.917     4.916  4 56791.26987025 41.811
 217  65.857670  66.104944     6.529     6.538  4 56801.18552166 33.681
 218  65.859222  66.105838     6.451     6.442  4 56811.10116637 34.805
 219  65.853892  66.105649     6.585     6.594  4 56821.01680589 54.321
 220  65.855889  66.104182     6.450     6.372  4 56830.93244198 38.427
 221  65.861392  66.102344     6.289     6.308  3 56840.84807509 29.718
 222  65.859755  66.101667     6.281     6.285  4 56850.76371099 32.110
 223  65.860753  66.103024     6.125     6.204  4 56860.67936554 32.933
 224  65.856376  66.104852     6.282     6.277  4 56870.59501888 31.190
 225  65.855970  66.105621     6.260     6.268  4 56880.51066983 28.777
 226  65.858531  66.104979     5.969     6.176  4 56890.42631738 28.798
 227  65.858390  66.103757     5.693     5.731  4 56900.34196182 29.565
 228  65.860238  66.104046     5.799     5.900  4 56910.25760437 30.221
 229  65.856342  66.105454     5.682     5.668  4 56920.17324475 28.339
 230  65.853754  66.107190     3.055     2.911  3 56930.08888314 49.284
 231  65.854010  66.107650     6.196     6.130  3 56940.00451695 27.629
 232  65.852783  66.106712     5.460     5.590  4 56949.92015444 28.601
 233  65.857432  66.105407     4.018     4.075  4 56959.83580699 28.826
 234  65.858379  66.104653     5.193     5.098  4 56969.75145415 21.644
 235  65.859989  66.104765     4.732     4.791  4 56979.66709747 20.173
 236  65.858085  66.105047     4.767     4.966  4 56989.58273604 17.081
 237  65.858590  66.104684     4.659     4.656  4 56999.49836855 16.399
 238  65.858547  66.103821     4.508     4.590  3 57009.41402126 17.289
 239  65.860608  66.102767     4.874     4.757  4 57019.32967391 16.508
 240  65.858877  66.102562     4.701     4.793  4 57029.24532317 14.695
 241  65.858231  66.103452     4.786     4.809  4 57039.16097086 13.828
 242  65.859684  66.104704     4.677     4.665  4 57049.07661642 13.668
 243  65.859817  66.105214     4.909     4.919  4 57058.99225790 12.374
 244  65.858491  66.104782     5.010     5.107  4 57068.90789355 12.954
 245  65.857490  66.104344     4.958     4.964  3 57078.82352493 12.368
 246  65.855563  66.104702     4.790     4.753  4 57088.73916060 12.424
 247  65.856802  66.106145     6.523     6.503  4 57098.65481906 11.440
 248  65.851405  66.107231     6.389     6.385  4 57108.57047396 11.671
 249  65.852731  66.107229     6.421     6.412  4 57118.48612425 11.033
 250  65.853385  66.106218     6.356     6.381  4 57128.40176839 11.230
